1000 0.764076096967272520507630240160779067082330584526062 0.4085283906539504001351800072106001948668563272804022 0.447820502646476271285409104239150224202603567391634 1.118652703361390923905357985823627586796646937727928 0.5178069201558999258973130241923144012616830877959728 0.3784261322283682491972485462117248289359849877655506 
2000 0.6007310373325637060611982553925969341435120441019535 0.3775992679496171231304495891079042735327675472944975 0.2895466036548442079353281319864521492490894161164761 0.6627197119343287457253130479095659666199935600161552 0.3592071175367603573340413714021224222960881888866425 0.2843860514079658208719172257650242841009458061307669 
3000 0.6004905028173834896101056235462323229512549005448818 0.2928135543078496133182712229947597393220348749309778 0.2266621828121235097567654284689275812070263782516122 0.5124822116981565120409809754864483011260745115578175 0.316608750434419317646350319761516800554090877994895 0.2274682495057299039768880163925324211504630511626601 
4000 0.5346516113954235626770476741409510168523411266505718 0.2374165872075135037507550433977243642402754630893469 0.1960671164492468354379481679239383140611607814207673 0.462475308063631133096349143385417335139209171757102 0.2630740763764542987910612092949946827502571977674961 0.19939983811587250379666197419581408212252426892519 
5000 0.4575227437766036537182112037269732240929442923516035 0.2234964498015823843279610907974763733818690525367856 0.1715314254406554686814079593859538874767167726531625 0.4104237119244864751997289853413519722380442544817924 0.2468470514240768233976469278601051371424546232447028 0.1784026286818626401626305261194360696208605077117682 
6000 0.4329906636095369812649181345820537103463720995932817 0.1979675161517364925849388548884100202940317103639245 0.171723443059420004019920494298112600972672225907445 0.39464851519498913358678301999127313592907739803195 0.2368621193567102683081313299617853829204250359907746 0.1578667102814389978693342467264137951588054420426488 
7000 0.3798557629961294915407147426700262826670950744301081 0.1739818814164796543489301811069580594448780175298452 0.1598338214952273072562297442922307766366429859772325 0.3529346452625007057586452308139968181421863846480846 0.2144947067362081510953197155400218321119609754532576 0.1435987790044541813572415503430512728755275020375848 
8000 0.3760064975079740664523023779830523949385678861290216 0.1840981032258792549576422239998585439479938941076398 0.1505048395859584783407301294966273985664884094148874 0.3404171142987367415424365679754714619775768369436264 0.202209281416853982248581743375037689247619709931314 0.144861908912710432681576755431507308458094485104084 
9000 0.3404384139418437116590600982624081893845868762582541 0.1728365813104699916832440037550711053881968837231398 0.1389040266186284471277949392753470192474196664988995 0.3161954011824917613806152499877910599934693891555071 0.1871692450414676545458747547456823667744174599647522 0.1357450587835998704147079385595731082503334619104862 
10000 0.3098259342182981888164615413838731683426885865628719 0.1636412554098996542347507071601953043682442512363195 0.1367097774563830394630543560441360284585243789479136 0.2972377727532467070351105548065007155855710152536631 0.1812005384383574662894925144662749971757875755429268 0.1314967686713613329420671793634767254843609407544136 
11000 0.2921108831039796606518672839047923162070219404995441 0.1532089624380636230782919832149602257231890689581633 0.1315978678809449997313312311075783611613587709143758 0.3144370817046301359799949370898985989697393961250782 0.1724009488297543939643681129569863230699411360546947 0.1194999834330210561770461812070021068166170152835548 
12000 0.298324423854456734971031181546941013493778882548213 0.1503313935715372290515641148789249825767910806462169 0.1293990167751968518237678032467563582486036466434598 0.3129222436386178366612975665361773280892521142959595 0.1628005525774958965075757746920892543585068779066205 0.1103894405031552549393712367442610400303237838670611 
13000 0.2917989429646712220352451627736201089646783657371998 0.1429703741971706404422816361066139734248281456530094 0.1240494996045715494605910823866512515678550698794425 0.2915459728047199359471548796296502814584528096020222 0.1530237465425788378830477404202170532698801252990961 0.109194446853734719658605978320764506861451081931591 
14000 0.2752451623329303071298964494806327252263145055621862 0.1346862186321470995650989924130591646189714083448052 0.1163935494297538571394014413062922841390900430269539 0.2714117282699478963820666210793319805816281586885452 0.1475275188306063846131873859568450768620095914229751 0.1042922125079704089172546836727928365462503279559314 
15000 0.2719910148941252815170659812293862955812073778361082 0.1309498555009452417372591698230266388236486818641424 0.1121388828882025538404747580512044180522934766486287 0.2702137381840743700605732974251438349710952024906874 0.1418061343053965295556194739501343349274975480511785 0.09691528418700010856734429129377694778213481185957789 
16000 0.2662081232771519210492799922818107916100416332483292 0.1294701014041769434795682916505832338316395180299878 0.1102224034531737220294115263408141203171908273361623 0.2658846178139532748078456558804560927455895580351353 0.141449676127067804117377718131631780806856113485992 0.09423466721283706761793860784415244324918603524565697 
17000 0.2503311300473963040946322883284480553811590652912855 0.1270038764722938614252665742720971309154265327379107 0.107347469671071881157353982566560191003190993797034 0.2745438822057539442840403548506955644370464142411947 0.1350465019865679525888592024673862113104405580088496 0.09200495168671825240379845423088767120134434662759304 
18000 0.2377799163637456599949739771693302259336633142083883 0.1241855295203719517714265399566109238094213651493192 0.1028934930696052807956456312532544927762501174584031 0.259264640294662777859164767835231657500116853043437 0.1305283741393014800485439588784153386313846567645669 0.09351907397729919766408328632434354688029998214915395 
19000 0.2209381356093562553700180087212778801131207728758454 0.1175159493634033254023029888002405130009719869121909 0.09911591167037813040422561394748868224269244819879532 0.2571390399709663887443424068468544874122017063200474 0.1250593395404731697273309140583386067646642914041877 0.09182541034562932584977895320021978875502099981531501 
20000 0.2136578782354331251108758848999968904536217451095581 0.1150140218363746054392035209068545498212188249453902 0.09657462202248213463786144505895947531826095655560493 0.2488401707223398025151453460956929575331741943955421 0.1214067787045679554502062083565228078896325314417481 0.09340814584287235232488424627184109283462021267041564 
21000 0.219536612332925551408662791230685940035982639528811 0.1173608729124065376585783412877184161970944842323661 0.09901685204658551084778810025266437833124655298888683 0.2431959846526547763085560754925396054204611573368311 0.11588107623091495919224244021128455983671301510185 0.1005457194331428052045339892328623676576171419583261 
22000 0.2147665357048893869194991154691898316286824410781264 0.1133241144653240630490510267025516810690533020533621 0.09538233152270284959898128535060735089246009010821581 0.2375679199089589134762665403877157643819373333826661 0.1112307923476581548571234803191032369795721024274826 0.100796905401295534890338239514262497209529101382941 
23000 0.2097686618584940394669153054807431146855378756299615 0.1116308077809994471547741339001458271695810253731906 0.09157708950076475704738616576139342839724122313782573 0.226971133373067172534398756866824697908668895252049 0.1083990114101744083244921977582375660631441860459745 0.09723616606771487372187865588779587255885417107492685 
24000 0.2077810072001629071073531759838992627464904217049479 0.1087844668848673351178304655184625460151437437161803 0.09138184683956746382930752189976963961726141860708594 0.2143974475816555625286123631934032118806499056518078 0.1065345256886809820198670946400643089191362378187478 0.09419420035541001365065076275651101411767740501090884 
25000 0.2089069130805142376130232109709972121436294401064515 0.1079084034743444189423161247431970366505993297323585 0.08937762314278599980931156246399815756831230828538537 0.2051460452919831589782074035555048396872734883800149 0.1027304988946423074547970033520982724439818412065506 0.09535730690421544519081407942362460516960709355771542 
26000 0.2090371302103577988532349604677840204658423317596316 0.1078991010580250859104728573811815550698156584985554 0.08811277152222172399795773953257160826524341246113181 0.201346419386366337579349905517744900862453505396843 0.1001511438661854891868157810264072793415834894403815 0.09231273935933238786633210637422308764143963344395161 
27000 0.2057848070043814959470323752710463338644331088289618 0.1027040015147981975870777014703261187378302565775812 0.08703985802090420830141349883835033551804372109472752 0.1953924827459431765253267468396281003606418380513787 0.09887390598186480840083240409499332201903598615899682 0.09283039531737542751827808873432701375350006856024265 
28000 0.1995256761647267215026551462342396803251176606863737 0.09895499518864466843615134220013551669126172782853246 0.08598249184463505093666251671846723070302687119692564 0.1904456427372474243214176686800342963579169008880854 0.09833013296454887595428448129886156436896271770820022 0.08967967744200327634011881208775385232456756057217717 
29000 0.2072317732349208008614093595722849272533494513481855 0.0976995282737663937113218801111536038206395460292697 0.08340234123097321374250842987430054620290320599451661 0.1868930950256051886601863995518435501708154333755374 0.09435191356508534919528188161796933286495914217084646 0.08842986051678695088234605573007662826512387255206704 
30000 0.2087521413200073811357922876075221552127914037555456 0.09651808110913994383553947409293272130526020191609859 0.08051563363041064387971672278165868874566513113677502 0.1842155772447613501930762519576134650378662627190351 0.08954428297679076242422679943189223195076920092105865 0.08775738180661285680228718419915168169609387405216694 
31000 0.2016945868977846182578316999722822799867572030052543 0.09830034743568036069503567747629446671453479211777449 0.07990134044153561502030072918878467191916570300236344 0.1830278074853499243549587172097403708903584629297256 0.08754785745813817837956407816313308956068794941529632 0.08845346014154371078755606863652793947494501480832696 
32000 0.1966745112525749266118050770368874680116277886554599 0.0961576789141055741696735396917272709060853230766952 0.07750961371610083096815591030548375783837400376796722 0.193811227050307680543788681204464552365607232786715 0.08775857134835560367466279763082326326184556819498539 0.0852609920174151159378574636737990743995396769605577 
33000 0.1959816980727330357659084214549949365391512401401997 0.09439207902884931399988422545677124730900686699897051 0.07525119064979619630344469943805663092462054919451475 0.1896282420106228686166325095308060610932443523779511 0.08975362079354515628992804490704493503017147304490209 0.08509637850260023300333735510325716688839747803285718 
34000 0.1887002757545869072782623865336404378467705100774765 0.09051793266069746459715102127052688274488900788128376 0.07475021436647005189493663326882888497948442818596959 0.1861736860603404289420592307435775580870540579780936 0.08746581602491855260205844482812587159514805534854531 0.08388205163941275284292600766811176526971394196152687 
35000 0.1835567449410851068242796907403757700194546487182379 0.08773370550181034508590606491029717517449171282351017 0.07425291992573572407793308994272685197302052984014153 0.1872629751392770213787178704145652829993196064606309 0.08740724704078203214399319168070867647202248917892575 0.08281251789588263704302044040939101421372470213100314 
36000 0.1806924481415345640179185432439012970462499652057886 0.08647983827384162165073351949406976757472875760868192 0.07301957263666240365425309441493872952833044109866023 0.1842106249477146612947417100847324888945877319201827 0.086754345743201238178087062596910428169394435826689 0.08208498891322452916633357206110943593557749409228563 
37000 0.176787146692671676492672819258622496363386744633317 0.08635120186870975714628568056796531493546353885903955 0.0746351120560192247025224111800500992330853478051722 0.1847055409972397020635596215365481498338340315967798 0.08615395214118938784544346129457004224150296067818999 0.08187483282270848500435621308835010268012410961091518 
38000 0.1735533763226490686142023875393469722894224105402827 0.08571226211791931992416138097468092382769100368022919 0.07408093018527206448316279122079386354471353115513921 0.2143013564886439709778311393795213746216177241876721 0.08559346336880863812332379328418063835215434664860368 0.08252201918147231983388092610431918672020401572808623 
39000 0.1740707705628911269846691156626405927454470656812191 0.084083802281167260740527610168859595773938053753227 0.07296022214124706558186763891149517746725905453786254 0.2077843429326864652025583582450884989611950004473329 0.08564402393901333350429523269542464447567908791825175 0.08257141878748239124220049608982030520110129145905375 
40000 0.1730905637850551401885849239770109875280468259006739 0.08271090954159005593685589571850691470444871811196208 0.07290238772062791560270647583941183711431222036480904 0.2031869643260353689280745329015509526016103336587548 0.086104772465938390633489497860697525766227045096457 0.08295092290310602672908941307428065670137584675103426 
41000 0.1709851269347543577817533436147279246597463497892022 0.07954010724151803228061012943084229220858105691149831 0.07488328800779855553578336427311690215447015361860394 0.2014699984872539732989361882520285007558413781225681 0.08416065264161768758900943748768597174603200983256102 0.08265893956377864453747682932371887432054791133850813 
42000 0.1678223278289487254674771168905245133373682620003819 0.07815303975522739444368970282428499274374189553782344 0.07401781131369034232925837452077288958207645919173956 0.1967849189901727954371503034880497295944223878905177 0.08382852119054590882203962728946855520462122512981296 0.08223596319303864080735560343482504208623140584677458 
43000 0.1633699926609281505968628012137600080677657388150692 0.07637608229748297130598305368365252832063561072573066 0.07168226597843955234920423208455630970092897769063711 0.1928081476128584911404776833232510568905127001926303 0.08265257166710582459068787711253811778533417964354157 0.08062358520686537211404803018877096576488838763907552 
44000 0.1578769398425825433039584172467684197727066930383444 0.07632184899027303454191765649805567761632119072601199 0.07021327915193381605566368131032817245795740745961666 0.1922121975952442854212402073565968407820037100464106 0.08233900247677469340541744902139953410369344055652618 0.07890627930742725593945890646963015058190649142488837 
45000 0.1599761787601267321539235191640848654515139060094953 0.07758787778281222560425312018139720748877152800559998 0.0698192310945713916285311831377846658597263740375638 0.1932918373563885802517668677236173380151740275323391 0.08378201993477245703226263806584483972983434796333313 0.07803802138874919365501463611178856183414609404280782 
46000 0.1602303453213740331537466229927524352660839213058352 0.07870401214512164131257340032865599255273991730064154 0.070736152697737995760055192129289736158170853741467 0.190737061563225334908495099683900519949020235799253 0.08459396828141468458790329029706178687320061726495624 0.07582567192228376852720147377473480787557491566985846 
47000 0.1581465915254248067063885113681109828576154541224241 0.07829822815639587443669157942882641521009645657613873 0.07078838334162923107281076978702927249287313316017389 0.1868591139802286751067997294661893192824209108948708 0.08323745296383282413568444751961195038347796071320772 0.07541473790392024838442376621916451995275565423071384 
48000 0.1541059502007589336006632835252005975235078949481249 0.07724586341436977771177530699420188398107711691409349 0.07098863102478400560578627662144945986710808938369155 0.1827530085792112404173516068683902346947434125468135 0.08220554615880473365847717903687197349427151493728161 0.07345258108694254919966270395148555394371214788407087 
49000 0.156135406576980329446157139128281698958744527772069 0.07724616100550798144792723209928198002671706490218639 0.07181822678218156185336526475815333014907082542777061 0.1827872258930438988740359296247817155744996853172779 0.08182238894093791615140911013814850605285755591467023 0.0738246241393351865155646705785041916669797501526773 
50000 0.1536904811176458765254728908167258794037479674443603 0.07619062470372596313584806146379513336341915419325233 0.07094288653963617518726642030557627549569588154554367 0.1798124902592816789121147810770473540742386830970645 0.07929839712734124928096655221532174095955269876867533 0.07240469564618569944656383333136950852804147871211171 
51000 0.1515617189050584755828946989519856458628055406734347 0.07557300973147863718773920710392033583957527298480272 0.06885354057610986959735979370811342903380136704072356 0.17677347413142522440112312798188298756940639577806 0.07772988378224800015502517561150064295816264348104596 0.07215359023646766481853778718580372242286102846264839 
52000 0.1460412786670681748780759728889577786503650713711977 0.07401942968160129714746010148873622824794438201934099 0.0672710958544469242093217543898564514393001445569098 0.1743620246323319654131300121546743753242481034249067 0.07664863103565336944458970258597929614552413113415241 0.07281140106058662391403128386069276700709451688453555 
53000 0.1439150730007063480733525348553847322818910470232368 0.07209069069074473450422797099479410576350346673280001 0.06671309520654747299360076001617514407371345441788435 0.1725654418085915877686476252450553658945864299312234 0.07527954574244054826659628201768192923282185802236199 0.07281096253224271037447117363439197390562185319140553 
54000 0.1409661202805279200126137642556933826654130825772882 0.07092548724311162052711928274750796674652519868686795 0.06477591725491565890300473679053183673204330261796713 0.1710607719057040029798054392440320725654601119458675 0.07558276572417825375842194077224966974881681380793452 0.07392197163320667078676134281733922648527368437498808 
55000 0.1401783626609787897389488783850275410713948076590896 0.07086601618220838702739191455881595516075321938842535 0.06411321205861729304357424924498687346385850105434656 0.1694766906557882935952441191829187516759702702984214 0.07406814333592883245027237854030133235028188209980726 0.07334058708924107645489316037457072638972022105008364 
56000 0.1377588260640736616402654210467026985043048625811934 0.06988703327795034867317555335453072018481179839000106 0.0621785184217402424270012498835891179282953089568764 0.1665164546204931377178237728031717779231257736682892 0.07211935620699905450915962248914503618379967520013452 0.07309687285128520390780097401584036731492233229801059 
57000 0.1379722997959220257306253709650434302602661773562431 0.0691475846461344101785131618931323771448660409078002 0.06140802192342101429385799182814054120171931572258472 0.1621506197051742714202067496831460857720230706036091 0.06965063576071333862135695827455528217342362040653825 0.07182085396589080540424767512552861603580822702497244 
58000 0.1357018070051500831620702042235038220496790017932653 0.06879523784124276008578643265556351593659201171249151 0.06090539514630746055145961610766125460258990642614663 0.1577710938668453257040366274899234610984422033652663 0.06993343337801438593250664618738987599044776288792491 0.07016160284065848907157766575770629913222364848479629 
59000 0.1358778631461793151113774669180855880767921917140484 0.06855721920561790665816582004965518137851177016273141 0.06025475032185010548026237245378133877693471731618047 0.1532010786505146565341295081252859233700291952118278 0.06944828115854972770812011950702924423239892348647118 0.07049501697699591473098576846489926595040742540732026 
60000 0.1345081606658716920788682047671613872807938605546951 0.06754141156715258280802656812302764421929168747738004 0.060012955178626611856668431749239900341308384668082 0.1509724641521910914999070330022590269436477683484554 0.06903041331267835869735715811912335482247726758942008 0.06937031000883799410810029439922175242827506735920906 
61000 0.1319312788731490858432646509634800224830541992560029 0.06663719417259294035656624552443894060616003116592765 0.05904399884588656248178973988405271455803813296370208 0.1489989462934768409780803000153071025124518200755119 0.06736021379313764907101899984120940700904611730948091 0.06753510722326520530450462767579900003056536661460996 
62000 0.1265152126638936628838950221309644916800607461482286 0.06608456399123392710075490172338952277186763240024447 0.05775031976105855806351242406893042868887278018519282 0.1461598811858030483480782799055042175950802629813552 0.06626936023870250018382973070107944124629284488037229 0.06659090240757438621460118435835262573618820169940591 
63000 0.1257752834037349443313882901840372596780071035027504 0.06528286175797106218911258768144989517168141901493073 0.05701497594508332876744437917038155205773364286869764 0.144075954938843890380372608772674425381410401314497 0.06567925265476396605375834433782067378615465713664889 0.06610901020256724652552227788904204430764366406947374 
64000 0.1267952789677063417405657175240918377312482334673405 0.06435242207235314896321366415210540878888423321768641 0.05630349904557022743087531246874988255513017065823078 0.1425276134232069433595887358867670968720631208270788 0.06531436283913980510150041822181599115992867155000567 0.06546077952484801559232454465364625662004982586950064 
65000 0.1239175985361897578749374414230910446121924906037748 0.06379638981606561575653973131250218386867345543578267 0.0561798035961383588678954518341734925002128875348717 0.1413953119025574148645433072979393784862622851505876 0.06556285450334544803101081977825259627934428863227367 0.06458647236141430136835937803052587469210266135632992 
66000 0.1233221458087046702655170497819892005963993142358959 0.06193759469657998036084579907001312903958023525774479 0.05538355055629651999999653842754465671305297291837633 0.1429173964489174500727165784130789916162029840052128 0.06480685968226468699865091063760935696791420923545957 0.06493867193227678567330656347889039636811503442004323 
67000 0.121988251156484734512525178878883380662045965436846 0.06161397715388750464355575170438683585416583810001612 0.05576326417317672529840965993386259214048550347797573 0.1422239120203982046995944479861329057257535168901086 0.06571525001957961101284062116478779103090346325188875 0.06434918482999175262047322418346162464786175405606627 
68000 0.1206658049195803426810176366135163306125832605175674 0.06070913139411177615237637586464991557022585766389966 0.05519066638680569136227020178575575215518256300128996 0.14102723137223319965880170834271467583675985224545 0.06601370443739096102996619444547299337955337250605226 0.06431047660316164591809244555076219285183469764888287 
69000 0.1187933917257478484252441325308424779905180912464857 0.06041967875507598721381875839231412328445003367960453 0.05364084216418297097029406136914353453448711661621928 0.1401699637322991942242622620540259958943352103233337 0.06530862152379810692861541662757041137865599012002349 0.06239170816606893050598704394960059005370567319914699 
70000 0.1183064108474687704648472576229867314623334095813334 0.05938739365991530695049823058984106438629169133491814 0.05239418231064310319319973427432124424285575514659286 0.1417756697512752379810446745622698472288902848958969 0.06425912650844355495483679538426535771122871665284038 0.06205545657414132063259422887602223539715851075015962 
71000 0.1148350779656275749660856132228214931956244981847703 0.05839822373107852424654732638453769055786324315704405 0.05193103856850508520160997899539623290365852881222963 0.1403395372497654376605898465801836039190675364807248 0.06320884664583485791291986646833755969510093564167619 0.06042767081070677740776649934650865958474241779185832 
72000 0.1158215455935798096035339171949729575317178387194872 0.05806765860725263634498018346097314434928193804807961 0.05142317085815799681557439725076985581608823849819601 0.1384358552587593618038701998029793571731715928763151 0.06204566752873378485813658615721788436303540947847068 0.05941589538440701206753317455133700519809281104244292 
73000 0.115032227629697565009323379642269813416532997507602 0.05845851097877895479766998179660397738643951015546918 0.05107717246265007656107009180457279029496930888853967 0.1365159452105774056708282354621886156564869452267885 0.06199885750846868073826462924857949587931216228753328 0.0596533029676029945227505243976473536804405739530921 
74000 0.1191585760086598749595389670763445622014842228963971 0.05748983031723304806321532892110504064930864842608571 0.0504444550467523173156150686352594547656735812779516 0.1381130463543149688044470169145938598376233130693436 0.0607181054683731473974874718463334843931988871190697 0.06085479875863093353056780532295277907905983738601208 
75000 0.1184182637798794278011812845796679738441525842063129 0.05718395942625936696811564385889425921050133183598518 0.04985030308022793384822792146782166611274078604765236 0.1360338181052939685776676306816490580331446835771203 0.06066453660261018271187497680196898386384418699890375 0.06034067221685575889097465085431082343347952701151371 
76000 0.1174753592605701418214976874954125207750621484592557 0.05621276843627420509647615171067158712503442075103521 0.04972018673276610796675110612308223778654792113229632 0.1333008572505929871298896091658114926303824177011847 0.05984210306767595559469179004874472838082510861568153 0.05873780551533238050002420048423257270542308106087148 
77000 0.115259783364018398653762838973468873859928862657398 0.05507904643423734039909818276103958822886852431111038 0.04933524259224912475251629759287474996654054848477244 0.1289726562516672638930266894807807886991213308647275 0.0591359002270867887194845998605208237108854518737644 0.05846981522861962564995637510467663133795213070698082 
78000 0.1143436718700471472476005822815903201217224705033004 0.0546983407186671709950735818100975293987175973597914 0.04843605498038586294200940653154052739637336344458163 0.1260418214085891859890797839227616350399330258369446 0.0577997758369410294299777560572684009798649640288204 0.05760823468269759317479336048484217513987459824420512 
79000 0.1144988795080465036161656254554142009283168590627611 0.05513874211102789621102653570827722973035633913241327 0.04834588302258434687312411287551938698925368953496218 0.1240702288438720149284168366154990081895448383875191 0.05733332085730930546680597821584957074492194806225598 0.05737298219495135851141989422052880343017022823914886 
80000 0.1136754548353025123956830909344173363706431700848043 0.05609298887173577384919953212061294323120819171890616 0.04762976643909591404447501430952094381154893198981881 0.1242168878156561769639677078602701953968789894133806 0.0566372771886855633565133281287495847777790913823992 0.05704487953717481260926648947706674164237483637407422 
81000 0.1126996082090810527922847966708630451648787129670382 0.05605657040378541888103617121807964451818406814709306 0.04744505016121009496817299486148833409515646053478122 0.1267621150905767763827480115734758214784960728138685 0.05637592631922747338625665630695849017683940473943949 0.05666333730100319253370063851682481015359371667727828 
82000 0.1117370759707296177005325134301561007532654912211001 0.0548373902101892450235566100341655371153137821238488 0.04682833114030013204012628351413649596679533715359867 0.1262991116903115299674583912881153935359179740771651 0.05546466521355737479414432268554069338506451458670199 0.05631875966278706323791874641115917654587974539026618 
83000 0.1110277797778852787395479674581455498127979808486998 0.05414535764007096941538349152422959775776689639315009 0.04594156283925572879989944821699232591072359355166554 0.1236161564127753494977761915263325676050953916274011 0.0547525216938803825135083022668247565434285206720233 0.05546817099126485938517111540235760003270115703344345 
84000 0.1098521054385371130700287459203146056552213849499822 0.05366094507438064929787059284538308645551296649500728 0.04531821195829475904475304795515633315972081618383527 0.123396772898564590472466218767921830590239551384002 0.05403585037080761151756665670864432371445218450389802 0.05373118762891843588438999836098819429253126145340502 
85000 0.1098195955870187889123084680476072350074900896288455 0.05416003168572374375726958747878647670859209029003978 0.04454937617588242195293076787498964819178581819869578 0.1224063807810253019756909463600091925172819173894823 0.05329665408564046202215345321429040836846979800611734 0.05356466347198607416940207420763542245367716532200575 
86000 0.1092565759768340635763755365472693625861211330629885 0.05384470483412138326585142517055615485332964453846216 0.0440172752671457454944699445864575437781240907497704 0.1221259574444736633247118873235592673154314979910851 0.05320535464857526815617193641227977707330865086987615 0.05292958663837344152931644117310305830415018135681748 
87000 0.1113274932155937878817692637811731515284918714314699 0.05454263945003843029477258799730954308415675768628716 0.04362895187234092051766463915551952368332422338426113 0.1204899204712553529807899169168372566218749852851033 0.05366362611690625360275899366491181297078583156690001 0.05341230329233552985253915407204416965214477386325598 
88000 0.1107155711702480020325908664780012458095370675437152 0.05372162352192961773443644762915383239487709943205118 0.04374671755118517237068197049676410159690931322984397 0.1200174170977801660885071061146689430643164087086916 0.05258160752823221655515538441871825625639758072793484 0.05297458988567983599084210144525286523276008665561676 
89000 0.1106287668435094127117454196329582316593587165698409 0.05410681233310658314853043571179824766659294255077839 0.04290545652670831588756526937811219823970532161183655 0.1195334791052745755660026601152612357736870762892067 0.0527916615727752409467014686750285790139969321899116 0.05140966941832803136956057260542607423303707037121058 
90000 0.1141485487428044887447758058696134497722596279345453 0.05444184620813874269496359173392541208613693015649915 0.0423649683860063406605229313628413478909351397305727 0.1192683458771727525891070097185941989437196752987802 0.05187308282847197613634154626793826281527799437753856 0.051100102709731502364815403788300685050671745557338 
91000 0.115550367005129384384185756845520032243257446680218 0.05473157645372272402703017063485546600531961303204298 0.04251325946573784281975702005473838340776637778617442 0.1187989980438557794810471371360627301783097209408879 0.0517939907682855545030834940045671999087062431499362 0.05078038281892613342241452403791335257210448617115617 
92000 0.1159203628863540972045165222681362138246186077594757 0.05490992214090304630316145134694139073872065637260675 0.04286106690578109466928141864372481251166391302831471 0.1173744857606495906160426999365054001600583433173597 0.05155513488736505946591023342995274703071117983199656 0.05076812487089471253063699754393134355723304906859994 
93000 0.1140986736769512469607981523800344092478553648106754 0.05528443782191325404725312959997030048953092773444951 0.04264657761873402961810895599181758797158181550912559 0.1157634286841849986524955774813694375779959955252707 0.05078389632338902320659213170117585178786612232215703 0.05009161952799821677863485736015292104639229364693165 
94000 0.1134173121991460397663706131943239796555644716136158 0.05526325294446387713785564903268276992776009137742221 0.04265648739807682703038013531660066490758254076354206 0.1161312733251165103166998270045606744815813726745546 0.05015598937542295269524064878219338226017498527653515 0.04893194860085522841097608118254846942818403476849198 
95000 0.1122533215468994861096553063151137763497899868525565 0.05475898056984679269129211859334915857289161067456007 0.04270825828115085228840665937388720863054913934320211 0.1155711433416157598417389230915919284825577051378787 0.05043805646544773435961694398044219411758604110218585 0.0482333275072319760431299989072995160199752717744559 
96000 0.1115419133065965535519452160595488265926178428344429 0.05404288624026988501372983399184679598192815319634974 0.04265197958206017323960030848684077398047520546242595 0.1151764125153041924299744842852266657473592204041779 0.0499622570651100536432017394650184627380440360866487 0.04805267006079689125243857052149909492300139390863478 
97000 0.1115022485851775803489109063770801100190510624088347 0.0533179274143569740549233621634828139690398529637605 0.04181217716856662185227386761832146788719910546205938 0.1145978542095701224932621266339172194648199365474284 0.04944540396604393098469918364779029928968157037161291 0.04820183549092348778913690553193927001984775415621698 
98000 0.1119855332435793431356831593992406936877159751020372 0.05263992972356744550911492909472944035087493830360472 0.04147362098042678823581609452719742847648376482538879 0.1146953305517961124984009473048995886301781865768135 0.0492383332283805173716227827906966041382474941201508 0.04790198883912278640290790913958129948468922520987689 
99000 0.1104397029239902917213157762521547056167037226259708 0.05271875259191713519374747863588392959854900254867971 0.04136268998946878932914360260664210500181070528924465 0.1148230864705453455073646922002250647665277938358486 0.04864088339905462320407578298564477137233552639372647 0.04709824005509548753285026766179921509092309861443937 
100000 0.1139859536321417155991142684812178487163691897876561 0.05213434751323823669472428028737187588603774202056229 0.04122340804555648483635510968825510502711040317080915 0.1138379184701770025669293438796980666438685148023069 0.04836540527831383734085361411625392236146581126376987 0.04733554458842437603490155111074511040669676731340587 
101000 0.1126332191914522707276366531026212669530650600790977 0.05147994711549175250937023656794266912584134843200445 0.04129782769980250177729104617274646926716741290874779 0.1113281545743675833570751620982264284975826740264893 0.04749009398394975665441903114882826741904864320531487 0.04781722175057672130334476823243505805294262245297432 
102000 0.1132208644043987884149544444201129778093672939576209 0.05059008864100634216573546680928430419044161681085825 0.04118441210519429229462208021106395250399145879782736 0.1108461297497689516521491431833013052710157353430986 0.04648842023404129351161562580529995614142535487189889 0.04746584690666496822547787241830530291508694062940776 
103000 0.1119500201329866183007897585677259399972172104753554 0.05082344253473065098214412303734288656187345623038709 0.04074374434236721425226456470836122747414265177212656 0.1095895575174022863924622878117887125881679821759462 0.0463552138350835324530547533472546462007812806405127 0.04706732125835931097949374132816124927103373920544982 
104000 0.1113434576030642301672874891482756254390551475808024 0.04998709720923924076027024775148444035721695399843156 0.04057327065709544668267120398619240972948318812996149 0.1100457482924042620337054705637047646860082750208676 0.04642385410236811361955498386744345395982236368581653 0.04725281444683904901615410440451903184566617710515857 
105000 0.112272919740957058934080741580130435863793536555022 0.04997230059230714863534013672752287504863488720729947 0.04049043270214242712560863933501931199998580268584192 0.1100993794843592650284543055239083741980721242725849 0.04588010310388539660735019408421830888755721389316022 0.04690723722313706601079420430155941801331209717318416 
106000 0.1119930973209159637881478406573609873930763569660485 0.04957898263834389405456718434572760401124469353817403 0.04039471829037958256204926370258601053819802473299205 0.1095971424398904219552671607251781438208126928657293 0.04634807572002443849169708682544932543123650248162448 0.04671567353026364405866569136371868609103330527432263 
107000 0.1120436047760612571121607503044081965981604298576713 0.04950697673632472624785498017951912430589800351299345 0.03976900253600507150031459664696331657296468620188534 0.1095973155221810106389377335867063578689339919947088 0.04566650013439802463087891643001015040681522805243731 0.04662672004187545605683037561184356434296205407008529 
108000 0.1120716213695874682461351388995662858860669075511396 0.04902869557948257505600869743389580435177776962518692 0.03950464238100610482576813438371221565148516674526036 0.1088961969500518076726198676840162704593240050598979 0.04470003491591302428173810602773929900877192267216742 0.04581298347922927625424272153609184243805430014617741 
109000 0.1112961469852796427313463764607881500978692201897502 0.04861194084115671132340866927856737333968339953571558 0.03892639751017747212928957721567169159015975310467184 0.1068819288294581604619446803250415456432165228761733 0.04462197439096477627278568289792559653506032191216946 0.04601093629652603661183926132827171073813588009215891 
110000 0.1108668496573256982671326457967619916189505602233112 0.0484681687991954513714020283399186439510231139138341 0.03884309154712736319114106675609576768692932091653347 0.1063869678167931465405686083935954400203627301380038 0.04460067639420850572058003212505550294508793740533292 0.04616751710921079732111876360589608481177492649294436 
111000 0.1101843087082799164513132079978863231417562928982079 0.04812795050699732228122141794446342544233630178496242 0.03854335049828002635212745828618974286428056075237691 0.1059227132226788109276190141816442746858228929340839 0.04394436001681377490906137313342316730313541484065354 0.04580771983145189440260187756226439859119636821560562 
112000 0.1094891643620134768127892879729934350052644731476903 0.04782676998361506246460980208701219140721150324679911 0.0378366574654189389507324969841306483431253582239151 0.1054423077964279021934189753406663214718719245865941 0.04322646885190530521514092922308325483982116566039622 0.04577211148982603879876366985424152034056533011607826 
113000 0.1085406913483144226428302701881190017729750252328813 0.04739588914208356559539057212271373487055825535207987 0.03705437128858175287768154937406706039837445132434368 0.1040724693779966916900333977202830482156059588305652 0.04226952153751418102278509386637850298029661644250154 0.04568847205223012162119073167887428610356437275186181 
114000 0.1088693326721847265159707693338297929130931152030826 0.04725611066813558255040304302563303195938715361990035 0.03731987166536905940170164644453798530321364523842931 0.1040314196611580093443654056184488609915206325240433 0.04179954052892861888229988041876250548511961824260652 0.04531740377109221180207008702889304174732387764379382 
115000 0.1082353751532572932702301084229024041860611760057509 0.04749785557376944273327737215673050030773083562962711 0.03738483625209395620484962262375372432643416686914861 0.104587489629180198076694591202695505671727005392313 0.04158499106130543542891950942186340967055002693086863 0.04533194484972114626615481876303892505575277027674019 
116000 0.1084814201645040817031180775675824889958676067180932 0.04798871061987372988854455568841217427689116448163986 0.03754101334601341520582598772215465743329332326538861 0.1056603376755171773656899643356599227672631968744099 0.04221707013595704542356537407321592780817809398286045 0.04550115948511132512230010875586838636763786780647933 
117000 0.1089351529505327813838501394005930933417403139173985 0.04826615939224968104647025754494471527777932351455092 0.03681880938534320411010636146798002954483308712951839 0.1062568780317325319601114673451203174181500799022615 0.0434998303537758106559953531072837407123188313562423 0.04572460681022423664647655501547252043792468612082303 
118000 0.1091755552479192765602989019513291424345879931934178 0.04844840975815320672747386378242939741767258965410292 0.03691851294226395512244496763254453242097952170297503 0.1072461756483717577843406756898936293964652577415109 0.04378822661783009065867926755399874849672414711676538 0.04549192131286237654276874940728614404861218645237386 
119000 0.1075626166609918210647148240077797254343749955296516 0.04816333809257619457416962037432650589607874280773103 0.03724772396343016334625364120725077299312033574096859 0.1085310568243547050940912834793294905466609634459019 0.04379256737233885241462839552073482707328366814181209 0.04519337120844405595156221405739316310246067587286234 
120000 0.1053355034812958430508428135652376766984161804430187 0.04817815591971650175957667984472099220738527947105467 0.03687434828437438525135087276363154984437642269767821 0.1067220368093789787704230194453902669238232192583382 0.04293063468615433927693509318090914206322850077413023 0.04452333618449139671777365669103065926037743338383734 
121000 0.1053919544870045978685458958057363787474969285540283 0.0478026101522116423692999875871834092322387732565403 0.03696705380198186051174500006688550257649694685824215 0.1068615700640007550709618955320223676608293317258358 0.04279924121972633988626646267539044288241711910814047 0.04441872419503548575993485958424145110257086344063282 
122000 0.1044901407594152521215004683630134252325660781934857 0.04749176989969615221082654618611762487034866353496909 0.03678793472818965183606201331534268916811925009824336 0.1064814075526922820417790802038915387583983829244971 0.04220170637688030346805728547365799130375307868234813 0.04431736064951979828902776242793848382461874280124903 
123000 0.1043757344413093155892661642591967563475918723270297 0.04814003342613624372234716435048351712566727655939758 0.03676231955636115771021764191128777810035899165086448 0.1072957875259295034426200270150086879539230722002685 0.04185915253423160187448465348325488122327442397363484 0.04480511741290944207848881593314604998568029259331524 
124000 0.1044561273886605669685150206416057727665247512049973 0.04813286541796066452764493205640494721819777623750269 0.03690062009305027175264123963371876158134909928776324 0.1060125872038174900028164107657069337165012257173657 0.04171777437034576892983697531114284373643386061303318 0.04445285535560766801513885373986489923936460400000215 
125000 0.1045840288105482501507942361129721575707662850618362 0.04842887981393391024859335428076612117820332059636712 0.03677305985093203180067811079723139044972413103096187 0.1057916394024862347141686079454725444293217151425779 0.04196824325280314543448224873234408960342989303171635 0.04451461710512181725734616975775903569001457071863115 
126000 0.1030571035225838641093869599285604010674433084204793 0.04802891966009256433702825569986849529868777608498931 0.03649118523617844522073314084131823165080277249217033 0.104231325270929840975638394628965954780142055824399 0.0419329889497675750883976756450133294151783047709614 0.04499198954118251009406731152906466775220906129106879 
127000 0.1028391923538214145094249647727213670123092015273869 0.04827099044614971791724244119803355346220996580086648 0.03648267694017088545483263467561485526857723016291857 0.1034355216274261735865335441741930111447800300084054 0.04196086315666783229409914947327653322872720309533179 0.04516254568414385417947690647133551777869797660969198 
128000 0.1025489382307762951520115936310251214536037878133357 0.04860399934404972192752481842392686672837953665293753 0.03674638174571265356236596417993656160660975729115307 0.1035745254332659811047942337303151560945480014197528 0.04183768335828515532042490114583710436590990866534412 0.04457491445968514202520256543837984253286776947788894 
129000 0.101685777828829329346024216290667041562301164958626 0.04811912231845684085568639644370225738612134591676295 0.03669764955379652839566459107678575435329548781737685 0.1030771052429243554468909528643028039596174494363368 0.04184492311949946016317041126708620168983543408103287 0.04418634666155864674355938613581340490554794087074697 
130000 0.09963633863682906697081028551954418048808292951434851 0.04809909862548453952736985349269982492614872171543539 0.03670679703259136310007724329773637350626813713461161 0.1021225481693066563092134151069512171261521871201694 0.04171198428470585093421870229168924026907916413620114 0.04448978300300925695776174326190322005913913017138839 
131000 0.09891627784983546048370138537020324065451859496533871 0.04830112994700283266102523900553666891255488735623658 0.03664306668650323342713813479232243253136402927339077 0.1009417379127757425367052472597872991855183499865234 0.04165160502339390940151290371185055505520722363144159 0.04422199383210036277311945525358982678199026850052178 
132000 0.09823536378092769408239054093612274698443798115476966 0.04813175206819309994143172085068194121504348004236817 0.03676210554380907816134191508361528377690774505026639 0.1013615748061982005032155562673779058968648314476013 0.04133351619059555501385638809352940370445139706134796 0.04427424790012680572631265443761527933475008467212319 
133000 0.09936122365533003164940820117756459239899413660168648 0.04841688506936422035814332649750202364202777971513569 0.0368099262708593425380077315822724415284028509631753 0.1004855881058359018791485868515866997086050105281174 0.04140853199070667194780928990760493491052329773083329 0.04392566828349195103296581307872337163189513375982642 
134000 0.1006486904410296017405089356866465521989084663800895 0.04842462353668208365796497665012321220956437173299491 0.03664292664469397934110363526660769650789006846025586 0.1002867701417500246295361893134057140741788316518068 0.04048519760277324049989127428827995203164391568861902 0.0436255014463324873006137491482370194262330187484622 
135000 0.1005468357575022736550098868824054676451851264573634 0.04838955015126056467001107626313416432140002143569291 0.03655435683999017340271874866586276908719810307957232 0.09948451352810929014666100483887944960770255420356989 0.04023449191801364285009530961934043347127953893505037 0.04281227661141602767403617317565345246066499385051429 
136000 0.1004563241707687887903734970385105640389156178571284 0.04900728889902789370440548515073242441530965152196586 0.03652600361958854550771861290081599094037301256321371 0.09912930561938852942906576573567356547300732927396894 0.03953646482586855492375637124990994664130994351580739 0.04259854759868700162657147514910782604147243546321988 
137000 0.09940037880371098277793159500581587906253844266757369 0.0483634932560891698053991225730863234844036924187094 0.0360640070443784395416936348205405593603245506528765 0.09818913250750178119146847552367596279054851038381457 0.03977559519011247144223844887656049706947669619694352 0.04249202190178078693657192851929060850579844554886222 
138000 0.09867485194672212154930581243239551270107767777517438 0.04800683500528581035463981767363872421583437244407833 0.03539634764804181777045756322752634304151797550730407 0.09637929945721886889329656222802356069223606027662754 0.03903406223037233989292169554496947370125781162641943 0.04209625808836755535123240121175847150425397558137774 
139000 0.09856999110343342572259977760196214546795090427622199 0.04772628906731561321486129526037167636332014808431268 0.03511855782963335438300977835168747986926973680965602 0.09556970556341560540968612519341363054081739392131567 0.03887830872591970947415099257860049419832648709416389 0.04193563310874567244136809814059052570200947229750454 
140000 0.09836293173287121697925903390791191327480191830545664 0.04755201001544194787558350601130996437859721481800079 0.03498412809545723516476073769454480100193904945626855 0.09500783592358279484532419117970292177233204711228609 0.03847804275074649051378372979770325912340922513976693 0.04116520550139550604088400573288275552386039635166526 
141000 0.09799942425635494353707748496629115209088922711089253 0.04689441240417140727614244560816914031420310493558645 0.03505794954635084824046066705183211098528772708959877 0.09367378533201580145410363939517672804413450649008155 0.03813787962681899028479989843809505600802367553114891 0.04067698571009143266184108871097446780140671762637794 
142000 0.09850755152109301864275965610051599696816992945969105 0.04674302705160391724356432584241982652883962146006525 0.03526491857921686875343295422546852080358803505077958 0.09308293662021144026141785537964423724588414188474417 0.03863122227652977949964824104511773583681133459322155 0.04083980795484563209717544102206332468085747677832842 
143000 0.0986409671648018482185190508593208846832567360252142 0.04641865614363543586799645129792324382833612617105246 0.035249498069040726348072605639272225630520551931113 0.09254622414411742245451400132316699398415948962792754 0.03874718202249535513832854986826514931408382835797966 0.04153496493320836252725295097143476397150152479298413 
144000 0.1005491017429910838401922387741471709432516945526004 0.04608173294464399274674359582859572981305973371490836 0.0351268764578349881622662889690822396460134768858552 0.09237319596404001273361357438052010593310114927589893 0.03883070132780698332887535199897666160495646181516349 0.04128372821652858209003555609029056938652502140030265 
145000 0.09974337531218613961479357160611058930044237058609724 0.04579946279340787351452000432383560024618418538011611 0.03532064546313562531005842554110429887259670067578554 0.09165333247234933487996352136084610151556262280791998 0.03829557428738776403233704491435585026692933752201498 0.04106664832460499789604647762064626448363924282602966 
146000 0.09902461557059573863520934161597253364561765920370817 0.04477108986012540290920784687156430692311914754100144 0.03485121650985305013579064296880272166845315950922668 0.09115130358263374140499659542546950774521974381059408 0.0381363341441209988174005154903944969646545359864831 0.04147744269010325405579175939152491991990245878696442 
147000 0.09936853401298684424543944393448668961354997009038925 0.04455223238204399324158245208893358579871346591971815 0.03556590178672032780796716071314289564497812534682453 0.0908576586566355023298320950364548309607926057651639 0.03782646548856123893368676343318401933402128634043038 0.04136688099199003975731331675391722058066079625859857 
148000 0.09868134617816037599071811448059321492110029794275761 0.0444225388393648337245084040808551506529511243570596 0.03541990749155394111922189048780040820929571054875851 0.09056850506222592929987539114855543687099270755425096 0.0377938731911326984283592666374884672109146777074784 0.04089228402646631660200026228690894924966414691880345 
149000 0.0982120554194753956711669978796308555502037052065134 0.04445014246650120183956995945084855748064001090824604 0.03566059020649221606628995889787248074753733817487955 0.09049924704163137670668258516482040931805386207997799 0.03736581378226019913555734641708028220818960107862949 0.04104652675350393328451768619469230969798445585183799 
150000 0.09702297060128482926455451007541341823525726795196533 0.04446047703255679063791814577266681141054505133070052 0.0358727772920359699770540516661210261872838600538671 0.09059395238570887086648709615732677491450886009261012 0.03715127453124974906621246634186306323499593418091536 0.04071714726041410815722998602084192754091418464668095 
151000 0.09615318445613953283096541138630364287109841825440526 0.04377408856137732259101134901779772690133540891110897 0.0352057082869958600772222843261483049559501523617655 0.08987666370678344754532136315350321353889739839360118 0.03749066202162558935395198812801087484558593132533133 0.04094567747589597063583998111380157780558874947018921 
152000 0.09540215446222478835636452917934313688874681247398257 0.04322239365940712947267870504275411036587684066034853 0.03513789822777702713223614387760829202989043551497161 0.08941236321788348724484262602940631836645479779690504 0.03752916396376058584622640960926087672078210744075477 0.04111225212430536013529045608061451844150724355131388 
153000 0.09479933285084378244167999452707285001906711841002107 0.04258229663890680246018894880566385552356223342940211 0.03519463972732188628247582649899438678176011308096349 0.08900209610319745726395804924502286326060129795223475 0.03769125253918407734266384292998175453703879611566663 0.04085026664067486668768282298547234177021891809999943 
154000 0.09351313948819479079184371211885817842812684830278158 0.0423026849989967207361126876746793001871083106379956 0.03460426792759967703483055083413244545909037697128952 0.08852319573609486791690957596667743700891151092946529 0.03794435836462307045686840126230698899689741665497422 0.0406777196288506208817154288781559046128677437081933 
155000 0.09387113413373336000744204254964131450833519920706749 0.04219509485555831246843391454937055584650806849822402 0.03440272382724093356664955833945640506499330513179302 0.08846191079448197519947928377237467145732807694002986 0.03767897410685227018833486772875218662193219643086195 0.04015550031310959209817973078471275982792576542124152 
156000 0.09444829853209074362556775875110481877072743372991681 0.04216467481994787795882549154280471981337541365064681 0.03489078684340253258886052276088740597970172530040145 0.08767843519036614702034113447148833131450373912230134 0.03742729632534301518386127619053560522388579556718469 0.03978026102798595655402470565309425154509881394915283 
157000 0.09452754331609893207621518260164172886561573250219226 0.04220451593894873178742350137981897972849765210412443 0.03523447943382552557836477624686466469938750378787518 0.08671484938716491521338951276032247506009298376739025 0.03700466031367534364474296965097366296504333149641752 0.03966989255671348535423124774534908709711089613847435 
158000 0.09452378293875050478618825636201172812889126362279058 0.04228130157310612859336974682367138456129396217875183 0.03554189358767859602722437653565812354372610570862889 0.08606603085642789816072035016802921347789379069581628 0.03681630896887887505704631783964853042334652855060995 0.03971257931530167309427492398909986803801075438968837 
159000 0.09507878755452264121994726889242066647511819610372186 0.04207370497857584939950959662668950045372184831649065 0.03566980254805951282385005282615786370570276631042361 0.08790356757710779088275032319699242577826225897297263 0.03654741242459062431740786716649616039376269327476621 0.03949603252021735267407215493051797494672428001649678 
160000 0.09563096001623962288929435560103087254901765845716 0.04235197541444702120733362474269689812444994458928704 0.03544591574826798735194967326922466099858866073191166 0.08761013431546429669862560002391305147284583654254675 0.03637726799201908737827686028676321683406058582477272 0.03991233621385323717453003089516982981876935809850693 
161000 0.09602713319857726513079825350627238833567389519885182 0.04266206006970792001609994216482224516084897913970053 0.03583012771003296738773808045863678017894926597364247 0.08691606457749845895651222282829451160068856552243233 0.03595238004643601382982146669187173415593861136585474 0.03962447526044165134080361594104413569539246964268386 
162000 0.09517447093226203846830311278148784026598150376230478 0.04275702370275072514819200523994435769736810470931232 0.03570664845413813051427064093612528949961415491998196 0.08703189526432013483795780209306691688198043266311288 0.03623886657534474397130948644663028801460313843563199 0.03975299545482379406330744088526873980526943341828883 
163000 0.09423906162993290482158019114033997709611867321655154 0.04228549565668340803995276996896102161827002419158816 0.03561692524780073166199511301710511901319478056393564 0.08622218251572003652993510594559900539479713188484311 0.03592190797592446092198676700635306957565262564457953 0.03953692003180323860558453147318047626868064980953932 
164000 0.09311537228196749254444369164884776068902283441275358 0.04177471899222785027189545035974926889821290387772024 0.03529321936745011345038045696975714804466406349092722 0.08636254539978602751197330270049867806392285274341702 0.03555192706292557706834441336174457148899819003418088 0.03940880961792787982826279276349357161279840511269867 
165000 0.09282755972075528498420457154671758814856730168685317 0.04184266110179409459829402706532164302188903093338013 0.0353334471502081037145648941683040433758833387400955 0.08596024308008100115201157581656943307280016597360373 0.03541162512429049153442296368754504953813011525198817 0.03934167705579721159846488462430436072736483765766025 
166000 0.09279670630548180620825529651973795353114837780594826 0.0418988279832716458791932838401361749447460169903934 0.0351975002857183169864920858904699940694627002812922 0.08530133319878908213667635662691424158765585161745548 0.03511293547735572456134104865621559099508885992690921 0.03926934095301676477958972844017893066848046146333218 
167000 0.09261642760768749726302002250877265510098368395119905 0.04174243179166684836222441651321091171666921582072973 0.03494720503030808443666651447179205547399760689586401 0.08462150994805090897262324703409497317352361278608441 0.034660795459411871664607163873172979151604522485286 0.03903836544310734262192875976271722038291045464575291 
168000 0.09238436409947002641895917943171134822932799579575658 0.04180228479293862235664238323484820369912995374761522 0.0347367719699004320565408239496196785012216423638165 0.08308580878781043916057923517937133794930559815838933 0.03446495777003888710961990865522253102426475379616022 0.03897612935609098250267466612140054849078296683728695 
169000 0.09146242591709516112650005248418949577171588316559792 0.04153869109963537052353775048951778359196396195329726 0.03494493577115381126993649309186995566278710612095892 0.08380902426624782752774198146816786447743652388453484 0.03444871356906645951725118651176593687068816507235169 0.0388903509727758367503947390525498306601548392791301 
170000 0.09172609851764531418278052904424768598801165353506804 0.04149790005888041849509292012532224447340922779403627 0.03472958298655058831795432172651061364376801066100597 0.08490056625410482532665019939077666322191362269222736 0.0346603912496076515776328910017900497564369288738817 0.03898553885899299500404960837351975300180129124782979 
171000 0.09200593914132069684000967205173004970220063114538789 0.04161532860328817369404753347128522733555655577220023 0.03466250734337000356723602206843182216289278585463762 0.08512736316673291584562147799042364226806967053562403 0.0345246142620753454628398145670464813861144648399204 0.03915889367772483249882935381347426329057270777411759 
172000 0.09215852543467038863978998963766287033649859949946404 0.0417737194697128539963419148473011688338374369777739 0.03459301167732401683421175273003278505257185315713286 0.08433824069067344358891597996819022853287606267258525 0.03420339282792145287783575589857232301937983720563352 0.0390194221693205860826425285942109510983755171764642 
173000 0.0917390530321344293849324287581925574386332300491631 0.04195068970150181694980166639818985885312940808944404 0.03387522918916868271317372612871920978250273037701845 0.08368143658158356143304942506566668214418314164504409 0.03401210357276801766530276507904950733518489869311452 0.03898743642612438079847947056122414721812674542888999 
174000 0.09137511241152287666783104319589980946147989016026258 0.04200708921604580293774093210923403773904283298179507 0.0336444497163602436378489375645717274210255709476769 0.08313655213341020009933058851347986717428284464403987 0.03395918641295856647894959960687355504660445149056613 0.03867120890609939165051284898355632435595907736569643 
175000 0.09297489117499866487654694088837992183016467606648803 0.04229570064155389303331791274465079055744354263879359 0.03367254753332360519424296466106660830064356559887528 0.08266364952350709082074973685361207742516853613778949 0.03386314108989601629110910256670319284921788494102657 0.0381587361195592628172767492300554437179016531445086 
176000 0.09279567918800222613270791555128980121480708476155996 0.04251465240182922776106559312192523236717534018680453 0.03374988038574084192979581769966657134318666066974401 0.08213882032851004830816422225270301282762375194579363 0.03359739918844286435690841587098365295105395489372313 0.03786558958718849124419235027683150462962657911702991 
177000 0.09258409511978339235355964925711091950688569340854883 0.04228670250966181379725580824491260045761009678244591 0.03375771819359752704505146271574123062464423128403723 0.08147113856865911059068922558945580192357738269492984 0.03350050467712711251179339214112395950451173121109605 0.03818203381941766554825480085855193834731835522688925 
178000 0.09229277106636196606297140032637571493978612124919891 0.04219109298927053448480706428214137559962182422168553 0.0336352670030045161987176157575296642221474030520767 0.08124713330733473894937650069958401388703350676223636 0.03308530043971389159561391490882442667498253285884857 0.03751721567173502015548887215945494943980520474724472 
179000 0.09138544283923904893270550794937001626294659217819571 0.04208959526505641644678729594575283812218913226388395 0.0336567693249043842760627465171552330502890981733799 0.08022736124833635438862670247184283311980834696441889 0.03302027543058959619577956597080703460278527927584946 0.03740174247967368246212734733679994292288029100745916 
180000 0.09101617466704794341962776738075291405039024539291859 0.042201168969491044498165222345620328781023999908939 0.03379843481327994721063134007932315938660394749604166 0.0803119629900008772201884868491283953062520595267415 0.0332661098619636968150617938044799615227020694874227 0.03734676567119589238923841982564777453035276266746223 
181000 0.09100475245152192034530551703608303171222360106185079 0.04194456917886339874395641713622495672098011709749699 0.0335525915849345345427735473609054395183193264529109 0.08006330616322641396438589481143743853408523136749864 0.03277212879686889747011678715449267684789447230286896 0.03701813189224596177030485871783938023327209521085024 
182000 0.09030775496121664735853229455386781410197727382183075 0.04178102049081909757693911039444500943318416830152273 0.03361422371657503731383928417819628720053515280596912 0.07964944675247241127826088036290030913733062334358692 0.03272604403562812721344642795384682898429673514328897 0.03718121196987832567353439265633863186621965724043548 
183000 0.08941091976230777424710510770111682177230250090360641 0.04161427672227659914410075395196919600948604056611657 0.03358613565797819289335170850341327763999288436025381 0.07931759509728181109467978759930417709256289526820183 0.03330124005569748538957658250125870580404807697050273 0.03727961645432162963545203067383670969547893037088215 
184000 0.0894355641963025857065373164234145519912999588996172 0.04131306007452198021827663963756460674403570010326803 0.03363533998381388305390707338382583202474052086472511 0.07866941228261589182102486716985367820598185062408447 0.03342300365929035018937656720261486498202430084347725 0.03740196505653098062662447777226848444342977018095553 
185000 0.08972334686748616360349320789091542849291727179661393 0.04118899380154570387862827604563698002948513021692634 0.03349786765205323854985167489339836777162418002262712 0.07885937509723521228135632507583174799492553574964404 0.03363655274930682276859602100604895724700327264145017 0.03723639159133917296622085998936135808889957843348384 
186000 0.08921493245156086809513487981271318005838111275807023 0.04079937257672110292367915682087975426384218735620379 0.03333197896053838870058963310405442115325058693997562 0.08014604847545557183858405680965120154723990708589554 0.0342857496913160382597700933521300825645994336809963 0.03724671652423431402137584365907851946531081921420991 
187000 0.08857099388373288580204563749664892213786515640094876 0.04063601884616306851103341261921553240199500578455627 0.03332482563517188994166653981388037664146395400166512 0.08004390669312344005977043551181004943373409332707524 0.03436809198538293518005023660655261608098953729495406 0.0377143207229586901390943568662672547020520141813904 
188000 0.08769577013678623457059325280171790950589638669043779 0.04045852268636072240879405885471964410271539236418903 0.03347170483952273281361643707254582835730616352520883 0.07970614252071010435540636407392156570494989864528179 0.03422067906738282600567204946861998848817165708169341 0.03773736557579713791842719247671134041866025654599071 
189000 0.08630249246037805301994287263123162290412437869235873 0.04022934168297253032791239296672713976477098185569048 0.03320269728180282209513678876033893061503476928919554 0.07949706179976542237344697486300937327996507519856095 0.03419836807961951433555529422658736393714207224547863 0.03764989648819586396744432676975122831208864226937294 
190000 0.08711525780014815003470711810007465203398169251158834 0.04066075296683909675376036342575591930881273583509028 0.03315150232013906819196740610733442622404254507273436 0.07932076864313054936569697545012402883912727702409029 0.03438444202137071192826311971657560206949710845947266 0.03761850947572458128421437825728013137904781615361571 
191000 0.08754691861173205538423393312630338414237485267221928 0.04049622439165187636300031158442802592389853089116514 0.03307931655556628009734313790313198211379130952991545 0.07887085517140916187539415385665542146398365730419755 0.03416538454658160440309978139739044422640290576964617 0.03743012746256001043422480430156173980549283442087471 
192000 0.08762084978144495110610311811027983708299871068447828 0.04050609410321681299821188447507491758869946352206171 0.03305764926584523705162038317850736746095208218321204 0.07887137529726213247316434287736974795279820682480931 0.0341377813245693186844213241892820320799728506244719 0.03711559336465616886803486895729520256281830370426178 
193000 0.08772982303537623559536520745361087847413728013634682 0.04027080436088753347370259270954218067117835744284093 0.03282069529254131291470288067646521312781260348856449 0.07846387263444977190472067254956023418799304636195302 0.03421111294729853089834135763946942887514524045400321 0.03702419487513587278249916137640163071864662924781442 
194000 0.08770145275393590826573924496001311013060330878943205 0.03994918213320878952799267667950200433324425830505788 0.03269888372604957387516011121930681326830381294712424 0.07824889179011375938224172321699967369568184949457645 0.03387837703476657229330359401286987264256822527386248 0.03732352257097348809911324489518857916436900268308818 
195000 0.08745388274826742857964365085443603220483055338263512 0.04008412720562986284350863105951923159864236367866397 0.03235885729690021923526748424959631478259325376711786 0.07809039144045305095746334692052847969989670673385262 0.03379967964461263124910611437001772827670720289461315 0.03730887911451562538210028480145652451938076410442591 
196000 0.0872722888629071426867030852880802171966934110969305 0.04018311832853690474635379413503866175005896366201341 0.03268002199304298511118183762080846577191550750285387 0.07783165727740177316265309317988574377977784024551511 0.03394146184214053200522802355987295186423580162227154 0.03700467353662922421328657952843688150323941954411566 
197000 0.08677068434617952508608766312714344337564398301765323 0.04005616008644056017120151438892783346545911626890302 0.03273543184622864901840450652104053119728632736951113 0.07736198902344664909210177061726909641947713680565357 0.03399929584663411466800690165224185790293631725944579 0.03677940206419825877636516769930707937419356312602758 
198000 0.08643433399448901965645688724726447560442466055974364 0.04032790295990398563830115451211977273260345100425184 0.03271610950289465014376947410434937069112493190914392 0.0774400375486624877559359118872617244733191910199821 0.03344881186454168262034165187701617583115876186639071 0.0369306335576515888526559754784228672974677465390414 
199000 0.0866488419475465439185740343375208283305255463346839 0.04041049441724161764939379781758077569975284859538078 0.03297107318119884781308886849415795694540065596811473 0.07734793107246688466935909817001615351728105451911688 0.03350151071460230388520296247734098216142228920944035 0.03687361757652807503450251291887695970217464491724968 
200000 0.08715008507109062934025940985738323263376514660194516 0.04028645304234727315492877418312556159207815653644502 0.03298277575006976536950258072078412396876956336200237 0.07733454782239495837775807018932283654066850431263447 0.0332694129754624945051889439023851124943575996439904 0.03650962887025547769063744257822534677870862651616335 
201000 0.08740630276168622890298502345340914132520993007346988 0.03998754786073555467088621456772656870271021034568548 0.03289659336851740677041449137374407030165457399562001 0.07586760218814973190013493942185363039243384264409542 0.03333625846158212288665662406672574036292644450441003 0.03652720342385939888786897632166894567262716009281576 
202000 0.08659313542151463851461205487036743022599694086238742 0.03959028701013887911310602969738869916227486100979149 0.03275042214390689472965556214290039349634753307327628 0.07550578512533161026942015586760348355710448231548071 0.03336594395438549910231631687174136402518342947587371 0.0364525974333679836031168151888604000987470499239862 
203000 0.08676850425783844975643078339944125332294788677245378 0.03959038992340186738068483901509253541917132679373026 0.03264416278776319542336372715729542193230372504331172 0.07588852431616733182589799866502033864890108816325665 0.03319645234595237643770299085232977631676476448774338 0.03639859737297229452793385397202374775815769680775702 
204000 0.08598558696318989086934247295657129939172591548413038 0.03934659348545892945293194799261105032428531558252871 0.03269928177182911852537410685171082036504230927675962 0.0758512246873720421416558389038353737987563363276422 0.03306250534978967063186880773195674976250302279368043 0.03611857001874477393719032464192153497606341261416674 
205000 0.0852471537018766212397396370148427990898198913782835 0.03924187431727787997787150649220411224860072252340615 0.03269921441982498724676065374183941969477018574252725 0.07569765294856992049802018457382857263837649952620268 0.03292203035408306974795634471109284646672676899470389 0.03623545197687066196108986518287231604062981205061078 
206000 0.08485494680892458747406255706313693565334688173606992 0.03908896985906382093403947305954027058305655373260379 0.03246694713368485091790254307153595902946108253672719 0.076176623834010939217747850754625105196282675024122 0.03278005906169075619750437680655075212143856333568692 0.03610434917760167574730164469221094236672797705978155 
207000 0.08374079941177209291069917160288405000301281688734889 0.0391000317565228255318576355142878853143884043674916 0.03241946067008378210271566169375923038842302048578858 0.07591267095572257675965702553022573795260541373863816 0.03277993783677870395722349361466996242597815580666065 0.03627503365416088812185450851455215115493047051131725 
208000 0.08383280394319914902785846610999698214072850532829762 0.03905677378449692042344646748797121205143412225879729 0.03240484701389113269371592546130855794217495713382959 0.07518549078691395030568395824177585495817766059190035 0.03283645221459001394649157914984449746498285094276071 0.03612159283847638466551002028870342996924591716378927 
209000 0.08406477108274742107815909186729896873657708056271076 0.03898303084659970648014840760575694389444834087044001 0.03254065536797880406620804560891002665812266059219837 0.07506802901025090735294669624932950569018430542200804 0.03278135169393242749364542065748651111789513379335403 0.0357977292562362158480034936280933521857150481082499 
210000 0.08387688597603987431384868489470107988381641916930676 0.03887830554303930577234797542895972100041035446338356 0.03256875406909515451278126253742417617331739165820181 0.07542497438465806374602307116106203466188162565231323 0.03253095384596585529189140782724276590442968881689012 0.03541254816022320546609427650841528389946688548661768 
211000 0.08429836023919253330994759074168420909245469374582171 0.03901790291774752579635255657353187785929549136199057 0.03256419578146902542596565627297522382832539733499289 0.07497727444318153083835896965947398484786390326917171 0.03279322695090688965052186550075408177917779539711773 0.03510263186109117033282156668250184594626261969096959 
212000 0.08403400670655824784924942116859369889425579458475113 0.03886251819348801508896941794835022676579683320596814 0.03283233121627159955928376700029502899269573390483856 0.07550066248754087696085611491891853574998094700276852 0.03307772225164057079208599666808598982470357441343367 0.0352479895688184948359690778357800056141968525480479 
213000 0.08488180269773426819482223595891845491223648423328996 0.03874639101968203375151345198290631088866575737483799 0.03260496749567256716156632596892439579505662550218403 0.07535116981124075661251484128944078122458449797704816 0.03300079461577759531841101334204147121909045381471515 0.03534110398253435050762677298308300777307522366754711 
214000 0.0843930564489475589916734482587301613421004731208086 0.0386920987664424487578154927824858333451629732735455 0.03237599511697204580825673256305741176674928283318877 0.07499276283554661606253277997269357513232534984126687 0.03284714276315851794418821871235358855756203411146998 0.03553431899788865163674505577573459191853544325567782 
215000 0.08408874801560421595643130682207200266020663548260927 0.03892500837457401575170145603677074319648454547859728 0.03234335254954633822517561826670462465926902950741351 0.07561807615232034652011892938983095291405334137380123 0.0328416588842812993956550050855813793759807595051825 0.03562193349280971306440438974016959861046416335739195 
216000 0.08367312903233047504720663531396773748838313622400165 0.0387647491616505980459490583039938726983564265538007 0.03257808833046755666093671419125676891326293116435409 0.07563029638565812646681463596309846764143003383651376 0.03301063054132778466147161988697433798733982257544994 0.03550698318872282184242871773405259006040068925358355 
217000 0.08320554734364531118397069128778120727929490385577083 0.03880383033736206204464616598137638447951758280396461 0.03258310754547874422672399177813851167684333631768823 0.07619588300726805994456678275406069644759554648771882 0.03321712943084476602249128715516057752665801672264934 0.03557669198059619172181343958738519717144299647770822 
218000 0.08297354697295298904156316682767524639530165586620569 0.03857979573780560641444261661681114361499567166902125 0.03246715903358258986731010170556643856798473279923201 0.07674468521828935724504163959358571389657299732789397 0.03351544005223001115940559789529995526891070767305791 0.03544819542724152243136706563753079990419792011380196 
219000 0.08354221910884336882739458970958956740560097387060523 0.0384488701648985870895983141259932835964718833565712 0.03248062737752410527618447157183201312591336318291724 0.07624842063364007591481875600325501807219552574679255 0.0334005596564184060071490273147176708334882277995348 0.03526677709690671573913465716709758623892412288114429 
220000 0.08244162716366537552089297294366510016061511123552918 0.03858883473380799952485303849769593398377764970064163 0.03243935873267357647799832148782783747265057172626257 0.07551734421599747416713188652437338532763533294200897 0.03325620709536942575009345161862750472892003017477691 0.03497574994785628761084761949307075923343290924094617 
221000 0.0814373924023854509361610570783440721243096049875021 0.03817963911177103697260396507340285410236901952885091 0.03216819636407692113014354477751322036738201859407127 0.07493152312538367055584631604148171390988864004611969 0.0331330273183440554365139334158651962525254930369556 0.03462675893905589570437851022755015861775973462499678 
222000 0.08115211194256366337724389881103093102865386754274368 0.03768807171013358163163642182424961646347583155147731 0.03195263881626014010415431920719697700405959039926529 0.07494114992229327971865002894213958484215254429727793 0.03306774812643682385897032222077385199554555583745241 0.03462955690602898044545680279748811614126680069603026 
223000 0.08056503572844889208653907861079623842215369222685695 0.0375824779568114517762714155146852590405615046620369 0.03177225188316021661731462268074555055363816791214049 0.07436782769587668804890353072001296652615565108135343 0.03287142208845001480708850928602604568595779710449278 0.0349344446717145445041119780626992508132389048114419 
224000 0.08071292332640632932939288649021314370202162535861135 0.03776188206064614107893505877411310933666754863224924 0.03193777301057537386215164944280875403137542889453471 0.07315873145064299272694128412064529243252763990312815 0.0324325907095044951527584679851212712264896254055202 0.0348644430232017224377495320797315514482761500403285 
225000 0.08017965311955324519364038740598665810921374941244721 0.03774099114690601944539002227108070997019240166991949 0.03203026179717388374066006952178842226430788286961615 0.07304496071508066087479013953065454245461296522989869 0.03223770553307427044596343221338763385119818849489093 0.03468365379760106727977304365284627607479706057347357 
226000 0.08007341606193102142923715552891295033077767584472895 0.0377790607782495964463490272650103563023549213539809 0.03196616075107728118729873492687154623581591295078397 0.07230049133594882830057808814627762217241979669779539 0.03240010664152972820120776273333795813869073754176497 0.03464308195086736404160127414386671773627313086763024 
227000 0.07921789278842792912942345762150608834417653270065784 0.03767354349321648544475591574576256448381172958761454 0.03186521064403744398421257540132689456413572770543396 0.07203524671965285917782850430568508670603478094562888 0.03222804851652939191872693398821514421115352888591588 0.03459507161800206385886637984461433603655677870847285 
228000 0.07874679752606675500742469328563366559592395788058639 0.03751561324583609041249509380433480032479565124958754 0.03159390960098925382249814008961408262621262110769749 0.07131834573188737251450523835227812696757609955966473 0.03279340921107972748287226125163407175477914279326797 0.03465547731000937500153128052737816489070610259659588 
229000 0.07808557744876311259592640071081071084790892200544477 0.03724932906206646307883619852197032429330647573806345 0.03169754588141164583386965615530161954893628717400134 0.07206074360913008304909983109398652345589653123170137 0.03310424824267498636941949204104407300519596901722252 0.03468520086199541323533418121782823106968862703070045 
230000 0.07802753951515819451730708936065816772043035598471761 0.03712062115438663083321138569381503202748717740178108 0.03166441293240431673232447400134770276736162486486137 0.07248096865633388997528663982850005709224205929785967 0.03286779028146191978010967442436207619493870879523456 0.03489137589110178585183243832323896072011848445981741 
231000 0.0781659336540896188691104375101392776059583411552012 0.03706995646866274737063246154378237662285755504854023 0.03181467415461710938683970520401977921665093163028359 0.0721903131327629182467328118610883080918938503600657 0.03270139835401453712085385015784222417778437375091016 0.0351064166216302415774645848817181459367020579520613 
232000 0.07793016139296042769728754817659677200936130248010159 0.03713008225876673498198963889460610943160645547322929 0.03164859763674095669244538953090994937156210653483868 0.07326911227060244668281459301528713012885418720543385 0.03292991977085026454409913930498898793075568391941488 0.03545459166055434469070348560415517624733183765783906 
233000 0.07798561677043534893496654070155216231796657666563988 0.03731895232891315817343874661204949916282203048467636 0.03176736662411325453237321420063565824420948047190905 0.0732188116599485347015083443189542578011241857893765 0.03293460107596597083616583694076762611757658305577934 0.03511882754684746791857923031709987071735667996108532 
234000 0.0776053769513701140523144819671763627866312162950635 0.03729226736671374972559062262178475322116355528123677 0.03158991374346995553826266192598559712223504902794957 0.07371646667508699615436367283405338923785166116431355 0.03308349148430575816252820903207165770254505332559347 0.03498453696134880241727757761716066653434609179385006 
235000 0.0772416055161869703836029915633432096910837572067976 0.03700910715920655307917155711627810177333230967633426 0.0314044139017312460895599117438603542495911824516952 0.07355667769234920487508855302394294994883239269256592 0.03310503190682480036393254413384923395824444014579058 0.03464851613002321150598422812294518990938740898855031 
236000 0.07758593880518519665114799549465729455732798669487238 0.03685536944037513774289488432955863572715315967798233 0.03127181577770819141209824795768490446334908483549953 0.0732669529572108788211307582594056242442093207500875 0.03286003827048018383682266747858324862363588181324303 0.03465006396259120820192885237265301157094654627144337 
237000 0.07731494119321642325770929660144759054674068465828896 0.03665097999160518547171762858416510511005981243215501 0.03094854207856608051846361399916940371213058824650943 0.07295841845422704512251184730264874644944939063861966 0.03255137706619228600885451903323986044824778218753636 0.0346351368860796642706043665244086682264423870947212 
238000 0.07662666619683102755438471737070571521144302096217871 0.03665472950407750579986804195797844840853940695524216 0.03091632360715942589183343087999578102653686073608696 0.0723530508034230872928043928893337977115152170881629 0.03270582597403011711231063905758187360106603591702878 0.03464005103229201660625840089591243042832502396777272 
239000 0.07699886299212876168191919609706808103055664105340838 0.03652134640741836841350319645127520118421671213582158 0.03069856492713840232778828905763068846113128529395908 0.07187860462563941675210405987672679373190476326271892 0.03232595766402173917668932956459570959850680083036423 0.03489411677681663090011998824835348642636745353229344 
240000 0.07802353973891159985885141933681374837306066183373332 0.0363784409091453621726004307584956265486653137486428 0.03082311559241496203171166348017129266168012691196054 0.07101059915424920325949026053691248705490579595789313 0.03262889180150414857883053691700592224833599175326526 0.0346058569296384253125595069355835420310540939681232 
241000 0.07804728082481638419792401711871931979658256750553846 0.03625521099888698292249130869513429331618681317195296 0.0311868858951500018306286776681446326620061881840229 0.07117705095102853793197867846020976401177904335781932 0.03283864282425736938974235312738159109358093701303005 0.03452248722076589279662340616072757626398015418089926 
242000 0.07807220140275323081021849325189521096035605296492577 0.0362689818183953154299059475768052251964945753570646 0.03116725923061957496802113105893727862394371186383069 0.07138630083368591224820621024549360811306542018428445 0.03283058862248054647734081534782291100782458670437336 0.03449519539593104368904426595965340140992339001968503 
243000 0.07753303066037907491798433431973158747041452443227172 0.03612410374690534934163672203810691030412272084504366 0.03099018981328734570612347572204914314397683483548462 0.07164460985475134366682941830517528103428048780187964 0.03302214438898979866724727426363639182227416313253343 0.0343477527062739009152943312624950422673464345280081 
244000 0.07762114144873168147001308778132333543453569291159511 0.03598930293671015928679349227259365306963445618748665 0.03073348805996645731581046016855918168175776372663677 0.07147072708166214118958746090437550435581215424463153 0.03296232675162870886482005018669472207193393842317164 0.03438313080149776003653118439107316817171522416174412 
245000 0.07804231719399094362844089209363396264507173327729106 0.03607032960493583051791413769671112987680317019112408 0.03076979136119868470138549385040072081665130099281669 0.07122160158908559192045533564607850962602242361754179 0.03277293092942700063625307768666594654405344044789672 0.03434759842138787456328717639930658833691268227994442 
246000 0.07809279307663926955103026947280220326774724526330829 0.03615451937117657151018568044420486984336093883030117 0.0306788238223626765147490462470880601131284493021667 0.07155862945952436365777997104298258079779770923778415 0.03277242906449091220253875232637508219113442464731634 0.03435022722080942058915219855519396219278860371559858 
247000 0.078125327154632345128427040742424836139434773940593 0.0358340526174952129210594942154699538150453008711338 0.03052570625622090170586371907224254584889422403648496 0.07136146257342849618478036397006825097832916071638465 0.03256002196566333339389567869126551613589981570839882 0.03424847817688567782891092064478932854854065226390958 
248000 0.07813030401205224100252399316302032161729584913700819 0.03562669060752158905428649271485141980519983917474747 0.03039875579156451712329266821865925152224008343182504 0.0716749806139129140751336220771516849481486133299768 0.03260524039196357945683923777735468974015020648948848 0.03422611035485716146552714021777941155733060440979898 
249000 0.07868158321777616297519651958336517338921112241223454 0.03546162510022233439816916576725613907683509751223028 0.03022831198935538638789357647473909906921107904054224 0.07167965049376594246729500758963382622823701240122318 0.03239555859857183368847731615158824780564827960915864 0.03402927011491982864683386068860304618510781438089907 
250000 0.07827496664348072492910831504664415092520357575267553 0.03541522679568552314427801706864240571803748025558889 0.03010153744168972359035636471996655316729629703331739 0.07133478973680212501207132877456551511841098545119166 0.03230386468489756797932812085183407191379956202581525 0.03385705788441374352042319284539217960627865977585316 
