1000 0.1746287751369940677824161429088078989479981828480959 0.4088540522607703385472247697984826686479209456592798 0.506556231514903227677783931204302803052996750921011 1.428043021431924724162429440887933651538332924246788 0.9021845807959100818911209185291255607808125205338001 1.600572325500243320035159699799010013521183282136917 
2000 0.1363270482532939846114254309195068515236926032230258 0.3252915818864621757470871610262719286765786819159985 0.3759377985893878866628225327017887025249365251511335 0.9075701749927985468452407147310623258817940950393677 0.5452816912657609511134657043207596416323212906718254 0.7819969665947390214354173476607456905185244977474213 
3000 0.1192460395261461862615945395127425854298053309321404 0.2887393790882118189272675934375911310780793428421021 0.3117550419674170819551908134803497318898735102266073 0.7175279246212760105093179940904946079172077588737011 0.4530150786344656671695858146664548371518321800976992 0.6318416767847909690128220538962722230280633084475994 
4000 0.1052300978794924642890809378392713568928229506127536 0.2559341444985853597407065435076489734456117730587721 0.2700150962152785302338841438851702037027280312031507 0.5149564275878347222536145222360204343203804455697536 0.3540870836607040520187424104125994972491753287613392 0.4547364079342601107379829433741136313074093777686357 
5000 0.0968400984324973786548083377889728495802046381868422 0.2351569702482785568890821803478274887311272323131561 0.247752065892238478110034746726419996321055805310607 0.4588043866847118891288351966162295525464287493377924 0.3069595759285376690363340845824069447189685888588428 0.3909213399331517034605929655777245557146670762449503 
6000 0.08904769275869847130973388019126169012906757416203618 0.216851727578241083795214383389549084313330240547657 0.2284551700965991231744023348682048890623264014720917 0.4115168695359967948588491432060365582401573192328215 0.2763986555761848955140372319227992647938663139939308 0.3428631246427329856110884087616597071246360428631306 
7000 0.08304240648145099402168941085666808987753029214218259 0.2019306269732632717737617553122042579616390867158771 0.2131387496630178145717252752300296947396418545395136 0.3732506071516265647722895154592137600957357790321112 0.2559676812059901149828521765838829082895244937390089 0.3129657544632875130076032216264181329279381316155195 
8000 0.07862925862681599934893078227005069891220045974478126 0.1913789060567432013908184540440515775117091834545135 0.2006758968794534104705326593709457938530249521136284 0.3509684211461607287953386180578974062882480211555958 0.2434000606341713449998556684228390167845645919442177 0.2966840821522234662905876528826709659369953442364931 
9000 0.07533337286270077046899896686116271382616105256602168 0.1837013932201854219235454337977309080542909214273095 0.189648586435022759749159659836692526369006372988224 0.3424665444336779931088464434818519066539010964334011 0.2346258915342187729177834271121483311617339495569468 0.2820921973818186182403778411442729634472925681620836 
10000 0.07162153071117277170176381242971963558829884277656674 0.175001574667289188673630941084358170201085158623755 0.1796972602409654693540914938143515655610826797783375 0.3210795876825659131968172810278616680079721845686436 0.2224077431124113188488792061670018540553428465500474 0.2619149059387001092827872150703427678308798931539059 
11000 0.06922927534232337114976710279456995067448588088154793 0.1691502922347430135183599803072596046149556059390306 0.1733839771286366862059445670407598072415567003190517 0.3101728904970094955254305418845817143846943508833647 0.2109340771105238413428688976081204486945352982729673 0.2518075721849350474389889198434389072644989937543869 
12000 0.06716843634222078960612596285062458889569825259968638 0.1637285720332407401789642439893235348336020251736045 0.1675228578072094154583415379078381590716162463650107 0.3014584785975244883180976240844017866038484498858452 0.2055600534997117577023497889121550485924672102555633 0.2395123240266756926446006445430292330911470344290137 
13000 0.06393407124788965437925825768816778804648492950946093 0.1556658370266019580658699988928717061753559391945601 0.1602219736651322003553876704984304524259641766548157 0.2891975059350238490361167942310771650227252393960953 0.197291843151007656017507756185391798453565570525825 0.226429666302551363225858960248615403543226420879364 
14000 0.06106116071967891615181276560031520261873083654791117 0.1477685497909672974922419899646008900617744075134397 0.1552138035102766218332939057722441589248774107545614 0.279403526692583200756762537575461635697138262912631 0.1910875415985776233526683906549514802009070990607142 0.2205965894208636617805988078266921093018027022480965 
15000 0.05907007732924243468530778843061934679781188606284559 0.1429398249460027264383680731252290740940225077793002 0.1502271301246503857376420401625871647866006242111325 0.2653911550381779936493703564437396380526479333639145 0.1855964873957569067638257928609668567787593929097056 0.2149810353658721450239741865284592847729072673246264 
16000 0.05772530897392763473660896519912277824460034025833011 0.13999554970794136214728205919177739247061253990978 0.1453657252436422160846640413978114736437419196590781 0.255971463671932878439175748641609686728770611807704 0.1794750918426697174057598410668035171511291991919279 0.2097863469423909609179674032319873333563009509816766 
17000 0.05581083758445276671653198161116016251526161795482039 0.1350373032711469430838281680085088964915485121309757 0.142071524993798553327664299650301416022557532414794 0.2454897015980741392280565366101896529471559915691614 0.1740957919502250629090146435973274208208749769255519 0.2018730541560362512514990515621882138930232031270862 
18000 0.05456552188201827623053132877706250525307041243650019 0.1321473441910036708882552475285976356644823681563139 0.1374931553341715749158320064582383679407939780503511 0.2396988951727959625401980295333892456710600527003407 0.1691200731507451155224714539615504804714873898774385 0.1957085300609025118218379721279909233544458402320743 
19000 0.05355347585247470419431777173546738168852243688888848 0.1294599433065539954173552017469006614192039705812931 0.1350976891260089340245694605746606953289301600307226 0.2335134161843882077768492708247372036112210480496287 0.1660026151138633641456566342187173290767532307654619 0.192892295778649348076002299767761627435902482829988 
20000 0.05225756059813785280089592534535913870286094606854022 0.1261469834030558830138130099740578771161381155252457 0.1323787147019161410989047250597039351305284071713686 0.2264877177906285386256579617025863626622594892978668 0.1617110628146008656101564188167785118821484502404928 0.1881956874114456675978939229065822758002468617632985 
21000 0.05097820049534739140738846298328557082868428551591933 0.1231066354206009244405474641059772267226435360498726 0.1285346353610374827211712198127280259996041422709823 0.219509113970978755563784844129227025177897303365171 0.1571932995714556002565245526603199266446608817204833 0.1824045987532467199469885660301216034895332995802164 
22000 0.05018792694810893150673784812720867876123520545661449 0.1208984203079760997803391783800286418681935174390674 0.1266231628657358542904302553533391062501323176547885 0.2163529999927102465893643049033023828542354749515653 0.1555116384366762862466720268583841857434890698641539 0.179178699799941101102095444841388882650790037587285 
23000 0.04888826845564477675107795291709056328954829950816929 0.1174756553651477646875900436029827034190020640380681 0.1238497642253679687835863851286255510331102414056659 0.2154627165272169019943860820975878311855922220274806 0.1522562711314140649254602472018049752477963920682669 0.1751541312942232902382560036369518741139472695067525 
24000 0.04744019773015811576886762920834961221316916635259986 0.1138388119139280728458747497799929959683140623383224 0.120715502549756579085574008380898902714761788956821 0.2115506401213260100714402475730047115121124079450965 0.1488088824234058096969684353849672220349020790308714 0.1709101163986395687698549225586042155100585659965873 
25000 0.04704990318553323510266284297742789277663177927024662 0.11292057521490804194568566623524397130040597403422 0.1191277654444580117471127155004406716898301965557039 0.2078349127013204043290875433491748935921350494027138 0.1468347809918558806750255377182590166285081068053842 0.1672035873192812843751218696008997710578114492818713 
26000 0.04630413484429607854359739992078370818262555985711515 0.1112390328749296166082997927571085483577917329967022 0.1167524185381077529100805716122390975897360476665199 0.2092870022860388162235737580241234923050797078758478 0.1439222132786198149738843971023882772897195536643267 0.1642873782367721235248524125349689484210102818906307 
27000 0.04542458244117072322043821355763704161745408782735467 0.1091055498147594775241596594395065977778358501382172 0.1142355916004073935172773678059510160665013245306909 0.2063157995319466216614526579697930230850033694878221 0.1414223601487867180628984695167638108159735566005111 0.1624678714493944520485136512322199564550828654319048 
28000 0.04460179785592696353809937133416685384190714103169739 0.107205405036654771727547622028886564748972887173295 0.1121243818148707368129407373202877096218799124471843 0.2008730669611453776511036592444803261514607584103942 0.1386617592936360292054992146559833088304003467783332 0.1595571802813155038689189521572409091731969965621829 
29000 0.04371645527756138460668362474836889930429606465622783 0.1049008901009634631883377445249472259547474095597863 0.1100979833129585621750361028314824096696611377410591 0.1982252331073465390114595949255793527754576643928885 0.1370529147598691583666025844978619829817034769803286 0.1561905551513739282058724697210827514481934485957026 
30000 0.04285357434274320968871124955257290167764949728734791 0.1028869705644925102737733367541661522182039334438741 0.107755594566166187453590957767701752345601562410593 0.1956463874149821467870666302779625311814015731215477 0.1347115570742054558147022050307306528793560573831201 0.1528641450986530796499977130631364730106724891811609 
31000 0.04217630807336272315695132120727528501902270363643765 0.1010948917524440881753598243941727474748404347337782 0.1060791355141488686466394973650917421537087648175657 0.1940901430651781442746984032710066969684703508391976 0.1329885726842536144124860483795025345443718833848834 0.1502968717128565742690345791165995592564286198467016 
32000 0.04161534095616938351146381347422931185064953751862049 0.09982542545341425089448859214735776390625687781721354 0.104501915700657626120441412442829687279299832880497 0.1900345978204203003321306336692586569370178040117025 0.131129290746789234042065513952124433671997394412756 0.1479985690948299524274034064119653919533448060974479 
33000 0.04116490630527966210043273181939937899187498260289431 0.09877630386357970652868448757644159741175826638936996 0.1031254945076636784403165993106998854500488960184157 0.1868531730179142616075048388690760248209699057042599 0.1292703328095872566646032386650233547698007896542549 0.1449994341731842925380694883652488158531923545524478 
34000 0.04038718030224396428101620720729769686840882059186697 0.09700780494884116826896560542570213669932854827493429 0.1007529922891606655432341840827881185305159306153655 0.1847209007143301832016028460325962612387229455634952 0.1268559364252380344340390139201701913407305255532265 0.1418295499652531415659111740934505974109924864023924 
35000 0.03972168132512908965281862687379810239463040488772094 0.09560247509168169564164460258459676822440087562426925 0.09883554898891395052188887926369886827160371467471123 0.1800184546599315307303674354999500906160392332822084 0.1241934613552787130340390904514880077158522908575833 0.1396511194207042293251004941301296469191584037616849 
36000 0.03925178695021282546993401756096897514680676977150142 0.09438744290237189592159819037653356588180031394585967 0.09828707192576666894857960812825758978306112112477422 0.1788274865661391037135671822078109016729285940527916 0.1228754687339262957132958280215273560997957247309387 0.1379098960213793665079834438458306067332159727811813 
37000 0.03838997145061027561012802558626511029160610632970929 0.09240213396972704289872822813745045777977793477475643 0.09668181601436259729823998951281360803022835170850158 0.1765036899970244920322990506145188760456221643835306 0.1206240919687466803299560891282737884466769173741341 0.1345920671558240097343819505204542963383573805913329 
38000 0.03797888861164428382316093739390350236817539553157985 0.09140467661262839944288699153829291788042610278353095 0.09540621701165008888248682261679078919769381172955036 0.175269149417217803442123336132851818547351285815239 0.1194469530706583998517231540170691062030527973547578 0.133015039738948950986019599540544078308812458999455 
39000 0.03758249517570100824032119403439455851412276388145983 0.09026614338684901003259956550617282289294962538406253 0.09486370959577647912769208030092649153175443643704057 0.1728328596036410418204177022460932278136169770732522 0.1175976571309167222973346075831635459962853929027915 0.1298680649295502636565713405758515364141203463077545 
40000 0.03695576763253175837188385308151872266080317785963416 0.0888853739348523060921506214193676953527756268158555 0.0934046861153491068656558836413861257597091025672853 0.1713637026628235230545690276349191094595880713313818 0.1161335860666258633621663806656520989690761780366302 0.1279779626241771091821244205055663201164861675351858 
41000 0.03665235776651146218127843602607729422970805899240077 0.08820818882389539395441320837609744387464161263778806 0.09226642099626243201252254189093093827978009358048439 0.1705540371760221478764389321791661302540887845680118 0.1154955327424019019986133581523457536377463839016855 0.1271524878114124511790201596528326888346782652661204 
42000 0.03604352324333820954108034001484028863160347100347281 0.08661531454816389547938853751829491045555187156423926 0.09118344049660721590980314715801924307925219181925058 0.1694356022339799972177424094987863156802632147446275 0.1135996229046454287177673157793744707078076316975057 0.1254072239589707818126045058004791599159943871200085 
43000 0.0358607018707147406257475068247497773654686170630157 0.08635469725331488413471413279065558299407712183892727 0.09028358514307923647358418775543675849348801421001554 0.1681536679202780648314163522427655550472991308197379 0.1126205565982018995480821825505568511971432599239051 0.1251988734516870317356723035784327180408581625670195 
44000 0.03541037056870430247809060191055419153371985885314643 0.0853556838066759419498554482819141497884629643522203 0.08918872222174221698454783455178862539014517096802592 0.166443722237587305668653041290649952088642749004066 0.1112411643223803680167387046562321728515598806552589 0.1235157149831164713168259877695831505661772098392248 
45000 0.0350672003518237043391580273071772566595427633728832 0.08457190541937347233756921624503455348076386144384742 0.08819061300154778854418604130960268605576857225969434 0.1646744723993830031516733339302938077253202209249139 0.1097145142898406367773424946454596806688641663640738 0.1210921400194492392706001153424022476201571407727897 
46000 0.0346123558632007712180828507692043061183539975900203 0.0832816345969357376232528565596080483146579354070127 0.08753101902607413556134949642051346074822504306212068 0.1624009241217484664888221976286608594364224700257182 0.1086734555566654160000750542480751903440250316634774 0.1193428892187324789203595187814244127366691827774048 
47000 0.03426385579969739514363748396352793434971317765302956 0.08253197995102737949738285622158784349267079960554838 0.08660455198924494711468832081058266680884116794914007 0.1600381673766974335940951532086806707866344368085265 0.1069358084468982668328710695926364593333346419967711 0.1173416083934103871892762338546845057862810790538788 
48000 0.03402392624524970876956873888641297298818244598805904 0.08218102733276355054635974040078139069009921513497829 0.08524847443007266770554752194355430106043058913201094 0.1584264836318777646691864299799412663105613319203258 0.1054946291986907765670365179355716378495344542898238 0.1162965840910883476942293442146780790835691732354462 
49000 0.03361321098608682978641296057453757839539321139454842 0.08111403756723236453847480920131829407182522118091583 0.0845415782167480216215669532042742417843328439630568 0.1574619742334662887624533930686077098926034523174167 0.1046139557672049090207067913171901096802685060538352 0.1150996668769589785247947633095577657513786107301712 
50000 0.03338516508736489672834382019805943286883120890706778 0.08056655563149852302697560835209600327289081178605556 0.08392094093682004673042437031815765635656134691089392 0.1554015873762641412804842017125750430750485975295305 0.1033138816011548956604678035919864242941912380047143 0.1138751332294603506081732101351544628187184571288526 
