1000 0.2163893579356674692475712498684892182154726469889283 0.4991596349574139104159943569616331160432309843599796 0.6004855208837164779736225717066133711341535672545433 1.836908568020439085164557946328045545669738203287125 1.165717346636070391851375260827694546605926007032394 1.904151348719826271935033623616817521906341426074505 
2000 0.1719468157644757892477680241705151331643719458952546 0.3955479768270923938912504713716344895146903581917286 0.4629231485430459033976469118698560123448260128498077 1.350625898993435439676344400616869734221836552023888 0.810501170457130898946811192740113938270951621234417 1.342346716376542035530777807750268948439043015241623 
3000 0.1472694198467238295874618889125251541827310575172305 0.3381451461727349484538262397448349361184227745980024 0.3915128412796504651645183858743592963946866802871227 1.256552781986308881933406267350505913782399147748947 0.6400915826657324685881184089808471071592066437005997 1.002253613608370291006982588655205290706362575292587 
4000 0.1301251017804609973730787728096736088900797767564654 0.3028502512058925984618582699647859612923639360815287 0.3339995264262222823803925864094566122730611823499203 1.177282673884108768285437773837287522837868891656399 0.5329088596353540908945323195666787796653807163238525 0.666458259694188949776808700287134001882805023342371 
5000 0.1152511420523884610862233764116968615098812733776867 0.2695534137567367833005545912916645079349109437316656 0.2929771729751332540734373027779824383287632372230291 1.071060540181769873621653310635792877292260527610779 0.4432312172235295362281680409122230912544182501733303 0.5557389576236695716607814909959728311150684021413326 
6000 0.1089009004527252412702735540062093377855489961802959 0.2542245561543414945524736042736790864182694349437952 0.2794410961553749436650593424014132892807538155466318 0.8489317316652057695039977625039995245970203541219234 0.4013432787097626799725780255556628617341630160808563 0.4960737260853199524139687387469521695493313018232584 
7000 0.1009998800775885829545948195462568008906600880436599 0.2368526512096906984789759439968825915912020718678832 0.2585232327376538675382886683928873594595643226057291 0.7000610258856578905269779644626737535872962325811386 0.347136657501943968732625520057233359239035053178668 0.4391614028739807248967810804352041031961562111973763 
8000 0.09676473128785758470596714553302319927752250805497169 0.2268574712508596542896418049584106313432130264118314 0.2463724271043070981575869721202920459290908183902502 0.6163001142866280607592911755521214445252553559839725 0.3292133791481006198711978250059928541304543614387512 0.4122384009113383901748949023069457098245038650929928 
9000 0.09250254018555621678175995836745926226285519078373909 0.216149073148377320654480934769559041797037934884429 0.2361599958179992118456700517237223380107025150209665 0.5355608937415892102282787001765740342307253740727901 0.313250831868302624877778428391650322737405076622963 0.3912810139243874703188566521738778192229801788926125 
10000 0.08834566129635379196874834378805374512921844143420458 0.2067891443621721423985716434290615950430947123095393 0.2255154711896547198730347480455371567131805932149291 0.4903292658581178767047276112478471077338326722383499 0.2977185819378980647807644149827055457535607274621725 0.3641298455708405514799803903702724028335069306194782 
11000 0.08362838533970413262987443972495960053947783308103681 0.1957856041122257053477924079731842255114315776154399 0.2151055640144993542971305761080103025051357690244913 0.4490513258390496148986150565241004528616031166166067 0.2793912301697302856941327459106005903777258936315775 0.3398480551515626850575188533376547184161609038710594 
12000 0.08077389959401812143780603411857832441000937251374125 0.1890250816587229165487279644586315896503947442397475 0.207145936193609732446142303319280841833460726775229 0.4369612315794097425381177501879648161775548942387104 0.2683020064899906192631973134155032312264665961265564 0.3215723912078909979171074257076057278936787042766809 
13000 0.07867164770891124272306476478133774321577220689505339 0.1840021467650220218711118805310356094651069724932313 0.2006474435072675742766645790027268958510830998420715 0.4330221236413331738972047613156490797337028197944164 0.2588466804187335808717842361437178055894037242978811 0.3052483085694764139840333416753281881028669886291027 
14000 0.0774142538070217810361114962880435541592305526137352 0.1807040583073229750993293762917346612084656953811646 0.197014570336332167668183697195605219576464151032269 0.4125045305000508183326368011334395191624935250729322 0.2506871024889134390669677421303873643410042859613895 0.2945189025869142320391159267645164732130069751292467 
15000 0.07528173818739105390139857917897181494026881409808993 0.1764687173185923195278205360958523328918090555816889 0.1897616039918274162139099139889886203036439837887883 0.3853954135415585274284083067142248069103516172617674 0.2432891943976011536201163598658325781798339448869228 0.2839196522845939677556076352615832547598984092473984 
16000 0.07414603700572664481897432880996845483423385303467512 0.1741074951161119407309213480417042774206493049860001 0.1861755832148347625948098943426955997892946470528841 0.3655530436835145688975832328759807410278881434351206 0.2360465556720753268522697623787998111311026150360703 0.2742787624358903867023435491079297321448393631726503 
17000 0.07214636976146517019671663625834945321457780664786696 0.1687374312092641179781915550250914748176001012325287 0.1819403261883463523990037483124559969382971758022904 0.3566051932324492101098779850421038872809731401503086 0.2302936399826486598048109338821021196963556576520205 0.2674770087965600412201021274238854630311834625899792 
18000 0.07037438723251133815083215375385528034257731633260846 0.165185786250528806744274426532292920910549582913518 0.1762518734392324336378386068213686144190432969480753 0.3513673718973930868748889455588368946337141096591949 0.2256340366890873630240262059931666271950234659016132 0.2614010021465555959796663032523866831979830749332905 
19000 0.06877571813785015778343681636108897237136261537671089 0.1612864821411666329923923629552362513095431495457888 0.1723843431858054108305302112857937402168317930772901 0.3529046797779685920657798819943806734045210760086775 0.2182290020246640734080147139284377999501884914934635 0.2554575717357827118402738980629251841492077801376581 
20000 0.06734639589338277012437166541003463748893409501761198 0.1576051262654790712842587871445054759078630013391376 0.1695854812557241933078811674251440422267478425055742 0.3541128906878839725834787199865161255729617550969124 0.2142682167015465442367000772905250016719946870580316 0.2516672564531215506872935394611090487160254269838333 
21000 0.06560795399353853942696433027004232485523971263319254 0.1534243047490974709112614149386644157857517711818218 0.1655051033383177829389756516298426447519887005910277 0.3474623932173915770188921819938698831720103044062853 0.2112965900040645323809240102574946718050341587513685 0.2464442395122220554048997342988513992168009281158447 
22000 0.06419587206738662530714541881726731276103237178176641 0.1498848000954582119971948001024841801154252607375383 0.16225746972133416276573049386033886776203871704638 0.3377879078410893021948251113695249614465865306556225 0.2085544837291872263509073456844156169154302915558219 0.2416098807190567442255979546672506330651231110095978 
23000 0.06320620429354487494099301345129582330173434456810355 0.1473091284496833109832333516542313134323194390162826 0.1596130117518638384606398730736209756742027821019292 0.3348051185891643761116318045445439111063024029135704 0.2075093286116065226958905809429012379041523672640324 0.2392256570561733248749198069149635159647004911676049 
24000 0.06163530583094624984284064586614881875448190839961171 0.1441054497941745607246131696821400680619262857362628 0.1547023353483131612564130397124984028778271749615669 0.3262733697171775298071817739131716962219798006117344 0.2024124488770075450865069260908413184552046004682779 0.2350074481057065635381496393474520800737082026898861 
25000 0.06084541210725616707389717258136485611430543940514326 0.1423307171043068798378617920152855447213369188830256 0.15196587135482770726372693526062818136779242195189 0.3172838303834366695786468187678863728251599241048098 0.1992505864970297252094415599299459529447631211951375 0.2336219727062956416548935786869911623853113269433379 
26000 0.06020418015488839141811645665203212018923295545391738 0.1410608754780663566535817490810167385006934637203813 0.1492307536696290406558413135784668668293306836858392 0.3102533549170187775255533996210388636427524033933878 0.1972663998392552853878125287967471024330734508112073 0.2307757313214130941587389975189203994432318722829223 
27000 0.0589440671755974853069368676189432321166350448038429 0.1381899984242849946218262974229062933773093391209841 0.1459482701023019277889077038867782221132074482738972 0.3058525846858565131445879120564157460648857522755861 0.1926302261753420327146553436836740047510829754173756 0.2265777833175704896899243720453931416614068439230323 
28000 0.05809062764309981014590423750720837858807499287649989 0.1362207613247130901781498102387502058263635262846947 0.1434195181826851522020101897814114977336430456489325 0.303295890676760873720619812732302023050579009577632 0.1891205492044144504185099187054674985120072960853577 0.2257337493062688018837565889773699723264144267886877 
29000 0.05746713904055418850496989198461950110186080564744771 0.1343606897441923415123608137600186296367610339075327 0.1425356980867306141264570784610299369887798093259335 0.2991053181630724364548513244388416865149338264018297 0.188415955184881658547547608750782899278419790789485 0.2271381535120788509337199159721087937668926315382123 
30000 0.05731905258460315889947707043705626972496247617527843 0.1342049150840354158973743298188807671067479532212019 0.1417838284697845489882835415262896106014522956684232 0.2970110194425260579525766707620348938689858186990023 0.1863998750801585084778703646501973878457647515460849 0.2272075390534199777531256664309111670263519044965506 
31000 0.05609157487560779668534774108912266399329382693395019 0.1312645786572984114490541401876200211518153082579374 0.139075898361817452657663955750688700163664179854095 0.2908012711136585321967593098513304994412465021014214 0.182473655688492907676217548440522620012416155077517 0.2199177316237719733549695402818890954677044646814466 
32000 0.05515710517752926139310905295776166212817770428955555 0.1291330325109994322602341779160362023048946866765618 0.1370595375014240514517736141408832395427452865988016 0.2792820013784400999426286993365664557131822220981121 0.1771036198407626853534076877272340766467095818370581 0.213049117539633570833374626163347898000210989266634 
33000 0.05442830176810468815744195429651153261829676921479404 0.1276007772217463122154225765858548413689277367666364 0.1348926902869692754949890525772993044029135489836335 0.2743294031672386303760680092977963795419782400131226 0.1736904891687497322377191702469367839967162581160665 0.2062740871261111067451595943444964120772056048735976 
34000 0.05378885629431294384777246207762768648308338015340269 0.126290009721127436764743709463054699426720617339015 0.1328306648916229986431922910350422739611531142145395 0.2682223906628680389270004413848624835736700333654881 0.1697718440604563579096825468028875150139356264844537 0.2015003871406169835671113449437896747440390754491091 
35000 0.05323501302147907691608643039604675806231171009130776 0.1248544996602387251405331600184744900161604164168239 0.1317597579152687520509220145403794788308005081489682 0.2639542376655888971802473019767631967624765820801258 0.1666700967065363613337858686436199207037134328857064 0.1974746890519899227049932868838233446240337798371911 
36000 0.05238164269583395552654482910104327686440228717401624 0.1231957458374736520410387165258558894720408716239035 0.1290705359705282545811641861654983642893057549372315 0.2567745755976349519356712741702253310904779937118292 0.1636718756799348783575196245032579156486463034525514 0.1918255015088874226945186984849556210974697023630142 
37000 0.05140209047460673522474605343091091924634383758530021 0.1212352571082008556092087653288658088968077208846807 0.125890659461050608008839471474438198583811754360795 0.2520136917520800109418412787709584677031671162694693 0.1593017028674768382416442047411209159690770320594311 0.1856996289908639708219435446312495230358763365074992 
38000 0.05034959585123248117032685941540925966819486347958446 0.118802393471306151823997654393139100648113526403904 0.1233794290431255171220530954256933142687557847239077 0.2490122152223160596827382373685821903563919477164745 0.1565950291266707137735874483253084576972469221800566 0.1814880525107984585663455090465134844635031186044216 
39000 0.04955382280360187251610853097216757845444590202532709 0.1168084714257579772889476463215707724430103553459048 0.1220883749087922094176523156450198115408056764863431 0.2459980937435788089768075662111534995801775949075818 0.1535225439568348662774336516045892153670138213783503 0.1782620908326248781815672253547866432654700474813581 
40000 0.04879031655015058485785873175488713826553066610358655 0.1149869028132747420247144858052035232276466558687389 0.1204778941056775518734134507170541183995737810619175 0.2423653890282341274829561519887910492343507939949632 0.1507849182859888445453876854029928722411568742245436 0.1755111773203048255358269674752946798435004893690348 
41000 0.04873578542498417162309666712805000798880428192205727 0.1148114184356584772337414937504185274974588537588716 0.1204548841457470955258962988509985336804675171151757 0.2410994389020948500807189213146486395089596044272184 0.1497663577497470187342926487006344871133478591218591 0.1745521871652919368835075314416727110256033483892679 
42000 0.04837042919924092336433343528034889402533735847100616 0.1140424229555974525770339900176963965350296348333359 0.119163092792238068238943986265621077791365678422153 0.2366991981110489476689126217556768949634715681895614 0.1485174125335804723983422134803156211546593112871051 0.1728212146809713907442485406051879692768125096336007 
43000 0.047759074317587991440677442495088556029259052593261 0.1126947520148987074361471988348526451773068401962519 0.1176062025653454200114079834793567869155594962649047 0.2331067354879961705442590474968156399881991092115641 0.1457686452525364094749606852507994858569873031228781 0.1703280693154360717745223266494924985181569354608655 
44000 0.04684069628593702196210591878755558070679398952051997 0.1105370886978156692189681660487554637484208797104657 0.1155354342911683894465683063168537358933463110588491 0.2281673107538960965903675898180935632808541413396597 0.1440646784654674497085872358903557710618770215660334 0.1674572756082059740235026823462760603433707728981972 
45000 0.04636598580518682727644825744550693968903942732140422 0.1094661911138348043095232936527949618721322622150183 0.1140696693881507991485675483633865923138728248886764 0.2264920492428377932019566143306832373127690516412258 0.142340190135863603335597202259599214357876917347312 0.1650725108591476681844196702786398134321643738076091 
46000 0.04625979065177551314517068875575844799641345161944628 0.1093457306075581640745358891209093599172774702310562 0.113174184857922341897640446106709788409716566093266 0.2238065141120491538675270001834682886965310899540782 0.1420241420154622700024009407382408198827761225402355 0.1648376997888421360242017926767132962595496792346239 
47000 0.04592629649120854988010587138802520712488330900669098 0.1085868860671700104086781317469512231355110998265445 0.1123821318676846765820991416728880096798093290999532 0.2207648990456720134345665329522745423673768527805805 0.1408712579131339855229194946151238809761707670986652 0.1643865218236244758650546268774483849028911208733916 
48000 0.04554706381875928345370416194803908638277789577841759 0.1075713344095298299357742546900063018711080076172948 0.1118893977478410817810098969171672678157847258262336 0.2165327748256957131529377991174811768360086716711521 0.1393388408652183179796705744801776916119706584140658 0.1641564575357174270251337661052914995707396883517504 
49000 0.04495147287949393726061994916443076419909630203619599 0.1061821493581046463845307496753900267094650189392269 0.1104559799071602835498942356273754938911224598996341 0.2150253055033839292317469904514126710637356154620647 0.1383881998024523048141081610351577069195627700537443 0.1633615829842819902769073675541378065645403694361448 
50000 0.04465289427187486948853676130277712275074009085074067 0.1055155120776743027914299985492441180667810840532184 0.1097373101912942792440113816410107716592392534948885 0.212570230091227928046035584863648892905985121615231 0.1375517372448982850402596916916664326890895608812571 0.1629330400705861738779121200559885096481593791395426 
