1000 0.9336677160016825103216672743222659391904016956686974 0.408308540263329579475190533877082543767755851149559 0.3470971016761547021109782229508766704384470358490944 0.7766344775541277738748272008173501035344088450074196 0.379338611648424276677699432114287958484055707231164 0.4098799571265185500118077149833695216329942923039198 
2000 0.6171161903574307540550070161344820007798261940479279 0.2858343546367963220378085459350003816325624939054251 0.2479577126631664621203088652579005213283380726352334 0.5649541261610312991854436492911162304153549484908581 0.2723250082063432373370021055691836409096140414476395 0.3250401411733782021590884875328342218381294514983892 
3000 0.4934262321509986709620713962731741730749490670859814 0.2372193979812808100270885708349410947448632214218378 0.2052220163128772298296318213339795022420730674639344 0.4535693555491255547708513706783861607618746347725391 0.2218318619668828780449633397697795089698047377169132 0.2558300164862947468605476608605187038847361691296101 
4000 0.435054737099078590536636521046709447091416222974658 0.2024456552692315282847550922395996053637645673006773 0.1750146208566127566423013123264595947148336563259363 0.3943732749601228247844642016417537888628430664539337 0.1959931037636470599501686135068823091387457679957151 0.2197648531496952463469909955229297793266596272587776 
5000 0.3978527848247872364569055481098303062026388943195343 0.1826726483771135517393058647628301116583315888419747 0.1564166863237400917645194414751230738147569354623556 0.3643161985360368508102615892063624869479099288582802 0.1788083240247432358348842265649558669338148320093751 0.1879096833713805536435594370492374594050488667562604 
6000 0.3602488991235836243481795854171068071991612669080496 0.1700542206265308508352515973194307719040807569399476 0.1413253703045863659399066641908504493585496675223112 0.3351331096684394787320500352922891806883853860199451 0.1640996275107352868116500008155433931733568897470832 0.1741042813563502797050532369671493881924106972292066 
7000 0.3310453992178551353080077912505174708712729625403881 0.156273078749274586479278519035585048868597368709743 0.1311094503383834914138524052606982195356977172195911 0.3075644387624081033919161420886467794844065792858601 0.1531508918312636656922781641654296436172444373369217 0.163451098028970277038687125559235369109956081956625 
8000 0.3084372804401513822221414518054416475933976471424103 0.1463382996058558201140807272788713078170985681936145 0.1230303341869684294440753964672286002723922138102353 0.2893525046728989532024770015006254197942325845360756 0.1443965649894595745588669194470199386159947607666254 0.1534057111705485112324032215269653534051030874252319 
9000 0.2896503089594758960259417157612205073746736161410809 0.1374611886505617328301789500932805765387456631287932 0.1180509757455679256370607681236872821273209410719573 0.2786651088111653488553400709326623996275884564965963 0.1369504114243794767402997991645463571330765262246132 0.1419711674320275300175027421989426557047409005463123 
10000 0.2698601756647074371628629990693681861557706724852324 0.131021143699571761183928289562494740039255702868104 0.1108655706211039085538048488965845450593405985273421 0.2678299078222216229362446365813710258407809305936098 0.1317891763809285342372518493037070186346682021394372 0.1352567924031842273055285807981107382147456519305706 
11000 0.2605986932109010319224325774589701154582144226878881 0.1238640663263716105196485771366976536000947817228734 0.1052851738111919099958463386101925607363227754831314 0.2571232447793150891705155069999477746023330837488174 0.1227042644425363488100964338978204892782741808332503 0.1290350697605446516312566185291643705568276345729828 
12000 0.2560154007364137512792710837938869872232316993176937 0.1165986605408848737278613462431398062335574650205672 0.1010159296473648682319944683283274855511990608647466 0.2481062671688155431314656146346564469240547623485327 0.1174471157645352185880968480524710884083106066100299 0.1221095808171855081686795960194125143516430398449302 
13000 0.2436123457958672212025430861559449624564877012744546 0.1120493182967444739146648316485688212651439243927598 0.09708450402667756218017935249120498042429971974343061 0.2387810745303409641279723807372192823095247149467468 0.1135944042065763741745747228417684482337790541350842 0.1174364036947278768080178516786116205139478552155197 
14000 0.2340513853498115559993546230810324004778522066771984 0.1085731885431606630736133846382163170574131072498858 0.09453976864466774255370837623524415960218902910128236 0.2301571485446667683091121966998393588710314361378551 0.1096192661369526560050514756017303596991041558794677 0.1126474920934193955788160321218605020021641394123435 
15000 0.2262041267723619054083681462197219502741063479334116 0.1061945373108621210874813814428740954554086783900857 0.09123951664818665783655881121316788551212084712460637 0.2196265221142502009691850964334669527033838676288724 0.1061665346297697601303045358833720968050329247489572 0.1108905274553944407439133069959158461870174505747855 
16000 0.2220721835252124958730128578832108132701250724494457 0.1023112814177144434712638486340008370234500034712255 0.08883529641086382890963158917574382655857334611937404 0.2137951618221525632745254677513635499508382054045796 0.1019574369329387360247145787039979580868021002970636 0.1081653940169029127794106739934854033435840392485261 
17000 0.2136494860694184562643861344244378130952100036665797 0.099892297968698560818394914517792670949347666464746 0.08591871418522596973529502004107705204205558402463794 0.2069092057548302611880326751236935933775384910404682 0.09836004468189782868687209491098677460740873357281089 0.1036084268326191763654061349375634648595223552547395 
18000 0.20793473594935528508617379045420037186886474955827 0.09556369405216659785034117452484636601184320170432329 0.08325309061820651048964423562859238359123992267996073 0.2023812291142231314640485134725977900416182819753885 0.09520522897794976659765608245633572437327529769390821 0.1001931706420707501070427487832592561289857258088887 
19000 0.2042633788911673508811601279733238811786577571183443 0.09375414021132788114961786191114967436988081317394972 0.07917159629580758734105358845334343698141310596838593 0.1952029163643647278428717301013151086408470291644335 0.09200410831908959332985867979326499721537402365356684 0.09863313082832937726904948272377282592060510069131851 
20000 0.1988793073062634478748470986952945338543941034004092 0.09106407836559085912251027342123599339629436144605279 0.07696787217265788779259816018707418550093279918655753 0.1896847529619474915347186738667772942790179513394833 0.09046646244464586804150639520738508281283429823815823 0.09545955506537987465663251326897231763268791837617755 
21000 0.1938796609280252661680100934038506466094986535608768 0.08922137771241421129014273136426105281771015143021941 0.07468529020606896673607115813564583106654026778414845 0.1838904789554418949893213608426378868898609653115273 0.08757850530099806835498737686562797932765533914789557 0.09245289183850612273261708462523955631695571355521679 
22000 0.1906538496982087861755317606538007169092452386394143 0.08728502054860351816391490775703942972540971823036671 0.07349130193618759393839583865526421391223266255110502 0.1805012370438505855485631507173494014750758651643991 0.08581034615120748523049622885627840673805621918290854 0.0906749603884818526560265307401298429113012389279902 
23000 0.1868766892570197271200007835267875577756058191880584 0.0854461313495146379304355857553510134039242984727025 0.07249753300627520105804549657713131693981267744675279 0.1872530176277819708542194190870056047515390673652291 0.0845313013027231563309643949666316586899483809247613 0.08956966412339271743940291581331791803677333518862724 
24000 0.181883163032704555671695799412557192908934666775167 0.08354307856839830005924634262481909274811187060549855 0.07090613223112055656918630702767458728885685559362173 0.1864694751510139232727417818447079866928106639534235 0.08248541805676269239859955267890612162773322779685259 0.08760709885369900214451173436902564617412281222641468 
25000 0.1793199619652980130932434094104266364411159884184599 0.08186874002346838532199893925800360250377707416191697 0.06975287101596990298717085657309588953012280398979783 0.1813262960677200751069288592320916109201789367944002 0.08055932959606620162823324704515215444189379923045635 0.08620567138821558961670355608619686904603440780192614 
26000 0.1757714657542714368381516626405058900672884192317724 0.08046399700836737760642610947647845875962957506999373 0.06809681185002918933445561003314772108296892838552594 0.1818027104821455584404265443110304545371036510914564 0.07949233554678503353019139790469616002610564464703202 0.08434065377569227754060146237669037816431227838620543 
27000 0.1724883123422907469062936164361232727060269098728895 0.07919297216170879024488412842308626693466067081317306 0.06705098777495362794503304046389580150844267336651683 0.1780740672423005524786700920492066302358580287545919 0.07766400889957775688279134618241528187354560941457748 0.08344111817971795536167918874714821697580191539600492 
28000 0.1684753943200863873097409065260343652425945037975907 0.07781436221537214204685157376006898743980855215340853 0.0657602104857200192374760451541337857861435622908175 0.1723551523116350714333105606512752672188071301206946 0.07620611455995111536423306658472043295660114381462336 0.08269926330811615849172282674550693570836301660165191 
29000 0.1648918907244348929728430461216781566236022626981139 0.07645505723698693312955811107745063281981856562197208 0.06460083555110321389965783930864340334210282890126109 0.1702992111258906720937895615253232506347558228299022 0.07466881778267255193748007033316405056666553718969226 0.08110591539661008323260950325650497916285530664026737 
30000 0.1624512104210182341062617544791280010940681677311659 0.07505983741571651282159472959309987061260471818968654 0.06408285059329974333778125530902691764367773430421948 0.1667058206083140380998315957516986429709504591301084 0.07377468456025734780493472234064178394419286632910371 0.08012720857405648871636021438047414733318873913958669 
31000 0.1594474047237454013281610087915396434254944324493408 0.0731371538280644003889225703007870293959058471955359 0.06315479662311204204984578514103787938438472338020802 0.1646894405051633011481324042613039182469947263598442 0.07303173203668884055965665816345655514396639773622155 0.07922989864037408696688684003883729189965379191562533 
32000 0.1564807826145371912903271963135587441229290561750531 0.07123921110333883859641167929366289968129422049969435 0.06217439715331940181197939790380679880854586372151971 0.1621715715814143577789066541505746954499045386910439 0.0719809638699223558781174064913344068372680339962244 0.07797501449968417852506548729185631430027569876983762 
33000 0.154341210326592632442674335457866163778817281126976 0.06988564469152216507790266811217527731514564948156476 0.06135177793365858376094029366654147850113076856359839 0.1591953071498666920358371762445059971469163428992033 0.07098589023771761431259863517340136240818537771701813 0.07701229744691339714992477441524165726605133386328816 
34000 0.1499656595402728644544953010009358251863886835053563 0.0684626632071527594551943463052623428666265681385994 0.05998268279745449940717843227699912489470079890452325 0.157199559335951643301615594794373720333169330842793 0.06993779878358553008199606157435646025533060310408473 0.07567233998750857910410832357639421275052882265299559 
35000 0.1470281835426536791482576491119083073044748743996024 0.06798286322964923741532386816666111428730800980702043 0.05943410940975433457718725763219147495419747428968549 0.1541777675021485245450761358831925917911576107144356 0.06913484835651523150107725101953803914511809125542641 0.07436788546836465464429924074329925076654035365208983 
36000 0.1461413791022637382688385138118647432747820857912302 0.06741280387734586925738708776401075795092765474691987 0.0589022461786400493969121337778371838567181839607656 0.152908427206309180610148586165752959686869871802628 0.06833212076895644406947152166287295926849765237420797 0.07293362928865465995140930990925376420364045770838857 
37000 0.142196187702772543581353041630688238683433155529201 0.06664588747440129587836692495739221442363486858084798 0.05786594740298638270679823340791880781353029306046665 0.1518199501793932462234779784404636870931426528841257 0.06911216514613536246518189429255407674190792022272944 0.07226202789814420953583501763817231733355583855882287 
38000 0.140895815559114320734165719251063109140886808745563 0.06552048361280652512370504397809511942796234507113695 0.05641723188679210501640052394245472555667220149189234 0.1509246116843126808547024750306597695725940866395831 0.06786389123039602034865962199017275224832701496779919 0.07116306714066561960431792077663715190283255651593208 
39000 0.1400483855274202429425567037468702835667500039562583 0.06428689292146724452281904629846742693644046084955335 0.05530937528893063154082111732012805305203073658049107 0.1492776834211640816667049022625768373018217971548438 0.06685850915727306080700055590515518133543082512915134 0.07139499955187635160880820980877636827699461719021201 
40000 0.1375660593079240275049546227137398091144859790802002 0.06346184793372415419666562885758764878119109198451042 0.05449888002760904627820820293748749207907167146913707 0.147644271872096660819218515159345628262599348090589 0.06564365255660169632735169431558830410722293891012669 0.07062239825392436268328187967679987480096315266564488 
41000 0.1363129179979182471120578018508595619096013251692057 0.06271738127782934497039075624758019955606869189068675 0.05358296557056976362808185104791292019399406854063272 0.1465646991873031100458686995513524209400202380493283 0.06478763951897508455542639901891810438883112510666251 0.06984594361486854353275686296820268239571305457502604 
42000 0.1343045543397398872197210512036136265123786870390177 0.06226917729558019931162789542544722110051225172355771 0.05254495164627426822417672475085126393423706758767366 0.1451189147896665847698198167914362954888929380103946 0.06400729401342675007398775460787376800908532459288836 0.06888499831108002077067770790863576735318929422646761 
43000 0.1332359134063155433512970135523367787300230702385306 0.06182022349428372810659364396113080175609866273589432 0.05208960933598587574204822302215145413128993823193014 0.1441776158569657105811825589802843694542389130219817 0.06325031867436582350621787976252541341182222822681069 0.06842855789341397966069014888179644628962705610319972 
44000 0.1318429366036015120046019297173067741368868155404925 0.06122607520364470233374806426573933038071118062362075 0.05148518964779227099693077220055048570657163509167731 0.1432103012149330974157272061697554477177618537098169 0.06223616364523052864221228618057946135877500637434423 0.06770507796237452537786889739113149744298425503075123 
45000 0.1303477814426426188801908315206823374410305405035615 0.0612203559884867367788181032745020715424288937356323 0.05042983912383329002344445682326501412262587109580636 0.1412075871628521828540000354612615751648263540118933 0.06142742310698744013686850053146404349035947234369814 0.06643919592471632835510618811381000625715387286618352 
46000 0.1281539207640609173574847493015660404580557951703668 0.06105976633359609360927867070800711957190287648700178 0.04991544983835386037931665728639707424463267670944333 0.1388489744987819230105522208540413942046143347397447 0.06142492124223582170851852557458272485746419988572598 0.06519518010455037617854011366969047003294690512120724 
47000 0.1261112401515907446831023588917908284656732575967908 0.06068364418883772859743632767381971149234232143498957 0.04935269313801717899062369669660466087179884198121727 0.1372972844089819356803300332003914263623300939798355 0.06116091133877898316934256135735115122997740400023758 0.06469246979268792893202986299394652291994134429842234 
48000 0.1246248275806091538599976870083096969210600946098566 0.05973699349429367415180176098532527362294786144047976 0.04897660295672900134216886519622491391601215582340956 0.1361429867221120578000149309305655265234236139804125 0.06070551885336203623601812086330031803527162992395461 0.06366904839728744386779255362562857101238478207960725 
49000 0.1224676869686422847423768085761697221869326313026249 0.05852099986548793778565408577052586736044759163632989 0.04853914390604900154998243948234470934721684898249805 0.1349244029578431563408088059152767357318225549533963 0.06045420149095653237900820434203019715369009645655751 0.06306141118098654836876754484209506301795045146718621 
50000 0.1213103758012088531693961103441470328334617079235613 0.05789329591873320372325721974715584394743927987292409 0.04843550622029354447433562892710856573330602259375155 0.1330765050923436236914769795203206115274952026084065 0.06025495726980970799988262913415848487375114927999675 0.06234453776117572272399166947998150334342426504008472 
