1000 0.1922750297251542524391192470756273280585446627810597 0.4157564609060268505467267141639808869513217359781265 0.5729827364557126120002926439322976648327312432229519 2.22422296103328888741690327890410117106512188911438 1.363582419016553084535094131357624291922547854483128 2.107450409808843887682003326311530599923571571707726 
2000 0.1660619891043100738488172765650041640128620201721787 0.3645843760761270115869532582042467083738301880657673 0.5009503645316742445441071662770582406665198504924774 0.9672842441175306303852501899065430279733845964074135 1.194730868552619044054181884906284949465771205723286 1.631659962409377596665588372459865240671206265687943 
3000 0.1451932883668252908252382579745720647679263493046165 0.3449097553641105527689417892256429354347346816211939 0.378127277462068341355640871404020231238973792642355 0.5599071541776378675269593143681845504033844918012619 0.6388495600711866127742639964726123480431851930916309 0.6974493854659807899674765774289397768370690755546093 
4000 0.1270461745653933542286265906406939052430971059948206 0.3083997792754675377742499403632692178689467255026102 0.3190575769493914224034843835076102891434857156127691 0.4934134320888685285282776460391573891683947294950485 0.4830779898599644292436338516294469513923104386776686 0.5059357649464004136612323148103342873582732863724232 
5000 0.1125174983686391933743750973229147405163530493155122 0.2681104374439252584325261985487287574869696982204914 0.2945448506761994029328789734822890977739007212221622 0.4226690591372676422210561547609941612790862563997507 0.4676063577763433758832916503633825300312309991568327 0.4855780525456887000105166835028924765538249630481005 
6000 0.1031597089004730918019485733094775525842123897746205 0.2505478580930198066723489647156242199343978427350521 0.2518813431287407972943449135927451720817771274596453 0.4166742453259433560247559924505367234814912080764771 0.3832503823391440574890141196329196304759534541517496 0.4095943520080558412931916179022806545617640949785709 
7000 0.09610044144439494211872758791526116795012057991698384 0.2336147335239164479141031616205026466559502296149731 0.2355362964914502834658498880981980505566752981394529 0.3816959360370699955535868375111618888695375062525272 0.3196571884457853100162255666205624038411770015954971 0.3624704024181135584247153563763887973436794709414244 
8000 0.0910512235140550073194927807596066315909411059692502 0.2164739843178571623074366372940779967848357046023011 0.2292940562373533859840410778496710975105088436976075 0.3682393204312703525419182143396668038803909439593554 0.3148004160577684867232742260689803970308275893330574 0.3702512994770086544708571213435632785149209666997194 
9000 0.08762511362941100347167307921258938563369156327098608 0.2068988691997194623442080443909141251879191258922219 0.2232299137589180550265022945355397610001091379672289 0.356746570637672551738750481575834783143363893032074 0.2987945059851120994313770917738537491459283046424389 0.3589330181572498145445900691319351949459814932197332 
10000 0.07962239121849110766871836925018257602459925692528486 0.1900309029779092917733724146800433629778126487508416 0.2015879099961331228008836261023084546195605071261525 0.3293687384137104269836351239097993470750225242227316 0.2706297154805999650648007381903425994096323847770691 0.3173598164344736361971999194508953223703429102897644 
11000 0.0776045489032068955018660826039589295533005497418344 0.1832453658401624916414376226247995305129734333604574 0.1965145261181756374349073601681681111585930921137333 0.4309713020015698434423204177257105129683623090386391 0.26427936156010494703249083525697926688735606148839 0.3033819659685643591669375329633595583800342865288258 
12000 0.07857581507749213053676696355553943362792779225856066 0.18390099819521323408326191756190226556100242305547 0.1971667571578441980907061767402943530669290339574218 0.4564158957324776336216334837736496865545632317662239 0.270559916790934231188873668183525467156869126483798 0.3069837604731248841330708970742691121813550125807524 
13000 0.07686985752983551895066265113865000557780149392783642 0.1809326233255403199186696697187137772289133863523602 0.1905837355076740437459861809976757740514585748314857 0.4107515214955729547703124071578173470697947777807713 0.2557952978091152637836209332578008002201386261731386 0.2845051896869182338223065037441372737703204620629549 
14000 0.07411280766595834262482110979530780525692534865811467 0.1733357601071862517705434239556616660138388397172093 0.1882928661867142589980000932925463530409615486860275 0.3874932078494961758111971017459751465139561332762241 0.2460189317942564362522769177976655896600277628749609 0.2665389531286737106931944429888403647055383771657944 
15000 0.07342239634453896965485047640398441615161573281511664 0.1716546321489721931274072611040004687765758717432618 0.187759481074444348815697183874284803550835931673646 0.3688832706940440986766258785189975810681062284857035 0.2233574490738963172129210449368130753100558649748564 0.2652429306590427885706104382812497988197719678282738 
16000 0.07203833262763729819216831223860353361487796064466238 0.1696354596637578329411605651544370232386427232995629 0.1807761483538983129877369612770188211925415089353919 0.3643779829999710550723565627428968127787811681628227 0.2207963088623161102057269530862804174375924048945308 0.2679485857147736816493300421315737480654206592589617 
17000 0.06884748440425654644243434396311265288659342331811786 0.1628743261601685114850534066843756875186954857781529 0.1722983164608009698748293178627299937488714931532741 0.3507378975994647213462133278349952547614520881325006 0.2086385558314961961363280876224912674388178857043386 0.2572372392416602006055652285265722412077593617141247 
18000 0.06589094613619932361758477212809737011411925777792931 0.1548852819238308412978831832274018154294026317074895 0.1681688110920971172530889031770939823218213859945536 0.3306623995707682175709731658974632750869204755872488 0.2050752776952647069344786573408256913353397976607084 0.2550247050036738848696835774143565345184470061212778 
19000 0.06084763681633969198368490187422974457831514882855117 0.1451017179158886835507952586810098694058979162946343 0.1548028747011093203718445909800038862158544361591339 0.3204133473930768555889680299086919035289611201733351 0.187298620835823000655090755928178225531155476346612 0.2033367233237294996337158128896227538007224211469293 
20000 0.05868036583334087787791155492456152131808266858570278 0.1407357928098412239533614512265735640994535060599446 0.1480594070899470853836963832317330513888009591028094 0.311844999651547801579115279380083336491225054487586 0.1832527679975233383876135825896191988704231334850192 0.1971430389426490782775382853975187913420086260885 
21000 0.05914531569578920562832717762458134558301026117987931 0.1414236006313994323491068857978625317173282383009791 0.1490304718931524980985716885562020195266086375340819 0.3170825718906729896175936828095487385326123330742121 0.1767343519836535955418784643589091842841298785060644 0.2092076743285504416858819679014835912767011905089021 
22000 0.05873564494415042672856492635136138602547362097539008 0.1408709898236309918106989869102108059450984001159668 0.1471565955964612477409455756904854695221729343757033 0.3132981439902724557435183261322464431941625662147999 0.1725706245190081237838404179529838700091204373165965 0.2001947808621624828363545073317553146807767916470766 
23000 0.05703393800332644587942269691349661542290050419978797 0.1357155748005405630334787789315065253958891844376922 0.1475137509545888739873531134150219656930858036503196 0.2977033068991245398301776631244663917641446460038424 0.1687285480629434051592918653028618791722692549228668 0.1955437425705510193322004749982845339673076523467898 
24000 0.05694912003611065193063459424771544092891417676582932 0.1357007861596069289510753039240675832388660637661815 0.1464375489501149516083150156631198512968694558367133 0.2795220751327729678576035354797824084016610868275166 0.1690576802050126591363439498838516783507657237350941 0.2001092404688902325158184752895706992603663820773363 
25000 0.05764549032401814274620258961301377809149926179088652 0.1377472638721785405679660235778172250320494640618563 0.1461963416310832557210800525249183579035161528736353 0.2760660672424651589551732044913734398505766876041889 0.1665118705230363172902245325057712932448339415714145 0.2021744176908509888266176138249541338609560625627637 
26000 0.05804244035839265672288588872318459976895610452629626 0.1384229803886009943926071324993287703364330809563398 0.1480254921469920771442095597247856630929163657128811 0.2728807640457134817157415496158279211158514954149723 0.1686659625940807668447764255947873834884376265108585 0.2036593339080219010453270608862474944089626660570502 
27000 0.05680633494650788231690604311585612862245397991500795 0.1344087383166019520795101543919614073274715337902308 0.1472679467458707464554666655143222442347905598580837 0.2645558582249096854358601932366568121324235107749701 0.1637244763893872919808441038225232944114395650103688 0.1990609409309311309341098197855934870403871173039079 
28000 0.05528351778292753138251656996882132943937904201447964 0.1314442587549223314790508565508275751199107617139816 0.1427889835481200561851820515779643017140188021585345 0.2530252731242468830269356366846622563571145292371511 0.1574754257168780986834424537312848713099810993298888 0.1919343721476091029425710063338605948501935927197337 
29000 0.05530944316864290100985829777557878372817867784760892 0.1301649551558199516862034811337522910434927325695753 0.1439734151771618334063286212542998043772968230769038 0.2464676101846827164685519578890549041716440115123987 0.1556861969262115713764265192975422280596831114962697 0.1907698385327486420988104057205880792480456875637174 
30000 0.05566536247387157837360422210637445061820471892133355 0.1302644505663069040397004927367419213624089024960995 0.1446309271587404688097196550633505296445946441963315 0.2396516814835887050757698424341413101501530036330223 0.1532806779659090085484113644143100430028425762429833 0.1881815193184023352914163024207638841289735864847898 
31000 0.05451067507961503046803874994452598912175744771957397 0.1276772816836711481737302864569727489651995711028576 0.1431123622442721289875402351787769816837680991739035 0.2320727672894624009559310165440315643081703456118703 0.1479680902028587332632490747297282496219850145280361 0.1856765753195981990967058927743948970601195469498634 
32000 0.05216920343044672920884479924708010400991042843088508 0.122511218682473810126607339371362925817265931982547 0.1367994524547316314194754863220460094908048631623387 0.2373067801071593109664545004355851176569558447226882 0.1418263365200109869400293266528123581338149961084127 0.1748693791988485031360872970496167511100793490186334 
33000 0.05104869985153143532004087722098173429685630253516138 0.11950879610933083044971292352443015261087566614151 0.1349995351019882299019271229556515834246965823695064 0.233796892040950373664706836429605374405582551844418 0.1381516829119184254178777371269148943611071445047855 0.1707028415674632892387509869314143884366785641759634 
34000 0.04957590092835301222328782400072810787605703808367252 0.1167312552801658120046088100429937384205913986079395 0.1297446869889152925979123806565773691090726060792804 0.229454514176153167467312084248920456275300239212811 0.1328121470409667700138343221505365931989217642694712 0.1632210873807934808785635380501410907072568079456687 
35000 0.04818023823686344455266669824233805030644361977465451 0.1133877961530177826821172079596600212880730396136642 0.1269458383070036222990640759067382248304056702181697 0.2271736447018706177660742062673904229086474515497684 0.1303578476917091244675645650419326670998998451977968 0.1589716544248514821065709420877531954374717315658927 
36000 0.046376170530246133934173125706879048379960295278579 0.1086264729091664401852039903428881473246292443946004 0.1238486305656409566371698241504795134915184462442994 0.2162440294237525435539241588922543257922370685264468 0.124293264389771313819176793563636707062869390938431 0.155181397131153411128720240319545098373055225238204 
37000 0.04604494237234164809383909697237946545556042110547423 0.1082938766589655303035724144555818071467001573182642 0.1225164005250836468994104014318402562366827623918653 0.213792527583177241861365526498506284269751631654799 0.1261125028969349133671192311756392712140950607135892 0.1573527432480096667813916633260618027634336613118649 
38000 0.04517149942735745923573726159916397193683224031701684 0.1071387580837340745175878184425322103834332665428519 0.1176232585949030503083296422817127790949598420411348 0.2317399047875312725148968379107472514988330658525229 0.122804035816882318089707324532122711957526917103678 0.1554151168892565109183861310482299700197472702711821 
39000 0.04589629579673039964330272938441979135859583038836718 0.1084163323578728923204527075097036714623754960484803 0.119939671519148226679096248814548886230113566853106 0.2281191647002553010128902272191098177245294209569693 0.1233564211447974096519429945684187543974985601380467 0.1519984909571605358235071858707954106648685410618782 
40000 0.04537349001989232694022780717491016844178375322371721 0.1072590310188889055884910173066515426398837007582188 0.1177549196998648636160330303856991207567261881195009 0.2219286231810191550373797392259334060327091719955206 0.1226259160783427067665228051007719756171354674734175 0.150869533438414475651602811301366102725296514108777 
41000 0.04482207360069314147423837589589989960359162068925798 0.1059765483515936414072688802334720747921892325393856 0.114771210957462796254182919170050425350382283795625 0.2165416655449551806134197637354610321835934882983565 0.1197868753279421529401443935469728785392362624406815 0.1515639064724616863412583189774096581459161825478077 
42000 0.04441380243176531054439572232528377071503200568258762 0.1054050582008484870328375755665906154945332673378289 0.1138008028259939788306358103564530637186180683784187 0.2125303118736916112665492895050789456945494748651981 0.1188991294020063636227807317424787214577008853666484 0.1462053090166113457749972465160581691634433809667826 
43000 0.04392071766722361872011220866596215017807480762712657 0.104449491960699990960887567625903216139704454690218 0.112259383265950587155277296674826814637526695150882 0.2076338162151322008081022474357268947642296552658081 0.1186017022770054159702983118118702066112746251747012 0.1436429509616621400268149030821085432307882001623511 
44000 0.04283000566586470396392843928978777512384112924337387 0.101738398426852100115975584965211098165127623360604 0.1100757995295390589339220091535942458449426339939237 0.2046646498877372046730450591556227379896881757304072 0.1161531730339023502546246316424749522866477491334081 0.1394662860480866143963801437322125309492548694834113 
45000 0.04301825577454924461496144766359250866116781253367662 0.1026435602465463756548138922475299494863065774552524 0.1088683349596733655580073525659390298869766411371529 0.2022370608939059929694097295094223909472930245101452 0.1174419827569216365280128921977365052953246049582958 0.1398172921183433076614292464578959140908409608528018 
46000 0.04294919126208166696597704099780390407659069751389325 0.1027592720428016722199605730014848603559585171751678 0.1082476033126458300889435881764200075849657878279686 0.199037042210388016345726583389286190595157677307725 0.1173951694962632392359386593327919001694681355729699 0.1398574404563887828143635763677998795628809602931142 
47000 0.04255675258664085423317277254162682709193177288398147 0.1016883783971507296985787270615642086113439290784299 0.1083466812246367797265651430893562690016551641747355 0.1938803324370918720615918767746777007232594769448042 0.1165971961669203592909679033373659962080637342296541 0.1380514884736980067014714204653991203031182521954179 
48000 0.04152553139438174206672952856744807093036797596141696 0.1000783409263777905923945704680377843942551407963037 0.10442458464743810595790236839253140033179079182446 0.1889927251137902996283015819023454184844013070687652 0.1150240035248239681272761081309852215781575068831444 0.1335250603618057230171332905310777050544857047498226 
49000 0.04118638570019979989989770269298574589811323676258326 0.09904327445761066598116676915064537922717136098071933 0.1041583381449093314595802893529619126411489560268819 0.178718350805824779351394654414164619993243832141161 0.114501597558829946100404737624467443879439088050276 0.1359571561772688342824635943095756829279707744717598 
50000 0.0406382862985754996309572910362373221460075001232326 0.09693870673899128162720939191898672504521528026089072 0.1047739145914253664515513632393695075961659313179553 0.1773864044782253516737476756182090298352704849094152 0.1138709344010185810274144238563032160982402274385095 0.1353588876089684017869170171155523973993695108219981 
51000 0.03996876512698727876621751682606475952752589364536107 0.09516665541566749443786778217546640235013910569250584 0.103597201204416432151925002436154699125836486928165 0.1752395601016386116310355122727138166283111786469817 0.1120787108048676367153938943088675728176895063370466 0.1342203320137854402523949412517900725561048602685332 
52000 0.03796974760222200352227607186850200093886087415739894 0.09122515535512651392157246893477307025932532269507647 0.09780392701259963887081049296878809684585576178506017 0.1709564073711981328811604016748582068885298212990165 0.1087472482202795029753946733086511500232518301345408 0.1339365959145309702713142613328400898353720549494028 
53000 0.03740131750655853350360472049651594517172270570881665 0.08952398883755468138621403176302671056419058004394174 0.09616399540441853534625000349267409660569683182984591 0.1699498167626405975739892553755261417336441809311509 0.1093797507539085353862212159070654848846970708109438 0.1349829409821132650103151298659476253760658437386155 
54000 0.03695983898217914630755526889105411214586638379842043 0.08836058936411552551336680630389430746163270669057965 0.09486960748836596434967758165179851914672326529398561 0.1681174802781067553514608367559723944850702537223697 0.1077359356366886783943790859008338145486050052568316 0.1344922552828673099450636566065675481240759836509824 
55000 0.03706508077263204277478287132496781453028233954682946 0.08882962842830100881673458662612929970237019006162882 0.09476607951994327999991653277422898327131406404078007 0.1690903809877070342775669947732453124444873537868261 0.1075543554282272445973378353911709126577989081852138 0.1340363097072805792021096132904389719442406203597784 
56000 0.03677115077329501609653132805644037972570004058070481 0.08825865958631643879339547659190756689895351883023977 0.09361415546852902998107475232569818501815461786463857 0.1707033937241590256531304295450901520325714955106378 0.1064069172945792169271590765777801834701676853001118 0.1335497390872171306327792147938815503493970027193427 
57000 0.0364529275974310223874927296833226009198369865771383 0.08697152722439203687145687846071773208223021356388927 0.09343341002832587766481833857490357786446111276745796 0.1698975967851335216167061800685011974110238952562213 0.1054416636783013586436898341436307902085900423116982 0.1331443747573222363087550382254597991504851961508393 
58000 0.0357850381848383067370387902034201133005808515008539 0.08564950757799693155440613409612460316111537395045161 0.09183773455906598947608415056675923437978781294077635 0.165234643000741277335204938714330324955881224013865 0.1048361214392291893587774546936497443994085188023746 0.129878666986642282707496535987257146871343138627708 
59000 0.03616836133324458181839949205693685030382766854017973 0.08694566668401250415207414182217071640934591414406896 0.09148503833544856657204735750354984702426008880138397 0.1631710051793562294108726543062637404091219650581479 0.1028630029360112263693430648126003745801426703110337 0.1318386612097879476086835850989764651330915512517095 
60000 0.03559475602897743346187059768070959364649752387776971 0.08541516925536689868451349985645215667773300083354115 0.09061303151929829883642593738035664330254803644493222 0.1608582362464713430609758795797326058618637034669518 0.1010297796021641011978147058070209851621257257647812 0.1295941810973255223671685848474410818198521155864 
61000 0.03495264538676427788549318925737097174533118959516287 0.08418147189392820907573962083136898115753865567967296 0.08854384132656571912965183523969159296029829420149326 0.1579568448561686804171907277938302627262601163238287 0.09748775828774974996595486034789423968049959512427449 0.1259760273132139591750191728869445739746879553422332 
62000 0.0336880825651084074992081072302818611774455348495394 0.08118588865832688057026355482603818813913676422089338 0.08628727481200947378248491959062960177107015624642372 0.1543828495899607940714968676299001515417330665513873 0.09480526001561033019762562978893782883460517041385174 0.1223914613136952463502780258375324251574056688696146 
63000 0.03371716458542512807520065767907802012359752552583814 0.08112017088413563455247517336443863200656778644770384 0.08628614039301323977314197438692744412946922238916159 0.1533036212264317870834339635477405749952595215290785 0.09382405936473954578011611588062024225109780672937632 0.1214584267975790468437513776323033454218602855689824 
64000 0.03382981507531193098950472210317830246140147210098803 0.08085476090021585411095859929897500251172459684312344 0.08754924797537172872715933308329638862232968676835299 0.153828251167007726152454426260529629644224769435823 0.09339551340055154712800405611416998397089628269895911 0.1214858778399495964974178982553887351514276815578341 
65000 0.03306675885872137050333933669388208897998993052169681 0.07918073374325189425212501506678997031940525630488992 0.08531664763428259956048408524376114314691221807152033 0.1533464781186829341931088591111098651253996649757028 0.09378956899841359039400340985581649988489516545087099 0.1214416200986495230951288729071002592263539554551244 
66000 0.03291459241226298664380551031727328847864555427804589 0.07910066420732908638239859466789738462466630153357983 0.08411916066337601678178483369241469347343809204176068 0.1541332672260659089976840216418274565057799918577075 0.09295147108955339432484303585635387889851699583232403 0.1195098013148088829995250095827863390240963781252503 
67000 0.03236480288636840966246194586930506886801595101132989 0.07802766391746445485852424692185813626110757468268275 0.08275635497516717282361032800852562729687633691355586 0.1520320972017127775786134863400533845378959085792303 0.09062803208927945441123657024928839121002965839579701 0.1182947777754196841816340668440687977636116556823254 
68000 0.03204686285940249164345744112281089144289580872282386 0.07791301562050863978688619235213330682654486736282706 0.08062048013930868442094299433642312635583948576822877 0.1496810121680002185435903391819145724639383843168616 0.08869179447600693646288488869444677220599260181188583 0.1163727415076798001733666444723613864198341616429389 
69000 0.03203263313471365307397512034448538997821742668747902 0.07819317726827813832618995978918086109388241311535239 0.07982529781781470235940906601812550036356697091832757 0.1488084370685498730154999388886061240100389113649726 0.08767232841641121204347142370494339047581888735294342 0.1143558601706251390915506684076152765783263021148741 
70000 0.0319778812094670391348181972407394013657722098287195 0.07819442883278083201927140255538262181289610452950001 0.07936059069734889825773653873608459718980157049372792 0.1519068365751573262815467268982416726430528797209263 0.08677398615626866589510025884468547019423567689955235 0.1142823091465842265260569043938687627814942970871925 
71000 0.03118207642857651946903378183117983013517005019821227 0.07645457356592579678766742265483280505122820613905787 0.07726511672920251409043147089450442877023306209594011 0.146977529106234754380060081313530417901347391307354 0.08525986284095206808051128910541649474907899275422096 0.1100286150115456015541001190405356879864484653808177 
72000 0.03124913786549989325100871746104802539889533363748342 0.0766617505213772734077963544319089805867406539618969 0.07701218777993195204389573205183694426523288711905479 0.1470523306213811530539052607746697276525082997977734 0.08503567011640611652677646664644228735596698243170977 0.1100502801988382426908764932793616253547952510416508 
73000 0.03118067860755713325028311115605372805248407530598342 0.07639201855225212735902564839540751506774540757760406 0.07725356989479984718815347433107376673433464020490646 0.1458818137152873743527491112725869015775970183312893 0.08501925526879684397342637133809795102479256456717849 0.1099416208606115336494099890551900955415476346388459 
74000 0.03174211898570085114531700264117741738800759776495397 0.07759842023072447502433793622977908910343103343620896 0.07831910456251181593920500031980047594970528734847903 0.1505650183474172619193425307071443342010752530768514 0.08637519170207880089265226053463209154870128259062767 0.1107791317051122570658738472615389980546751758083701 
75000 0.03157938853188672922141038389154399368408121517859399 0.07711626377492772450649794260812974755481263855472207 0.0777045955454514515118300856111321905927979969419539 0.1472257374613525007252647427979930228048033313825727 0.08692941217940543023547008555373949434397218283265829 0.1111615336471397371697375326682344365281096543185413 
76000 0.03153242872411177586446920026452822582996304845437407 0.07695114290753233430095051406660822124194964999333024 0.07726498081569502682729687348395231083486578427255154 0.1458787338275105215323846838404442394221405265852809 0.08659026522418885147912943553438758215179404942318797 0.1102732181366614551065665102147494991413623210974038 
77000 0.03124162563300804718700192687264038937655641348101199 0.07644464060461792166207466506233636494016536744311452 0.07572003150542176762392149180769251870515290647745132 0.1430259588825402669338016786726441864630032796412706 0.08534274371861527803072820785867946824509999714791775 0.1085958539834840408906733826011059562688387813977897 
78000 0.03102649990426916546722027959170908673058875137940049 0.07593074572544354274440236290955041909001010935753584 0.07567653005262656957055113216004116338808671571314335 0.1393720428033590264037082373516085453957202844321728 0.08374451636548985901121458161333599434783536707982421 0.1075259217280813983121361826489348345603502821177244 
79000 0.03097133114573235850849408992702116449891036609187722 0.07567882054255414164719824657301394665864791022613645 0.07562672864066096501024652823397254053361393744125962 0.1371751528091604114027116795293537165889574680477381 0.08337432378188305325726831576660380562771024415269494 0.1078741314853140052589810203576003999614840722642839 
80000 0.03087136742717894010935495135300454805360459431540221 0.07561360131476707625977412216555784141291951527819037 0.07502340776117394111500297215755495017219800502061844 0.1373670593898219029909985727799792698533565271645784 0.08315715034410900168731269749278212088938744273036718 0.1065019959035764102929662831831247871150480932556093 
81000 0.03053391604374996553034516018343413890079318662174046 0.07463407239167402598169209770873067100183106958866119 0.07457857824937291405355613282956994680716888979077339 0.1371044994076118812284048945060455082511907676234841 0.08155563857219601875739572321988291037087037693709135 0.1059725548574658116890022559186679274034759146161377 
82000 0.03048038007028481841749652236917000891480711288750172 0.07459942592093649712961609538064422508796269539743662 0.07441825764424293077135396518029253343229356687515974 0.1366848036615847921255691502229190348316478775814176 0.08068615032609122801523365842157886618224438279867172 0.1043212415322347811629812540379358409836640930734575 
83000 0.03030619550540714584323687564443305930694805283565074 0.07411623672679414494653864567408341201826260657981038 0.07389810074192247329875112699104633406932407524436712 0.135154540991019688945412070835150331049590022303164 0.08054582568322429082059363270040819315909175202250481 0.1048308728478507878745977846546288958506920607760549 
84000 0.02989571917469876208682685002349099789853426045738161 0.07314455371567720746355054789455962804822775069624186 0.07310294600612767322675867448511510815478686708956957 0.1333269351284009424156397002891871750307473121210933 0.07909388565929618958695937469549619436293141916394234 0.1039055539939537636259054773080201528046018211171031 
85000 0.0294678433665607250975586274208128934049000235972926 0.07162346179211461469799352916321133477595139993354678 0.07356769743045109962115233465107522192738542798906565 0.1296108846446189070706483947859055660956073552370071 0.07737136971681989336478268287633497379829350393265486 0.103418301238899892769275250248295350274929660372436 
86000 0.02887364328341311043648351273432917096783967281226069 0.06989472754629665124045685004050554312016174662858248 0.07253544564950121711362869200701020133692509261891246 0.1300924379057182032144637101600537221202102955430746 0.07690085431998748263169836739128193414671841310337186 0.1006281671809789212679027252395069780277481186203659 
87000 0.02862586256131737694889704323036871969065941812004894 0.06881471776007567676703433404150622720862884307280183 0.07337569416491010424206725346052415659414691617712379 0.1269953250274653451794715924849654697936784941703081 0.07726832087440488662125970611982417324270500103011727 0.1021363149576833181378029968833232032920932397246361 
88000 0.02851221302919274928550151353146002719540774705819786 0.06875342256539502358190455583164535369178338441997766 0.07220446639343402546229499019969644280081411125138402 0.1263858376388356874676010752067689679734030505642295 0.07661712558090331488580603316873585129087587120011449 0.1018121456708166960272894663308562712700222618877888 
89000 0.02856417435410733959587944574137763353860464121680707 0.0686459337823294951817982602337853137441925355233252 0.07275878939388002655938234020105426225200062617659569 0.1265980908146568689634330062698808205823297612369061 0.07711174679688431047913568100460324217237939592450857 0.1026628606504681044979052084720194670808268710970879 
90000 0.02900488491314184257109990133088883723644357814919204 0.06926157937411427919843429079627128430729499086737633 0.0739816816864104507737000607225930082222475903108716 0.1260980652844967709062719979362654498800111468881369 0.07838729901687963322695238896353764346258685691282153 0.1039206725637708223638979061764775480014577624388039 
91000 0.02920946631096911590438718313994526099008908204268664 0.0695672354290069967083722131395706611556306597776711 0.07427005675500691175329199406052183007886924315243959 0.1271195499569938560318433859452902368047944037243724 0.07962594893853061191950175323750471534367534331977367 0.1051008782694263385146878249376545255699966219253838 
92000 0.02967661923864386582109294466375049026396482076961547 0.07113451468438676699216315080231964884660555981099606 0.07428745029206832743901879612113958728514262475073338 0.1254763328942571740408145827827546270327729871496558 0.07918421675265929769081891045900967185389163205400109 0.1060294696740273405767530055798797405941513716243207 
93000 0.02885134716951526721456799690762595744786267459858209 0.0687356355388635381812949785851341033549033454619348 0.07355462451858216546654893261414365213113342178985476 0.1244798051590115976013008886047472856262174900621176 0.0793358174556372450474811541809572190686594694852829 0.1055476688945795617124360880889621938649725052528083 
94000 0.02871225812594389420756709700027764498031501716468483 0.06818002818125080651597696990151575846539344638586044 0.07395539449328137594720424669025859998328087385743856 0.1232507923376367021790441826090134469495751545764506 0.07822076475460314072242701613491000500744121382012963 0.1039744689364098985536691982511925402832275722175837 
95000 0.02844016412579399886721340760808995895558837219141424 0.06729649123110743692220128350789387638997141038998961 0.07370655261112045469911640063753743845609278650954366 0.1222749528306723226052030173427453973999945446848869 0.07807198348391033388489652911079730301935342140495777 0.1032588107396813812359883180680419911823264556005597 
96000 0.02828118725048834553327504158504179798683253466151655 0.06741112635032245072833501781106591010939155239611864 0.0722264562527454035409987115334828899904096033424139 0.1206738148176704687150910186299590520775382174178958 0.07612390382980053312909300006205981503626389894634485 0.1032122812080305832368879240257264484625920886173844 
97000 0.0282273653423578074470100349874224221480289997998625 0.06718918536820914113298240308291831013320916099473834 0.07245031828023689642748065078969865737690270179882646 0.1213232573342009822399260345060501009584186249412596 0.07569792955537763345734945941156723847598186694085598 0.1033249315480600071258431363330210217554849805310369 
98000 0.02813704286771021470386097782651058096803353691939265 0.067088770330545506308142326978849467877807910554111 0.07140245561036554196521685886067665194332221290096641 0.1214988813537714841000081551769529397688529570586979 0.07604492153394704077228266961285818581472994992509484 0.1028898434752841905648161613395785707325558178126812 
99000 0.02790346605267128267868423363573526785330614075064659 0.06655158631919087900167750215807416225288761779665947 0.07056892193143341376584043098119103376575367292389274 0.1216122638574738936819374067466181799090918502770364 0.07610099989972739207319367416015865046574617736041546 0.1001775932798472575633100256631280444707954302430153 
100000 0.02878969523104433579760354916521336576806788798421621 0.06860366463776417704587690105100250548275653272867203 0.07233318871997407828423280046203913684621511492878199 0.1221435711878340035424560065802079833474635961465538 0.07731649804925171158364411924668324616050085751339793 0.1005824874842194441260882081801142362564860377460718 
101000 0.02841305866878245667893712091134350572474431828595698 0.06762853700242438712247720900005987232361803762614727 0.07169165384343636916172426767901448840802913764491677 0.120396122713567018147108340225814870905196585226804 0.07684543556541032283189844587223404914766433648765087 0.1000992768020186413703868574809341396303352667018771 
102000 0.02841720111782630043604602580742390927071028272621334 0.06734639975884973881153743036076519956623087637126446 0.07218678209131478336758446640031294805339712183922529 0.120429408952424278539991130826392051744733180385083 0.07675775773568255800336813943207658894607448019087315 0.09996729678313599948730498387372556123864342225715518 
103000 0.02850411087818250914904924433329602706521654909010977 0.06771895738442751250116746417062607577008748194202781 0.07203567412104822674566526746753325483041408006101847 0.1202135271628400339864435955594679228397581027820706 0.07695029802778896805062758268434208730468526482582092 0.1005513718664055974649816985189154650015552761033177 
104000 0.02853267041853752298095220091972423759330013126600534 0.06779379164157704838050699791551778616849333047866821 0.07189139327116445685796628298214194785487052286043763 0.1197366273710798029568597514171734985666262218728662 0.07681749198791444352890428123870059096134355058893561 0.1001961003792271428632846934358990864666338893584907 
105000 0.02875694420045669371993266039133629874413600191473961 0.06849064670886965123489283080449041563042555935680866 0.07176239622027543408683747036547195818911859532818198 0.1188632156855594010754157210940640254648315021768212 0.07728041675269062889020192305689072043151099933311343 0.1001384454695530626050308485586182172255576006136835 
106000 0.02881515080861377379422129472313907072589245217386633 0.0685268256120753252832100352320843228426383575424552 0.07172384793598879484309528350993723222472908673807979 0.1184871122542999839543980886147345188419421901926398 0.078364706816539700192270241629888261059022624976933 0.09886785261226291595624280153509211288564983988180757 
107000 0.02887577068266684198823591057242454738229753274936229 0.06842747877837454682558920512902567168112000217661262 0.072347670587629712282760723052188467363521340303123 0.1181463785271762682662385728071807733385867322795093 0.07885656003064064607614713775518566762912087142467499 0.09950136553805821372243331848772562864269275451079011 
108000 0.02891580580635489563351946118441304633961408399045467 0.06825304457661889523460404041732552116172882961109281 0.07287486895946108578421031298777421625345596112310886 0.1182750478768552051522518035742148612143864738754928 0.07928628356915543185119959329609784504100389312952757 0.09807176376769222296049272752371805950133420992642641 
109000 0.02877875494267491562040369758312952086498626158572733 0.06815107236065240403790179216092504077550984220579267 0.07210068452983487821613415094668120275400724494829774 0.1151411133438776826404020998950716858644227613694966 0.07835221229170696590041233012269294988527690293267369 0.09763348340506270613419100012908558028357219882309437 
110000 0.0287910244228698078340389658255626947891414602054283 0.06808412082726999727037798734730067451437207637354732 0.07224988211751584119989146731688478553223831113427877 0.1132042837597576223103565049021845823062903946265578 0.08010978504011245004886318868408956461735215270891786 0.09780621624746338982055258309822320939019846264272928 
111000 0.02890373692185852701805987789024365852696973888669163 0.06848601616175594936975542376123016197198012378066778 0.07206186370438693526273982170593512819323223084211349 0.1128494805325886978804696483824621111580199794843793 0.07922798517919197842598487066534396205952361924573779 0.09747725751964834532421310536731695606249559205025434 
112000 0.02864888823097261753439300279583390462789793673437089 0.06792199517661562207360538903633262464154540793970227 0.07173080929543982167830408827602362009656644659116864 0.1107771824229128744792715471900734769405971746891737 0.07833895421546404361180446218604345176572678610682487 0.09748883060853505728581176736913249669669312424957752 
113000 0.02858773953422508400051642567935017424929355911444873 0.06780327109135508864101553327952132121936301700770855 0.0714484597980832151939379823235576338902319548651576 0.1099685674488676546042549390935771924660002696327865 0.07828171895287354224973047633895362196199130266904831 0.09683155900005238063708639870141858807528478791937232 
114000 0.02833663019195924149736269450489123400416247022803873 0.06693946580983251237278964726473695634467730997130275 0.07138218473214034293929889513075082163595652673393488 0.1111052497165432928209380901429792487533632083795965 0.07861317494171329458256406233496171864771895343437791 0.09690800028109602655499582590792329028772655874490738 
115000 0.02817560633182997185319708811218619715077693399507552 0.06646445957930093479559168281878278605745435925200582 0.07112343089599925404257433486643336095767153892666101 0.110455772074537200094052850213310890126194863114506 0.0786374894894936687686731562052511179672364960424602 0.09711111164548854218146701697267353381448629079386592 
116000 0.02826542996249430231663611091941223918411196791566908 0.06661968429945456757776487549671529109218681696802378 0.07128421274641552413868592769086163229985686484724283 0.110921646383138179573336987854270674347390013281256 0.07948284707887724444909426438354849153711256803944707 0.09818661413291425406536143752345147106552758486941457 
117000 0.02830177764378667939838059731255670570249094453174621 0.06662928628212988871641012794677649822006060276180506 0.07148780249986664805705903827370839564991911174729466 0.1130407788978647923647117071177525815528497332707047 0.08083296110400770749732438091861297380091855302453041 0.09791926123730942144873659951920252808577060932293534 
118000 0.02848761281691353267235609740548607504706524196080863 0.06698638595734918384282195052970010351600649300962687 0.07205564046652496529651735560073610997733339900150895 0.1155934338032245667777760458894142914232361363247037 0.08140735837843733636311985973899041368895268533378839 0.0984167734625388796504039633228355654637198313139379 
119000 0.02796726494732140999352324774174238797286307089962065 0.06605560509205236324178694626296781677865510573610663 0.07029298107721245587685811664901969209040544228628278 0.1180532140245532971183149532901079936664245906285942 0.07994513618346138599240081196173335342791688162833452 0.09637330006260688339530390278397931069775950163602829 
120000 0.02715309475016915109162453454555441467732634919229895 0.06400642407207620499198742411439688737573305843397975 0.06874893319005638999801824015611906304457079386338592 0.1159216283713114029719310968391532412624655989930034 0.07898437260920425333215891608440450966099888319149613 0.09509569948120814777693362088162309930794435786083341 
121000 0.02738297307221664196857230377801784015900921076536179 0.06472522452785391288061257741848208979718037880957127 0.06870136256940315916868838516662343351981689920648932 0.1162100105420049054881005169692631540101501741446555 0.07889282056279306838485849626141366286447009770199656 0.0953214432467854086344157156507339578865867224521935 
122000 0.02721446893257645204451677673623821718251747370231897 0.06422323571284217889768106829473381935713405255228281 0.06862736164386112345988646618599737792010273551568389 0.1169937180672573224845937379934301958428477519191802 0.07853157704787145900133041309665316020982572808861732 0.09530676660053489400507798975925588536028953967615962 
123000 0.02717007967187998671247781048293523653569536691065878 0.06405357189175686058501060782255365211312891915440559 0.06891240932000109620941558780105040682428807485848665 0.1171691923571463939528236077036726925371112884022295 0.07837046479329241837469537806937225354886322747915983 0.09588604690203828582811210884395691778081527445465326 
124000 0.02697669439760335982746045167118831287211833114270121 0.06368779055621659857357782369424725743556336965411901 0.06839774159323067263881006094816683571480098180472851 0.1162360814550800672178350499141874507813554373569787 0.07767676947946705303055595082106776771979639306664467 0.09479370783169157297937817974187169056676793843507767 
125000 0.02699062304501143551828065171582782255654819891788065 0.0637996148230262602913135869253657972421933664008975 0.0683259850205313673670594852571635868798693991266191 0.1172944352903139913512123825023447665216735913418233 0.07781951133329033239670585037073280432196042966097593 0.09443899668916925330976706864927194828851497732102871 
126000 0.02660076541372382300533721687790800203288199554663152 0.06286051930469047136867911593216540211415122030302882 0.06741749379253533192512225225012656437684199772775173 0.1156311413334601664778525029197986384588148212060332 0.07656554348447855716562962524740498793107690289616585 0.09424372545216879548901590599174760143341700313612819 
127000 0.02644899665110186404870127804822566019993246300145984 0.06245772078960423484577822381136336105100781423971057 0.06715897737920101342898272431258810399867797968909144 0.1142958204570119812895330826951756364451284753158689 0.07627258097440814384540292564240715478263155091553926 0.09448648006117355896475674612022821463597210822626948 
128000 0.02635628322769133341655419400934023954619078722316772 0.06230799935148533796937264130078037993598627508617938 0.06673555086460471636881962645415633517131936969235539 0.1140903736777865297397993940564653314595489064231515 0.07631916684442848182668350451307581749915698310360312 0.09389554433136211840935439476574231321137631312012672 
129000 0.02620798134987752573381173185063097719194047385826707 0.06182347879002305989182232057177479589427093742415309 0.06648134853923016482455266712436880993664090055972338 0.1127227574451791161313737345273100487474948749877512 0.07578449028577317111293742968314290919806808233261108 0.09364721240208667767487187363895095870702789397910237 
130000 0.02538738766280127744960561260445519593531571445055306 0.06011576417345057616790048038435401167589589022099972 0.06433379191868329621839008025663275702754617668688297 0.1112289380661261094259783903381855196812466601841152 0.07462310624425493190927565281822531062516645761206746 0.09145762291178433179357661064745599333036807365715504 
131000 0.02515736366628314243790772580799952606867009308189154 0.05948250878840255662257079788401981090828485321253538 0.06415066479100755083181699053862523385305394185706973 0.109604144636855155573102512528427254778762289788574 0.074019000996483909686712941017328049042589555028826 0.09065299835702834079187396529309062032098154304549098 
132000 0.02504943305697585785723493188859034574988982058130205 0.05928124873279742284296533680332252913558477303013206 0.06377644647397532890446434847286916181019478244706988 0.1097964975069833729398528950060853759396195528097451 0.07385659864867310629309073849446676263141853269189596 0.09054965390319324663402069872097932545784715330228209 
133000 0.02518613862493033411576407593068793744350841734558344 0.05936889099235587473874886481339796517886497895233333 0.06454922586929249950639213284642181633898871950805187 0.1088056750767992008949083121427392484292795415967703 0.07457237420913942412296557260553697688010288402438164 0.09156396690897935148240093308769083080278505804017186 
134000 0.02522455633372928471601988765354862565004623320419341 0.05930601078619333588442651822303375297451566439121962 0.06446128145484972819567780558114300504257698776200414 0.1092768968354417909481313478381458992316765943542123 0.07566735908848352275588673362949343470518215326592326 0.09172110060925736925392442663862446750044910004362464 
135000 0.02528299419501874465286326253143922571098300977610052 0.05950483037853179153525880196173858394104172475636005 0.0644642782047492935489779730673376434424426406621933 0.1090147156679906330592369316512257881868208642117679 0.07532104813159110658489460085607269945739972172304988 0.09126165297131272804157442121719689964720600983127952 
136000 0.02510654951649222321169289441622485270499964826740324 0.05886423834710121023757996641667666892772103892639279 0.06451968034047192374145617693725895946954551618546247 0.1095775628321793307312658795338311534806052804924548 0.07637087268564302959474206222711956115745124407112598 0.09064497951232053789033700497146384122970630414783955 
137000 0.02505054872949311176076950258284625761007191613316536 0.05874829717222275334440810372338415135118339094333351 0.06409725525897471542510026518146837304357177345082164 0.1093167207560648618498190531855840390562661923468113 0.07599386263430395156904433376365837204957642825320363 0.09032537541074010394069951357387537882459582760930061 
138000 0.02505833445263691224802970157481407653676797053776681 0.05886635976776917176421987862311446804142178734764457 0.06384737992154738714329969759275762442030099919065833 0.1072936465798549691603200155476383059749423409812152 0.07619544516014039862886013387832662147047813050448895 0.08965243757218597008354105809546652494645968545228243 
139000 0.02503912092941134958542213385934704916735427104867995 0.05867330489248980568647872692322753351845676661469042 0.0638759685551599159389021299892963412503377185203135 0.1069064716724190026124604799284689704563788836821914 0.07640802330744700335155104170548057140877062920480967 0.09045347330450553957463012688666736949016922153532505 
140000 0.02491949740078956059422866410602015463382485904730856 0.05824403939017608704389666537948322400097822537645698 0.06406048156556989969323632344577745811875502113252878 0.1060050495475429897923309689733439853398522245697677 0.07622490608588664366392171484188011731930600944906473 0.08985159441394044878005349999416928596929210470989347 
141000 0.02489393235609452183394740831801072999951429665088654 0.05794749217008329604449378379127377769464146695099771 0.06435092129018242526969232134015364010792836779728532 0.1058905917202926545231671424940333992026353371329606 0.07608553182172758089208373932788020965745090506970882 0.08924827660160977182854597292149811949002469191327691 
142000 0.02505334203291802399125702289356398821951188438106328 0.05829853787794551561298535442834367614750590291805565 0.06481120008043565072384725733734001096308929845690727 0.1050994340141792039814436568456734732990298653021455 0.07651335213604799638569204170424065125644119689241052 0.08915914530408722641892458465884274687596189323812723 
143000 0.02526376517243850897081840472385705353985940746497363 0.05886347644427702668941805412561318888720052200369537 0.06498660601373198338862220702072391986803268082439899 0.1042410906261513980317371871886500400705699576064944 0.07686469054347746134427197400862397103082912508398294 0.08987070244781487323896358374031301252671255497261882 
144000 0.02556842654882940956425176667193843726977320329751819 0.05954002050968151649954765089467478844653669511899352 0.0654199560850666766371520367828740205595750012435019 0.1045089872269843399210024863232870728779744240455329 0.07814862616169506413110355455553523995604336960241199 0.09036351701262681843362109881945265499325614655390382 
145000 0.02537615905564724816697696595929611973474493424873799 0.05900154718776350757766173231455564263114865752868354 0.06512741733556664754290930693936267914523341460153461 0.1043147250227389963034979603051510821387637406587601 0.07829432448831269451339828074898363752254226710647345 0.08884872583613012402573233874947256083487445721402764 
146000 0.02544499336345676394307072348127674032980394258629531 0.0591200232113682223337102709243007225836663565132767 0.06521271130665391287605479886391179888960323296487331 0.1035624289879801298758818343948018281253098393790424 0.07776649238773197201366263464628048041049623861908913 0.08834516013083026195234137220579917482154996832832694 
147000 0.0255869017456522249328432607254346642378095566527918 0.05945745057283524017413762000061616674884135136380792 0.06550200134224310187817594264281240157288266345858574 0.1036396741700074393711657021188710103842822718434036 0.07767239528349249476428224972512914803246530937030911 0.08824591349856062646891908737845078292139078257605433 
148000 0.02540535024736063338743482457188216372401257103774697 0.05908418591195994850544075116527409363698097877204418 0.0650372753643619918543106878106030421804462093859911 0.1023973866824993457304879100611127995534843648783863 0.07660196103012308753177914480425592103074450278654695 0.08796314981775995707979041993151980705079040490090847 
149000 0.02540698308570409116440578026208108042283129179850221 0.05905819692891900832173697824534208677960123168304563 0.0651498075957593574574953053379910983267109259031713 0.1019315359581829400552831742243764523436766467057168 0.07651410599410558313165616264872603835556219564750791 0.08827313563113186497253483120406514217393123544752598 
150000 0.02521590426970775206489620411803853627930038783233613 0.05886483816020124008473583289424713171911207609809935 0.06409593618220872252450861714101471022786427056416869 0.1026195315768786299115617778598963383274167426861823 0.07543008443235406719387225321638013042502279859036207 0.08639864622313175949444227774698390476260101422667503 
151000 0.02513850658103440878528961853477508014975683181546628 0.05864274459507095534668407593725802939843561034649611 0.06391788595384374030856358336882827586578059708699584 0.1023638623519784347161063441100647963821757002733648 0.07523666243676262389188449941634928563871653750538826 0.0861280569537167723547432460207140536567749222740531 
152000 0.02499585320965980802969191258006143030456769338343292 0.05829266742931784721246058975085979625418985961005092 0.06366396060830637061684440444753185772697179345414042 0.1020196908665632919946571199876217406199430115520954 0.07508248977159740586727115427279066750543279340490699 0.08593362733990133946751976620759272407212847610935569 
153000 0.02491454184564195055213607025296207453379793150816113 0.05803703614032819779603496884723412563289457466453314 0.06343389807204180984350145103278784119993360945954919 0.101866074974771225872044108640146475863730302080512 0.074535105992100786108714698813271226640608801972121 0.08526169532766802712595716196020134702848736196756363 
154000 0.02452939861922071140093134285903309077525591419544071 0.05726972625370944084254184146265398425157400197349489 0.06226492322014858065402660020071223812010430265218019 0.1014153397094172920860468203874127368635527091100812 0.07364561070719100552576987656072660115569306071847677 0.08400825672931946472857473243167625298610801110044122 
155000 0.02469210225867235390365312958788068797844061919022352 0.05765195340002831592040775064711422004393170936964452 0.062414929469812265165786077311671498080158926313743 0.1017304386747682752825563783083406832474793191067874 0.07398469643316491349180862024947913369032903574407101 0.08396717069757905673853953798513316542084794491529465 
156000 0.02461459993677940229161950260600155715451364812906832 0.0572265330291581758619589778702696492018731078132987 0.06266079347520756078496412602718557138814503559842706 0.1011933173636961803983601304590678182648844085633755 0.07415341899134691551009977011910123678717354778200388 0.08337639240893757359307124008007683357845962746068835 
157000 0.0245585511105315614501724396506743275381268176715821 0.05718891791800918234455440580799034933079383336007595 0.06230635347775507003846703554805763758395187323912978 0.1007092425500135159314031400856759290718400734476745 0.07346189895246072468692685730751179562503239139914513 0.08302229959953271088188937396057376361113711027428508 
158000 0.0244759701711634166443928416895259303487364377360791 0.0571679526106566299932802872885151401760595035739243 0.06165274827046934186743662280327793467904484714381397 0.1009367934704862408839555996953318839359781122766435 0.07302978782834892355858499857212962069752393290400505 0.08352536408243236824996101608231668933512992225587368 
159000 0.0245897634640816692806487278252780548370992619311437 0.05732164591409163001712863232117722844805030035786331 0.06202303952453141804308897784558940458055076305754483 0.1033563479623562778627731545411094771225180011242628 0.07332940599306398552550143379868963222634192788973451 0.08389616871291112546046245951325559531142062041908503 
160000 0.02456306292226592306224524763641481328590998600702733 0.05718944434657519255407655961453983195497130509465933 0.06204129567992116893067051745791484762548861908726394 0.1028507728515127565537272576190463979628475499339402 0.07379462065524930711776351727193556939710106234997511 0.08369831665555502299918373340648081182280293432995677 
161000 0.02462128502348741788064367345262306585595979413483292 0.05733946143074695295002826851693544796262358431704342 0.06226938954377670029877254315175960641681740526109934 0.1022187002822993717236180373497678175453984295018017 0.07357271840209212433568533931471655762379668885841966 0.0843157787244049875249114929520732886203404632396996 
162000 0.02435494662871782869699650072442542736439463624265045 0.05675785171916438438094974772152312425532727502286434 0.06158358773411773244853316747193794356007856549695134 0.1025412580568668743919141100873204663912474643439054 0.07315541143088122073308678453007480868564016418531537 0.08385547887158869779161219151775163993534079054370522 
163000 0.0240120645556555844054067534384944160308350546984002 0.05603897484911535147687343567934892263338042539544404 0.06045892349807093872954733178304298490957080502994359 0.101289977616351031756828683649818145795507007278502 0.07225166550233010172765626272228800530683656688779593 0.08291959940738072542117066340838782423361408291384578 
164000 0.02392311368609390492751323991499345922306929423939437 0.05586663964449736799819249202792015296381578082218766 0.0602966041096760923693803277401137563629163196310401 0.1011577619787392499562024041070973368050545104779303 0.07114085116227255233353364213821912187540874583646655 0.0825174190035289635661601079230642596940015209838748 
165000 0.02388039023634083709002860502340626069894824468065053 0.05570039674147971677154638284190646402294078143313527 0.06014623160216831280087067777839759941116426489315927 0.1009298877814707530689206614604724876471664174459875 0.07108363484273174397372069971412500422047742176800966 0.08258859196862822965644421874253922055686416570097208 
166000 0.02396737105539376511879976622276799957944604102522135 0.05619957457661563041343279027717283469200992840342224 0.05964152877314338713725513571595193695884518092498183 0.09976152526895496845660542967193507024603604804724455 0.07100510709719161873065221973755356543733796570450068 0.08295265620386256766950793320458679147577640833333135 
167000 0.0239320076143735406319580562989335348333952424582094 0.05598034592627790816514736678410901760116757941432297 0.05965728549949501902026848497440081331433248124085367 0.09916834246867736861892053332190322123551595723256469 0.07133728368472151224740718591932342462769156554713845 0.08304814557473091029757283898504738317569717764854431 
168000 0.02391031655104074760909908629880060715322542819194496 0.05591742223848636705364496118919603873109736014157534 0.05966692760262921113847338176749968141621138784103096 0.09857538560078445253627823022246623452247149543836713 0.07145028704236060997529453656107456538393307710066438 0.08290245837735201799793393478976710753158840816468 
169000 0.0234861957366419051103416599027284838996365579077974 0.05480068155269337731768644270125001582982804393395782 0.0589592625038373075544990802032696564083380508236587 0.09830293375970818733157246746556801042515871813520789 0.07071732948908936472763369848748560286821884801611304 0.08283168703147150164079869777422615584328013937920332 
170000 0.02351613232226847171352115788145464847502807970158756 0.05475862020788918073716162494835035801088451989926398 0.05926894501694808442467674383657971759475913131609559 0.09788406408793194399790707840858239308090560371056199 0.07090522231707792099518429182469780869269015965983272 0.08355465137393729110383295416442095415732183028012514 
171000 0.02356703159913205412946441037747025148973989416845143 0.05477298422254371976016797639308375522659844136796892 0.05958110766617763234484234785570677672694728244096041 0.09808345359992699251291395010077245331103767966851592 0.07136481503311105972146670406441870682101580314338207 0.08432565448130052352776172067128079845588217722252011 
172000 0.02330560381301901568420304692447198036120425967965275 0.05404758580958318395774013856436290836882108123973012 0.05912795999122978673852497367990910248636282631196082 0.0985853641773665868397284739454988766738097183406353 0.07135723409977718221966318246085592136296327225863934 0.0845520260279678618218004992890257653925800696015358 
173000 0.02306043017705867399021364694267077766198781318962574 0.05328491260119403169229971954645730392030600341968238 0.05914404518151628332289912112762486628980695968493819 0.09853053166703451827795716411184656635668943636119366 0.07105224608296938507357365030769891234285751124843955 0.08415316274316455980025871927430181074214488035067916 
174000 0.02288504526880304141307623851803176862063082808163017 0.05282089989215536927522846172289305854974372778087854 0.05888993047977049612799987747535634952100735972635448 0.09752764599516249701885569831083522274184360867366195 0.07086724718012921741595346036834968117545940913259983 0.08405250689001086578946118910149465364156640134751797 
175000 0.02301956048194016646196735122187337907462278963066638 0.05308097082169956749971950586697300167315916041843593 0.05904898663068869694959487498531203186757920775562525 0.09814322334439678018573735215901443496022693580016494 0.07142817344660244184562092328860671841539442539215088 0.08414806244018191785249581246541872303623676998540759 
176000 0.02290117327057581195097534041554832029419230821076781 0.0525465813955661627739925599589465576855218387208879 0.05923992733836827253223952793881323941604932770133018 0.09841671081081363267216086110344974713370902463793755 0.07157628899695138231833646189072872800807090243324637 0.08396078757618886737859511398829326367376779671758413 
177000 0.02290831441623358703952434683309702379006012051831931 0.05266454896447709856110736686973794462574005592614412 0.05895542936757963130848169894249188871526712318882346 0.09773971599408721587265739746963610912189324153587222 0.07156303673259115323611410236503971304955484811216593 0.08373915607858535033988832754769937594119255663827062 
178000 0.02280345278436445867826967270203253335125737066846341 0.05240995201793903162417929096628110841038505895994604 0.05863903893027685220525231646337971369575825519859791 0.09801479264022932402750749522613027409079222707077861 0.07096859660140181544742479791132439004286425188183784 0.08262789797850519066707867740784188015368272317573428 
179000 0.02263977363375288439891266922820989293541060760617256 0.05201303669147134542267139380167240148011842393316329 0.05821507021460791609076342208173304726415153709240258 0.09819645098630027201642121725821965583236305974423885 0.07066799322294474014271659437214090360157570103183389 0.0818683001235104063734462041812545152197344577871263 
180000 0.02263098844236674759540322004330858973730755678843707 0.05191348590372631366341923953022785553912399336695671 0.05832394608469912973170595250904657547152964980341494 0.09770110774662550335358532707652479132320877397432923 0.0706220635142869416773624829941624625462281983345747 0.08143516020495136742104232835393062828188703861087561 
181000 0.02270476044470669043494760307860813597358173865359277 0.05201769854705542473716716432574624917606342933140695 0.05869628441454287164939979982991591356267235823906958 0.09752709389950285603958701416416054996716411551460624 0.07072440960698828586972154372491949914092401741072536 0.08147988797284808305056201874205790147698280634358525 
182000 0.0225891209311672237818941670964290047152189799817279 0.05166555794836280526719039102312436284591967705637217 0.05861213002750246305874379237899063355143880471587181 0.09729663491330538995362046950088341645823675207793713 0.07039753355516026117681379140056385779189440654590726 0.0814250277231383957966836563413526306476342142559588 
183000 0.02241179850115155475795501033298151583039725665003061 0.05126593328575562007480472676013150135077012237161398 0.05826732888244791267907539585035880946861652773804963 0.09638577612534642930836774679659306741541513474658132 0.07010057346712767914969450730455768905358127085492015 0.08110507037716223921225595916428829923461307771503925 
184000 0.02242704141347476692881746877100690440443031548056751 0.05128638978177996958401408701677670620711069204844534 0.05821397964707825143455734856479111272165027912706137 0.09644559387708379887292403295773191018724901368841529 0.07022043967270607356623247571891788254561106441542506 0.08095264256539148390494700646691228484996827319264412 
185000 0.02248175337191742307318411634581289959555761015508324 0.05116950545161199239276115374730480311882274691015482 0.05891092844091874044073131252985398020882712444290519 0.09744457148057532859883192802308293778423831099644303 0.07080505284827230951471242759165392044451436959207058 0.08104172981100580641471153864330290161888115108013153 
186000 0.02241242559882501824488091821119262192496535135433078 0.05093249509704804617687382180257760211361528490670025 0.05889902719748144533826964691636263182772381696850061 0.09727776697636409753891907972733754661476268665865064 0.07052006830832960010792872379559170781249122228473425 0.0810446845956817173720282757032329357116395840421319 
187000 0.02194924864732324970996012875046332624151546042412519 0.04972606579789931397088983792975636077926537836901844 0.05799256054637328119399247196297242368245861143805087 0.09721516051278056017368031302416930827803298598155379 0.07029814778556952374849280118507266479355166666209698 0.08086223485625334120362271012050214835653605405241251 
188000 0.02180315882193990868984112031780941975966925383545458 0.04938214963984700406140300119051111948920151917263865 0.05757871913200751954348285098495008327290634042583406 0.09745924064582031572405093622357696858671260997653008 0.06986467447619368639999360912073989027248899219557643 0.08034332430420251662425397756739364751865650760009885 
189000 0.02134725982595572882664566871646627532754791900515556 0.04834662653772321274939986583685236354313019546680152 0.05657436470362298273605321415058444500800760579295456 0.09786698645944126782972869241228330849935446167364717 0.06903858236238911674542738719506651534629781963303685 0.07929231478096285112838878181285018342805415159091353 
190000 0.02137377504115925148497207031184075276541989296674728 0.04836080631325116968065118937258883846652679494582117 0.05666688467193175895533796028458173310582424164749682 0.09703503156655735272629421592216480974002479342743754 0.06954252975533329898853935127633896229326637694612145 0.07992606227622954465225017101071003366996592376381159 
191000 0.02147722445420115104186640359040794123757223132997751 0.04865201747394774047761572925707707071296681533567607 0.0566485808018511398427715340664345688992398208938539 0.0963285025145656734901636678025660387447715038433671 0.06964100140116368476767482950662291329990694066509604 0.07998816596998895229916589147411976057355786906555295 
192000 0.02149634567653681560719773364215301469926089339423925 0.04878041194058655378236900174160339815898623783141375 0.05660564371511466112658417584868608685155777493491769 0.09674622534951123363272315613947682777506997808814049 0.06911396761815840191568770592422943366273102583363652 0.07959569822846529172125865786435738868931366596370935 
193000 0.02151574079709255738459747469421001753175914927851409 0.04864141402760513641632435233308484612280153669416904 0.0570459758124588719148200487152333693074979237280786 0.09625491755430824742631500459677518222179060103371739 0.06898637198487484457312853003418950947889243252575397 0.08012032890093631643804120839869042924874520394951105 
194000 0.02164398499936683922787350638217152010156496544368565 0.04905561745769565107992671824932440216571194468997419 0.05714747845434577228209771862510457651751494267955422 0.0945366419726602545298989842270653838340876973234117 0.06857930456617818372390838616015074080678459722548723 0.08033611768881936625032137364033069104607420740649104 
195000 0.02167138905323038612142053267739516542178535019047558 0.04918756051418380841909797594746489579620174481533468 0.05703398218057869573593098022623593124080798588693142 0.09469501486939502437836400569604045074356690747663379 0.06857458013832384367526812454785023476233618566766381 0.08020505467931841092122692560284491491984226740896702 
196000 0.02167887752949348026949133970420202643936136155389249 0.0491898787287016102333283423808651946274039801210165 0.05703681260537172318877702920092431781995401252061129 0.0944794170802317606063739502397780256615078542381525 0.06849649767257924872339508795549001263225363800302148 0.07998877765169186802597092386668542474126297747716308 
197000 0.02154622438400345418579721109425539893322820717003196 0.04885106327878162554086312330259289637979236431419849 0.05675378545414666855512203849642993702673265943303704 0.09435575747248746798160733834093250038677069824188948 0.06845006614177393418883572212552124369722150731831789 0.07962961817447833314816520514090036897414393024519086 
198000 0.02135699976449559592310773262213707823775621363893151 0.04812010079317130423564815612513800857641399488784373 0.05688598624712644151403453246507169183132646139711142 0.09434745376749107748700490239102123268821742385625839 0.06951624886788145505093963055776029591470432933419943 0.08051842941005538002317756113290769803825241979211569 
199000 0.02144603827030074475475487135595065169013651029672474 0.0483825335513036370273438381561792454021997400559485 0.05704683258667550562300485247901882246424065669998527 0.09387104822657717368686227515928166553749179001897573 0.06936775732439555060564097960229545947186124976724386 0.08047992635789563090759068941792975238058716058731079 
200000 0.02166716002224202985867963430766103272162581561133265 0.04894109068852687920836820947845247076202213065698743 0.0573161383523073879631983505722470084720043814741075 0.09396336475990849357162919622266095132090413244441152 0.06956845299983009734746432217722400537240901030600071 0.08086254266043343481618109816477790730004926444962621 
201000 0.02171023357148726011272199445251152027935859223362058 0.04890056809596266006369023535138573777203419012948871 0.05772447981479763627374692837312952775619123713113368 0.09235556224514755335232036453918524898654140997678041 0.07004998894096909759280061152919572009523108135908842 0.0809980648022714410418912076017328161015029763802886 
202000 0.02149339862951816952943114632373911021545609401073307 0.04849240795516194691498735279411302911967140971682966 0.05704968008276423712706168153707686485631711548194289 0.09095561314836017987786988617249228639138891594484448 0.06906759109774747819250921218592331740637746406719089 0.08037646761034210240374868472468250502060982398688793 
203000 0.02147902876696693308055893280317238946963698253966868 0.04833330125998639962588273796817439631468005245551467 0.05733424523636152469229843899045651056667338707484305 0.09079178413364571278634925985406844972658291226252913 0.06913591242470538281644299241635032160502305487170815 0.08082996461316534280257999414698311113625095458701253 
204000 0.02142080032095679795131626128174007206439455330837518 0.04825404801680495227026910197432041371712330146692693 0.0571299643272595127309256436004547552443000313360244 0.09026963030576195765877171167668180373766517732292414 0.06874919464148616512702430828007926777445391053333879 0.07992194079992288564486977928136290927341178758069873 
205000 0.02126465539687501784983506610687831184236529225017875 0.04798596819516793082695434169426818016290781088173389 0.05656699494811001856467316643850562485340560670010746 0.08919618319147911535756546169695369030705478508025408 0.06814671167492936875261693233096771393775270553305745 0.07964930290973600525363147728530321955986437387764454 
206000 0.02117401236472478799629875177712445832867160788737237 0.04780905421634139776393282797450901000502199167385697 0.05621118280751566854849896742729598031473869923502207 0.09016259939103369097841179924390786482035764493048191 0.0676726494560459414776996608931192156433098716661334 0.07910710651905714708195371115406757667187775950878859 
207000 0.02088068920885467390009435865311226976359648688230664 0.04725997760187088096123599924303082531196196214295924 0.05543438196940233082869687805671610192348452983424067 0.08930141641950036867183323335828148969994799699634314 0.06657914200264654768515954277874335787146264920011163 0.07853820749791475087578243932662225290641799801960588 
208000 0.02089492248998354945084012217887403650706801272463053 0.04728540629514426550720996786369987319176289020106196 0.05538840469425946797565386316153368539971779682673514 0.08885401189351765625527640110603577738856984069570899 0.06656798541404398164523723013807909865136025473475456 0.07868320085253722871487845960669638145645876647904515 
209000 0.02099760612015191826497807325163647007570943969767541 0.04750547873116737372038275583063793305882427375763655 0.05548300437383766631029079034742590437190301599912345 0.08886946925611747507607217008707145566859253449365497 0.06658965412062635140402581945817672703924472443759441 0.07809362474023380197633804541967883494635316310450435 
210000 0.02087421992544835318695965742374909268619376234710217 0.04724695371047800321651663306432578082194595481269062 0.05509128250714884800321260484301522097894121543504298 0.08831996693084545816255885586354423821831005625426769 0.06660957111364454335432827222773788378162862500175834 0.07802955043108541219668006228005197044694796204566956 
211000 0.0210166263435928254964810742849712354995972418691963 0.0475003016266491329533513867516836270965541189070791 0.05547782602259913354797254102235282147148609510622919 0.08785770320321332986349995020081138363821082748472691 0.06654503602620368507108679703709874786454747663810849 0.07858508261280108424034693270776585904968669638037682 
212000 0.02080330066036078644004707425413380761369808169547468 0.0470421564392011616693306530478935201244894415140152 0.05490476307007623908232611838198256037912869942374527 0.08771890365592615967346755770361887982744519831612706 0.06548877400598147274053077021571667160060314927250147 0.07844974665598392594913386421939804904468473978340626 
213000 0.0209580816390279275792914506770792115730728255584836 0.04739884421312018031457341006584815801261356682516634 0.05525254449214373492706869374357925295271343202330172 0.08797319874189967465989226438893844317590264836326241 0.06562642368261618569747145937598453713235358009114861 0.07864264742166023588115309275736741767559578875079751 
214000 0.02082819447277206731089624260760961860228235309477895 0.04703386356941831827638842225547399777951795840635896 0.05516328205370615638005707577484759696062610601074994 0.08742085689272347801193801045127607096674182685092092 0.0650416244882565021553054440683894199537462554872036 0.07865552013896860008510805370440799322295788442716002 
215000 0.02085205594738786494496234069639939434637199155986309 0.04703867246162047354696134592033640586805631755851209 0.05538486761374138641375423908197461742020095698535442 0.08815858041753218690358712833488041837881610263139009 0.06494565054204442505606832691800178736230009235441685 0.07838315788604440366812335996837823870464490028098226 
216000 0.02084997002758799645059039316874471836626980802975595 0.04716959559475720611533924343794499378645923570729792 0.05514482141212673732314181011815445998536233673803508 0.08755330374193562849397540551188434676532779121771455 0.0643503463063790099785350419525631338046878227032721 0.07820695743137386913548716321775700066609715577214956 
217000 0.02080144281409387564146958298633149908596351451706141 0.0470472677635809955581350141201601999796366726513952 0.05510870427530850408360781414462969962642091559246182 0.0873795506081299587825450721212394711301385541446507 0.0640974558549459276772953392198317601469170767813921 0.0778383647475368671531624487069933593375026248395443 
218000 0.02081953894127467279452094704728093432777313864789903 0.04724426866934054548906145309938864329524221830070019 0.05483601824481707020790435640200666256305339629761875 0.0874630943265083290915815582289294383144806488417089 0.06401299141083839439405906573954396776571229565888643 0.07739414553755899501684845792626177285455923993140459 
219000 0.0208739681351117874160062308844243439409638085635379 0.04727056175290332381595673552632241865012474590912461 0.05513479450935506601938203112556191598514487850479782 0.08758466650280541598649159881762038537544867722317576 0.06425112331099637205878349552334860561586538096889853 0.07720604210955192697876181898153369331794237950816751 
220000 0.02056996242680541953703077934223486522569146472960711 0.04650984225042191399349437129495665743661447777412832 0.05479218518509929714468812723959789678929155343212187 0.08656303832250325771473058178440140864040586166083813 0.06335433742977242400462156018958737035973172169178724 0.07633912644425510555748091642835895243024424416944385 
221000 0.02036035244258525373574385611274983887142298044636846 0.04605844917236495175322827204389408706219910527579486 0.05417832696923894928516148017383358137522009201347828 0.08560784978948437381183513006366325726048671640455723 0.06308552833311979881692269089832336703693727031350136 0.07529129622742619269904667048121105210611858638003469 
222000 0.02022173959224107657788526652004046368915624043438584 0.04562090088309893340262645734795032836927930475212634 0.05388466152783661672844473140842058711541540105827153 0.08613392658249448173910086876126079857840522890910506 0.06319030445006300239935712395600297952569235349074006 0.07482219093124339872154715189167539790560113033279777 
223000 0.0201990599896113134878200979366313916330000211019069 0.04560631431416712357445730069427369812729011755436659 0.0538116573058885517862450029863419231901389139238745 0.08607488754974041005209447682822165859306551283225417 0.06298937265989517249174150029245033977076673181727529 0.07458907677418628299109747484263444050611724378541112 
224000 0.02016273945634174544625969414946009550249073072336614 0.0456344347232286900259304405352844824506064469460398 0.05351737575199501999000236893144766270324907964095473 0.08567106595907675606284183839056467490991053637117147 0.06296539160022953962478299214100552205763960955664515 0.07455579624705249114049098943524107596658723196014762 
225000 0.02012913751598064825316936055088490320486016571521759 0.04557526652536462152267519171155996104971563909202814 0.05344771397506866841907013226942169126232329290360212 0.08540750745221783881246709752010914940001384820789099 0.06251520915988668654177107253389067409443669021129608 0.0739784436939390907249131275336129220931979943998158 
226000 0.02022390524893195530308799817004183907442893541883677 0.04579981457491589254651161849940521619828359689563513 0.05367754093279870945281295920026298773564121802337468 0.08510950822312718065529779307154534251367294928058982 0.06300624210813130974227769254270015153451822698116302 0.07443744097517481963361112712318501394292979966849089 
227000 0.02002061954145037580176291671513189029951718111988157 0.04531197986247013464498694344795293176275663427077234 0.05326595583375456942950426642013894706906285136938095 0.08454913741641280610370282055932023013156140223145485 0.06244698292266193797187619381194867429485384491272271 0.07388207000627264297296700051864704050785803701728582 
228000 0.01996184306671212168926348926034641806381841888651252 0.04498644969131121813869745793001975187053176341578364 0.05349582923137134384146667426263022093735344242304564 0.08378271545981579357777538352713975200458662584424019 0.06436132801865152364205295565380282596379402093589306 0.07397257933177666414738303871101443576208112062886357 
229000 0.01973445084912403946419089378200295570309208414983004 0.04437810582918961927376111896437205217580412863753736 0.05314335758586126100911977906959826611910102656111121 0.0846830955513865672555770189311452611491404240950942 0.06422807261486691516661536732746284883432963397353888 0.07368308939578495174839781189923826332233147695660591 
230000 0.01960630145824196930986072634484074228566896636039019 0.04406940808592039922488665590338818844884372083470225 0.05291217744152469409080999547534407412285872851498425 0.08464530403974461192611721677137026631498883944004774 0.06404106073815440709225523321923567721114523010328412 0.07374340609043220100591404728151978531514032511040568 
231000 0.01963265142019502426670523285989755635227993479929864 0.04399840247633500168574697923584704284394319984130561 0.05311462850901629210146779810908235219812922878190875 0.08414422099473413886215004270363593263937218580394983 0.06412178147438463714539395171820856944577826652675867 0.07403313394273970114202194220398567381380416918545961 
232000 0.01963552872829122990693190894256892065072861441876739 0.04397384137539461084292461041933552934324325178749859 0.05311332438857593818361171184028179936831293161958456 0.08482483967413841704775486277090301712178188608959317 0.06442261559884236903972872662071935678795853164047003 0.07426466452446195274972361513587948422809859039261937 
233000 0.019620834572938307807708855495798516699323954526335 0.04404392729941260458905892202774445820523396832868457 0.05288287479825425112722400711184889132709940895438194 0.08433007301274220608993271303122085669201624114066362 0.06419852064112007772252481083152808594149973941966891 0.07407932984027501742093670122901727381758973933756351 
234000 0.01940929223654158290742854746369072671541289309971035 0.04358339091657094696886389460777078141973106539808214 0.05240229406249096716629296346945388052063208306208253 0.08406564953577151971429119031720134103125019464641809 0.06352178824273315313974318241374561466727755032479763 0.07298564425753890404707313957488601374734571436420083 
235000 0.01933886525350456146702293920569548646426483173854649 0.04348299541695095118932438277292717998534499201923609 0.05207824657024894147901985727577844897950853919610381 0.0836712651186594854807519576478380685102820280008018 0.06277691804848172761204004935220446270704997004941106 0.0725519004954654795768072272910131914613884873688221 
236000 0.01935263441608782384451134181424514224545418983325362 0.04362311258611626546034811813257192625314928591251373 0.05183246795067700044137371309660444751443719724193215 0.08272465282331694868774886464368734095842228271067142 0.06277150650306034289973309073240592681486305082216859 0.07256972161737524622558475825839785500193102052435279 
237000 0.01925153032520320877467290797413479452870888053439558 0.04338646633794706101804440970259868493030808167532086 0.05144731802739309215518476170458939122909214347600937 0.08239268014274058902281531666100811150954541517421603 0.06281949173251062178786798678720160182820109184831381 0.0724251089246427911166664390107960969089617719873786 
238000 0.01911055795456893248543709870612694601277326000854373 0.04311417262527682273473431454058335532408818835392594 0.05097434409810233542687430037532170246095120091922581 0.08202578285820163425971426884864001749519957229495049 0.06318630052766899778257311814932961624435847625136375 0.07241302317031263837576087263880886268907488556578755 
239000 0.01919993963501680804644409800846505120830443047452718 0.04332912333919960519879478050286891743780870456248522 0.05113849183104583917371175998123344896839626017026603 0.08148991853984802180826257922419131318747531622648239 0.06348664787882813981284178470043677577905327780172229 0.07291156604767521915414938901700558915308647556230426 
240000 0.01940562594882205297569109821165245222118755918927491 0.04383050898464069765596978767163705015263985842466354 0.0514566326002639974256591074569522348269856593105942 0.08098867110686536445739473408234054829790693474933505 0.06392825130964016565045075768392024428976583294570446 0.07314443797176616285355245719590477904148428933694959 
241000 0.01938096069472514564213823633903599485961422033142298 0.04384962484996079157137860091153491737259173532947898 0.05130531323991054160792634961096858603468717774376273 0.08145441200839741394015662556693513352001900784671307 0.06362698415897846284354369764124648156666808063164353 0.07278303921393816731510301165641863008204381912946701 
242000 0.01934166529804979721280364969582254985880354070104659 0.04370234760326639489720580364351398827693628845736384 0.05130847192332177302833643578461320089445507619529963 0.0818249977204322090349234396222666276798918261192739 0.06350084347946569045685171611692609872079628985375166 0.07311618930914149779780146498620041484173270873725414 
243000 0.0192076997600837052166620469093039069718997780000791 0.04337189589725076452125188813946365939955285284668207 0.05116595711566862124831250868695065037172753363847733 0.08201124411597466182195564562973366662390617420896888 0.06308871542546503491128567775447777421504724770784378 0.07251921427314562445311805008452132881302532041445374 
244000 0.01925183475985665008839192897938108472999374498613179 0.04351347341122089950083708619066324985169558203779161 0.05120982391959996603882912177829744848622794961556792 0.08128657646974875953800425409934149456603336147964001 0.06331042254327694688778452661304108062267914647236466 0.07251763711252703057292016627921604765560914529487491 
245000 0.01928182071685751493741024873568301600812446849886328 0.04355127093314540360203504683334063685151704703457654 0.05141465211098444701646038683395811830223465221934021 0.08160095180506411739301516131139813126083026872947812 0.06340613015585904125578442860899919253370171645656228 0.07292627381839874868677030608776767905965243699029088 
246000 0.01922367635581693265362348069236198000453441636636853 0.04340676409721636276530399439765872671159741003066301 0.05127213117704040459558160851283314940474156173877418 0.08180049985580356780248299439217696260584489209577441 0.06318663791885373637638965982343819405286922119557858 0.07295221474015508963853037655011846140951092820614576 
247000 0.01925879072631915306044721267891839389108099567238241 0.04352629289636474906708568134716674791206969530321658 0.05129718419353632090810037914840879835765008465386927 0.0820682216858627079520143061952541785331050050444901 0.06305283551155530520458550661211383214777015382423997 0.07296125481665335383842053637581948066781478701159358 
248000 0.01928556962932220186431075178296046246373407484497875 0.04370731842101831966112841093563545769029587972909212 0.05112082356626712726049670265648927625079522840678692 0.08227249205468569432595773646688108726721111452206969 0.06265816951318197696455458353681500227594369789585471 0.07279637976166765299471930403263364439681026851758361 
249000 0.01933328359607032569981934118363842145527087268419564 0.04378347203975842565401967523830428774544998304918408 0.05121851719921750947602423660598436327973104198463261 0.08214343554533630183627336898699589085026673274114728 0.06265122992160583649138899317576623104741884162649512 0.07346337075872373610619346651073868770254193805158138 
250000 0.01925221296856522987383662955107599401571860653348267 0.0436407923525660895779434977903576964308740571141243 0.05097506209712421018436737801815539228300622198730707 0.0815982695197703444741363712489068404920544708147645 0.06213671455102038377967432931925362282754576881416142 0.07307086867875394200989771359422420005103049334138632 
