1000 0.972662524834444673204475462213736136618535965681076 0.6032872927367935327633112485568034344396437518298626 0.4517811698507238584896720384742607734551711473613977 1.596328692077818484020175493487414541959878988564014 0.5208036709922917913964321434683313327695941552519798 0.467321662436441296733244735173151696017157519236207 
2000 0.7401027404799372213031749545564252912299707531929016 0.4281904709578073351566081944374886347759456839412451 0.3565945857227044144856231699947102242731489241123199 1.008527012958806834538524888067456686258083209395409 0.3640353817491562062340273303595594711623562034219503 0.3412238351774450183663111441090265429920691531151533 
3000 0.6713501435904265746633899636375275576938292942941189 0.3503118628480232204234264686837363456106686498969793 0.2913568076594893881082690145767344347405014559626579 0.7648774041907847493783866033023599584339535795152187 0.3069335734006908130366234749297760231456777546554804 0.2984578547330413238972829370609929355850908905267715 
4000 0.5785518052995818196284662227046879934277967549860477 0.3106307472838806472330373115164903197182866279035807 0.2486234666342750090840992005514209495231625624001026 0.6246026326901702690856665878271769543061964213848114 0.2864178986969700511238962753468584310212463606148958 0.2629441723608333072081857245683167434435745235532522 
5000 0.5157563381361479240929703016238505597357288934290409 0.2744232967949984342091035438571111626515630632638931 0.2217111168431896094891276477456543148036871571093798 0.5741414845935176173349206996121552037948276847600937 0.2531545558122789286027536082013256191203254275023937 0.239183479560093887892669763106656688478324213065207 
6000 0.4636037050504296486532537086011629412496404256671667 0.2492456626824843028905967501351881310256430879235268 0.2052413737714571300227309538777298314471408957615495 0.5218687225441518318276579169179285599966533482074738 0.229715634540544569035139081669694149923088843934238 0.2178717226435337582550943666404030807370872935280204 
7000 0.4327563355372932951778842253220958014026109594851732 0.2259609779233377508278913375905361249351699370890856 0.192202727423646796027023944675171662765933433547616 0.4879473335339215449887439318699122736688877921551466 0.213180956722789860145143153724589524244947824627161 0.2045329877148259387732243466673232035191176692023873 
8000 0.4114120045182699959146477297622368496377021074295044 0.2098438784278572420677723767146183320164709584787488 0.1793296001917520054427714754075040559655462857335806 0.4544217030748815652925736569001102793663449119776487 0.197094979839655569595611474265073326250785612501204 0.1887235863274302419137842812268957004562253132462502 
9000 0.3933849093698984199782894138897049174374842550605536 0.1957150196474528322461471432913704404654708923771977 0.1692621463591485672650627236635045846924185752868652 0.4222515406366888782380489275602997167879948392510414 0.1861413569770663083293533654472007299318647710606456 0.1791285054594650804737476085248815138584177475422621 
10000 0.3804655841454905268548408736606347702036146074533463 0.1867460785523800314222257062946042083240172360092402 0.1633562014200000788832333603606272731667559128254652 0.393625445331637391154595492781531618220469681546092 0.1774324397927493115177145777128231429742299951612949 0.1698758818050572676010799566537201599203399382531643 
11000 0.3612480971883500553600964549927354596547957044094801 0.1818049904084567981450530627096640046147513203322887 0.1568998285844649011994654530521842161761014722287655 0.3806471415417887674671835324113899901021795812994242 0.1666721135118814397759389941966468029477255186066031 0.1617051172766708399202535348382347990536800352856517 
12000 0.348893500529777100132872852400467422739893663674593 0.1768489442578899162767129202289417833071638597175479 0.1496384082442798908323426318456306205462169600650668 0.3663101996240206870299703501014931816825992427766323 0.158251200390859876599141536912540573212027084082365 0.1557485789950505877051074865580204686921206302940845 
13000 0.3352609766136704363634086362155883875857398379594088 0.1695272691106450639565109833606371125824807677417994 0.1448803707615931003435151558367266488858149386942387 0.3595506167655197783119495197334813951783871743828058 0.1523590335368047597914848562128398157256015110760927 0.1478521780985783262973029886233611307488899910822511 
14000 0.3251676653245127884849820232293637900511384941637516 0.1637417374290932498454324492409561742078949464485049 0.1388213567736359571364208875809964638392557390034199 0.3402757817661075012336240747101712145195051562041044 0.14895892031149872223444712709961024188487499486655 0.1410342841281033871849662914010892222904658410698175 
15000 0.3223261585836933470312296728943479706686048302799463 0.1584948053936066380317348317730008488979365210980177 0.135291230266612242421806443226639515842180117033422 0.3358111942723694641748256178859222131904971320182085 0.1447204081211023430860763971939064731486723758280277 0.1350238960278314452590191913072814600127458106726408 
16000 0.3120248970649606840813312935711820728101884014904499 0.1538591635222631721625864351099544080625491915270686 0.1303075899218164947131757061549173215553310001268983 0.3331468309061319631593327261764869717808323912322521 0.141155877259771582194619599093243778042960911989212 0.1320490355683506994069866327667917005328490631654859 
17000 0.302748361864989896154740436906571687813993776217103 0.1483868233170476170796215492631020538283337373286486 0.1255961624897803431021763367891885820881725521758199 0.3219858166166975169694784014717825471052492503076792 0.1379622388362589910821036018329088790324021829292178 0.1268807924678041642343713849006014982023771153762937 
18000 0.2948172272955817893862629636148042777676892001181841 0.1445120215161353401811137817101204916525603039190173 0.1205154364216517151443363968510436023962029139511287 0.3100914917893008454648738625447634831289178691804409 0.1366444412568674333604591686341933609583065845072269 0.1225237271289121858378772834952119552553995163179934 
19000 0.2889710204701640007378133506721340495460026431828737 0.1411235455172007327535399837104002074283926049247384 0.1170871470918289197196346385076992646645521745085716 0.3023258383992282282532685494524926639314799103885889 0.1341188471834119083484805623474045432885759510099888 0.1188861046361925872402406402505992133455947623588145 
20000 0.2826574848023834610763818653289547455642605200409889 0.1361578290835305912113810389296730818387004546821117 0.1133721619005699863860759345202122716500525712035596 0.2895422458303288765462790016469440956825565081089735 0.1299542948157794971326874783335014740259794052690268 0.1143525990693739278783957157015205297057036659680307 
21000 0.2726434499010348297648280435634404739175806753337383 0.1345619906031561360142990990684808139121741987764835 0.1103381169525627463726298593815755566538427956402302 0.2804123471366611292739014910102568478578177746385336 0.1265545560512344743062281005041569414970581419765949 0.1115970834080101427366921336414851140261816908605397 
22000 0.2642472590073918624234243501813779175790841691195965 0.1320754369651815223764800000250119182965136133134365 0.1065189118646808828270804679616556853716247132979333 0.2700444822491049256195892735998853595447144471108913 0.1247436849524262214976310682301718912867727340199053 0.1085079522395827082153368405015303466143450350500643 
23000 0.2575337912849336189312875189383333918158314190804958 0.1281134398346649485705148543979170483453344786539674 0.1039269391813162835333907499379968442099198000505567 0.2634655952162794135846136250878046780599106568843126 0.1211937452191705784422547965972771777387606562115252 0.10620817644064962842394847855609363307394232833758 
24000 0.2502561200871374476014438043014465051783190574496984 0.1268416280487537319205445379699526142758259084075689 0.1027304274268034493540046464543635806876409333199263 0.2550709803448732543003710238060932624648557975888252 0.1203117984350665854831438812688748640766789321787655 0.1037705257519511401709754426503362623179782531224191 
25000 0.245027086663484856487939429758871057174474117346108 0.124373595572977638977702277700565502982499310746789 0.0997530339783705141063754537333885252792242681607604 0.2484248548538125142141940251971909958683681907132268 0.1198651535511659742153176694268168489543313626199961 0.1033562844437196423977407162830832731970076565630734 
26000 0.2406641734189260706391162367157043888710177270695567 0.1236375209667922495291821939622511905554347322322428 0.09814773476371134356099597620404217934719781624153256 0.2443306069225395180268380415644635661465144949033856 0.1174510983879415467042925391716323701984947547316551 0.1020360390902226791954199476564202342387943645007908 
27000 0.2366052151124184445128316098272414080838643712922931 0.1214564062469791286077058951875518033602929790504277 0.09711866051991416026620230692034674291335250018164515 0.2408232369080393900161824946581923256871959893032908 0.1160639016029993426368021811057040793002670397982001 0.1006934823421164582505174002469150451588575378991663 
28000 0.2318870234867553652407384801037437682680319994688034 0.1197208239838357074047003186789694950675766449421644 0.09577669218017572033365856706832452971411839826032519 0.2359182624603528339077935724321655186486168531700969 0.114121599076337874478402015926414847513115091715008 0.09868319071636161295650721200778399122555128997191787 
29000 0.2280634151185005207071584618083726070381089812144637 0.1177448014518734573764053782940486314601002959534526 0.09374368773524230494714791842025825019391049863770604 0.2311325310057638435375874236266113825877255294471979 0.112518201920469723941722536841858470779698109254241 0.0965695313371405666358847884322980092974830768071115 
30000 0.2234890827723813657590011191866885553736210567876697 0.1170793303424653019297247726060451356033809133805335 0.09168890382300032918650020338779960127340018516406417 0.2269263379844157391303227644385742678423412144184113 0.1107249476218322964185254535240954254504686105065048 0.09523414919566135214737921665939524018540396355092525 
31000 0.2187610131663007537373586905427025328663148684427142 0.1150970094250369197980414688597949890436211717315018 0.0900243383935276293399542317519301803940834361128509 0.2245040555025125568873413037240815981476771412417293 0.1086559602521584246470533891004706106286903377622366 0.09355410467270960472689622644537621454219333827495575 
32000 0.2139837054742315516556302665285294040131702786311507 0.1121972242001703174159418958943934541139242355711758 0.08887694316719246011087533082539735573845973704010248 0.223258898973719343728915227853537572855202597565949 0.106654502527755428307651951180812233133110566996038 0.09142995266673455400383355162752252454083645716309547 
33000 0.2078269719918082899493168291815692327872966416180134 0.1095341197869604720133759195865863489416369702666998 0.08772075480260420307551108218269142469125654315575957 0.2211116003742383720166936669770940682155924150720239 0.1054026006878070841128627703475739707528191502206028 0.08964639269284672450153854394994112908534589223563671 
34000 0.2022794406531158359748229572105948648186313221231103 0.1082485121744924343230461437348477460318463272415102 0.08721573160336776371777921246231102259116596542298794 0.2196741059178919892798690846613673954834666801616549 0.1036992628382111026564215382206324278513420722447336 0.08835799776830598215927089350563150560446956660598516 
35000 0.1985985230413734434933622358121496631611080374568701 0.1074020399035415556163305592085599471374735003337264 0.08617269563340419552874673361775315072463854448869824 0.2195000182848568919002398003303966333987773396074772 0.1014540059733378900259188545862620856041758088395 0.0875813829927648945902936283847139975478057749569416 
36000 0.195153805504537851699163944485526656080764951184392 0.1064714619460255848977167647539943118317751213908195 0.08462982592712393182078980946592139389395015314221382 0.2153047099849149551649332007263737409630266483873129 0.1002755608436346001859605647776874093324295245110989 0.08634951390799737555754866935586733234231360256671906 
37000 0.1934250136435353825323495841059795452565595041960478 0.1050234631354831833465585631814942502160192816518247 0.08390171242627598411105080411509504756395472213625908 0.2117562055536395993371890505985177810543973464518785 0.0989962041320377097167659483090140781769150635227561 0.08536095293011673296553658632501715430862532230094075 
38000 0.1892390353544641111205358921520947035332937957718968 0.103523308905470876724807475360856656720898172352463 0.08220699341324398655043515296569900385748042026534677 0.209417336617813861529384389381647224581683985888958 0.09649651024667103024165830046920966367451910628005862 0.08384709493821787183281653635380514799635420786216855 
39000 0.1875560426970716969172171470492394007578695891425014 0.1015679209430349454066017447773084825257683405652642 0.0810636737893382887729229122064644741385563975200057 0.2076015930487455333233693874350755947943980572745204 0.0949456643076826998370256090187258024570837733335793 0.08263803722644713560221063283761644413516478380188346 
40000 0.1857345879227388133988520257933174661957309581339359 0.1011864610856358592615557648319857264596066670492291 0.08050263997060488108293988332442303601510502630844712 0.204516891168258417425286632695957678151899017393589 0.09413222279963696830840970408704748706441023387014866 0.08159330760710002583866807049362002146608574548736215 
41000 0.1821228695127585632155620479211144413511647144332528 0.1003042219243434964872328796214873136705136857926846 0.07877896440644819634987507106504978082739398814737797 0.2014751194702105689801271970473806049994891509413719 0.09305472081989634977659906628355557245413365308195353 0.08049638121964531230900915734216560792901873355731368 
42000 0.1810592626389961446017797669361115708852594252675772 0.09975161961639119655647712017754180635620286921039224 0.07776605661082795254525129244327352751042781164869666 0.1986349073368902976136117846661655050866102101281285 0.09099372478641262985889649056447936459335323888808489 0.07901896389810954595344597711781275961584469769150019 
43000 0.1785095321885979312363486662396105941752466605976224 0.09854498494504948448191898255354992386401136172935367 0.07596456360445680584662399292827927865801029838621616 0.1954232297114182738764515817608824477247253526002169 0.08957808668936238523356320809232222757145791547372937 0.07808879095781187921370466303860879975218267645686865 
44000 0.1762333253955427818073431120438065988764719804748893 0.09744596006746487870089825505948155637270247098058462 0.07526031345335637415868562660747898007684852927923203 0.1936428846404424392198522636432400645389861892908812 0.08751171227956075173619668317037678662018151953816414 0.07749881908125738513127373982558587783842085627838969 
45000 0.1730689659641082085754981365055549247244925936684012 0.0956166379471310543414902527459275916044134646654129 0.07413842538430292588663662531334175298525224206969142 0.1910014350957234907462094913865868761604360770434141 0.08611055004670882564830761488061661168558202916756272 0.0766852563960242127074598723901477370645807241089642 
46000 0.1708107589270877909562625085460041418627952225506306 0.09390035338098382300305857692257482938202883815392852 0.0730042959563101710263131188805019178289512638002634 0.1874501088236084386351009561932912106385629158467054 0.08471422778087405984904882660924130277635413222014904 0.07568563001606399970186888834233762679559731623157859 
47000 0.1685383250665437532761015484994437940713396528735757 0.09233413464717994829087429481395687957956397440284491 0.07221745523432637122596003745322867928280174965038896 0.1851248153941218060382096349814062818950333166867495 0.08349608478617266106526408758758961425883171614259481 0.0749958864698309478024587822198032682763368939049542 
48000 0.1674135625186811850406134669078106469441991066560149 0.09079978356075656984678625902041027018185559427365661 0.07150378340486994996946096270207249290251638740301132 0.1834388830601410882428434212521040080901002511382103 0.08286722884213105636751163160513833361164870439097285 0.07369730118642148835260939632174626012783846817910671 
49000 0.1658341112048495725290412489139058038745133671909571 0.08968824394389206246475196998568790718309173826128244 0.07071616034629179499074050699314319956556573743000627 0.1813515726898188850117407677764447271329117938876152 0.08188962176410305299754412156065797034898423589766026 0.07292478266544742871889048241307307307579321786761284 
50000 0.1641783945407764973924190712861737040384468855336308 0.08869805925526243998454180642032618209213978843763471 0.07008897154822287962872527644631048815426765941083431 0.1793523782598814821711034547813135020533081842586398 0.08094538469646833664866225968581581184935203054919839 0.07172615878304339163940538115493694704127847217023373 
