1000 0.86644382513160077567606481840911669678462203592062 0.4311310131981719024729226424907935211194853764027357 0.4653806698762662329008684553022234808850043918937445 1.223960967785710815037593379717151265140273608267307 0.5780528901773720465624185893549480397268780507147312 0.4455153565829672586515609183921426961205725092440844 
2000 0.8033309881322832904566345890717826705440529622137547 0.3612637193607699499591466574255349541999748907983303 0.3744327954903508050299183046449869038951874244958162 0.7918627519379104124958197730155262661355664022266865 0.5478415927905589063746233380314265559718478471040726 0.3501563719562437575498394654038847306765092071145773 
3000 0.605444636063223045729236870826639460574369877576828 0.2991544457525765377155224644667441680212505161762238 0.3016413473546662334090744800318972806962847243994474 0.8851715812220432333151838577567360744069446809589863 0.4360697847520797083289371270931056301378703210502863 0.2674041652342592938261609664118978457736375275999308 
4000 0.518732192884686516150781476763853561351425014436245 0.2758325510047774466507695956263290781862451694905758 0.2767625836874836745612072502753520097940054256469011 0.735989630357855317735037842252765472039754968136549 0.3618230129266783549348528159494975398047245107591152 0.2243428436175672675725704940941085396843845956027508 
5000 0.55328681305168168165151132420476187689928337931633 0.2213046453431936463809165394067690613155718892812729 0.2385160437591277790699787614281390801806992385536432 0.6022864240380423084286233559314638341675163246691227 0.3026199699128850777499720459129406435749842785298824 0.2117460756781877414010395802024255829110188642516732 
6000 0.5172913530304735419047303113249114403515704907476902 0.2113823834703130534381490188144958608518209075555205 0.2015291812351427309810353652452796779925847658887506 0.5206448940814756847113298210416587608051486313343048 0.2494487735363509574087678699605419296858599409461021 0.1958839373038794001968257094126180106741230702027678 
7000 0.4607935938707741369024274702415056026438833214342594 0.2090839683782833686255314339930144740264950087293983 0.1926658999504412182149793580920871249873016495257616 0.4843397362957915842668777522961320869399060029536486 0.2260122887355493121087782540379329532242991263046861 0.1732874354582717284651563124930895298803079640492797 
8000 0.4052887493377632765329237479745572159117728006094694 0.2119648587055447820881289369698841085210005985572934 0.1731236028150981906808397736696747415408026427030563 0.4314082131470628504125303104288491340412292629480362 0.2113886198535945751790380078838360589088551932945848 0.1570736834064773726292842462304299999686918454244733 
9000 0.365806823065237104677547771980350432841078145429492 0.1985416345152798305365420689083677530106797348707914 0.1640208949161345700941405656436700155609287321567535 0.4054054839490890579901342244406592385530530009418726 0.1961902343774365315689969108126078367604350205510855 0.1483064441197161226486563034843157993236673064529896 
10000 0.3441365064350759123113464299503760912557481788098812 0.1820534058351935697281972353911427831008040811866522 0.1381928332602739678661206770837743817992304684594274 0.3730734111988825162141772406876327750069322064518929 0.1829765721057365583651762794281658841555326944217086 0.1454052490873381671263779926772663486644887598231435 
11000 0.339515047145670452222220372928696008330007316544652 0.1720431470892033759561732739196138197712571127340198 0.1320080097516501337572263768960212360070727299898863 0.3444075305193318876624628682714401861630904022604227 0.1719666861248581314728115995715818087319348705932498 0.1409039166866828855046930857319864571763901039958 
12000 0.3431940450820684453700579880086607431621814612299204 0.1627404039498451527434976296437874054845451610162854 0.1256328265622231429350262252309100574620970292016864 0.3181339666869692306232480366601222954159311484545469 0.1680217019130394074142654040060484987861855188384652 0.1360086757115585898202450576555122552235843613743782 
13000 0.3171399662977624667626209281623417268747289199382067 0.1598729175384621283814755646202065975103323580697179 0.1274893629196008515181174833297284010313887847587466 0.3590426800616992736303600963765347842127084732055664 0.1614938020001480032902287098384164210074231959879398 0.137070421478998524236411760135467829968547448515892 
14000 0.2974912040947817125325584181050331267215369734913111 0.1539535136047018540366619968051686839771718950942159 0.1206363857640208472025858746357052098119311267510056 0.3466515239466857484652417137338531460954982321709394 0.1487708217783852494061486160248364285507705062627792 0.1376139861944654554356875716947250509747391333803535 
15000 0.2954417234555606386109307542886526221082021947950125 0.1529778084976896378535411030741286708689585793763399 0.1170030028929719283337204834005706999278118018992245 0.3360735898963872207614433235134399069465871434658766 0.1404608133815696077056119767112463136982114519923925 0.1376087501029946460725031376348681533272610977292061 
16000 0.3066534042006532782885606241984888242768647614866495 0.1447876597196833928541618435881233040163351688534021 0.1216902278819082941561761923576767685517552308738232 0.3193903828159563558573407621166140302193525712937117 0.1376538893489163843843062565164281352281250292435288 0.1431746068129622795366733337130149550375790568068624 
17000 0.2943583955682271154877423235962652370290015824139118 0.1444818377264660106426650415523127435335482005029917 0.116985286007896458648118789835912423313857289031148 0.3046989434202042677085880278964324929802387487143278 0.1334920567079208801028250216957893314884131541475654 0.1384439717695040281597498171839433211971481796354055 
18000 0.2897454424069149080676107560483600877887511160224676 0.1424338071880648430670443863044205556889210129156709 0.1122871898205512541457987141235719263931969180703163 0.2950403175947124908846518759331090109299111645668745 0.1294049644559947906695190553150176526742143323644996 0.1332491301139681756480906762996063719128869706764817 
19000 0.2895240549863329871066279508351470894922385923564434 0.1376877162747610522814398562041482421136606717482209 0.1113458107132715349456655341831012862030547694303095 0.2830383210623690732005239972801646786138007882982492 0.1266720717789860360533637714808286034440243383869529 0.1281040872194372565358051058170829605842300225049257 
20000 0.283039031653363253726715317859508047604322200641036 0.1361033109628961615514318797548476425163244130089879 0.1059740647833271434186987181025330073680379427969456 0.2706215060494400821873572926534734506276436150074005 0.1214308100398821288782788552218505628843558952212334 0.1251256824607935817924783683530165490083163604140282 
21000 0.2794178060364607353214215501591155543792410753667355 0.1338075084869211365607355110340925818945834180340171 0.09933203501162306936462338333160282388689665822312236 0.2800301653033095197471540049871663313751923851668835 0.1194065778415295258569673621240614380667466321028769 0.1182865426942372381232120200078572480606453609652817 
22000 0.2723365403244592667969699306684816519918967969715595 0.130811439274852936895366349590030807803486823104322 0.09928205950752359975085064788813404845768673112615943 0.2685149396818774835467725364823721179163840133696795 0.1236673954108792846447867352921434758172836154699326 0.1115189382643306459648815422147638543037828640080988 
23000 0.2664961930900711050665581602903131397397373802959919 0.1305106771696624757314163928212380483273591380566359 0.09452350918925462446728734053347231736097455723211169 0.2555098551916418777403203210774051967746345326304436 0.1209855388656518659305219229316286089215282117947936 0.112373200272163170837025954890142642739192524459213 
24000 0.2537398761827393616440345230911290741460106801241636 0.1293441471199768339676947764838033094747515860944986 0.090842996576661141724007460240830624798036296851933 0.2428125066561042909047546389800231736444402486085892 0.1185669116516498152282595851536584063978807535022497 0.1094835965610883277111201744569157767728029284626245 
25000 0.2461448559329351244506041071491431182494125096127391 0.1287305144068829653770675430779490966415323782712221 0.08915774535096672356307076490189444939460372552275658 0.2376634934748733728009095766964264839771203696727753 0.1163600571363285365817990743564358524508861592039466 0.1029499792637142312131141516640120414649572921916842 
26000 0.2349282372843679326461074213794333331861707847565413 0.1242384749871950599988388620753543278851793729700148 0.08757524845068739240865670486746452638726623263210058 0.2452373312184155031444093494896740992317063501104712 0.1120440704379426045275377522847382039117292151786387 0.1003262415715546639866204321756004702592690591700375 
27000 0.231707191638038045272793459539162341798146371729672 0.1193794563374282450581151046598016307598300045356154 0.08688500304804432335993059910439484383459785021841526 0.2418234629150383074543736311445840669875906314700842 0.1089937468664821239197441904433816262098844163119793 0.09757210819790093467876413921291423037018830655142665 
28000 0.2284401607592261967396782273986843847524141892790794 0.1168593127130219389405102817236503653930412838235497 0.08536928387401044429535481791737616674708988284692168 0.2323909569380693637577310617370329737241263501346111 0.1045712033084999557542454397263131937734215171076357 0.09527371364442406115021280688104354794631944969296455 
29000 0.2228276972459014616416211537752722904315305640920997 0.1161178477901806051122545609954883616410370450466871 0.08473456392746263985147952765841772304611367871984839 0.2321796781239518718797367954898014374975900864228606 0.1037870930771106957484265463642625348938963725231588 0.09405018325497353743691944516491787453560391440987587 
30000 0.2163291419111193848495624386663038762890209909528494 0.1131936220857587707561164348801785450859824777580798 0.08263786459890618906978408328423135742468730313703418 0.2267876442026275640446563580665539916481066029518843 0.1014163461536247341052857130760944670555545599199831 0.09197923395090687518461198754482488482153712539002299 
31000 0.2113732685342420111637403226656495291990722762420774 0.1106371710251323584557679551021447394987262669019401 0.08112039977561790002769798180182192481879610568284988 0.2190238485609947364075953540885066672672110144048929 0.1014455971212455403729032522852637754340321407653391 0.09060294665799312536542823096064047661002405220642686 
32000 0.212448570708686809802457490237159731805149931460619 0.113068639662829262517644395014126956766631337814033 0.08107110857848852493521673440168839874786499422043562 0.2152272737096810208796363733663170592080859933048487 0.09849814467945320145222422303366016649306402541697025 0.08849894097492459947118352558970144627892295829951763 
33000 0.2113281823657650398761527130164772358966729370877147 0.1144386264067645999617300542339215496667748084291816 0.07973393888047964487214092424438582895618310431018472 0.2096656352502848330126824019647990837711404310539365 0.09791455706080420329158768219524056064528849674388766 0.087775056526768979262291721366029406681263935752213 
34000 0.2072117267690945528258502500440485505350807216018438 0.1115078863171161134543564810717164448305993573740125 0.07545480609428954393077138701473316473311570007354021 0.2024302496374085647424644757164102770730096381157637 0.09582784442421176767230818135945291658117639599367976 0.08810262386883531354151441808419953360953513765707612 
35000 0.2003411312577208443669622359162296731938113225623965 0.108807709444854777810964691076023314053600188344717 0.07130631824189917901646003708937548992707888828590512 0.1969995344919517994767806448597191604221734451130033 0.09343867214630293681511393963368128368074394529685378 0.08545214018931733598990942851747476538548653479665518 
36000 0.1919275530745951119403810286589973088666738476604223 0.1076463470807394079114117750595180922346116858534515 0.06924296372586777040182993286920876130352553445845842 0.1931385270013781859391394438163480629100376972928643 0.09420331979375561267146203109357216476382745895534754 0.08403172548558438122948827109226499487704131752252579 
37000 0.1931562674982089763720287042825241030641336692497134 0.1071370324342861436169938374463050934082275489345193 0.06898596650347183173532933375682318910548929125070572 0.1926277222215677527148878708795898262451373739168048 0.09434580219610121480102674779155691453524923417717218 0.08636269501144847482877048294724886545736808329820633 
38000 0.1897812915236289147931977167038652964947686996310949 0.1053802507850274744396080334185583637918171007186174 0.06812121431609736104230770625811430818430380895733833 0.1889399495860210431534553787713548445026390254497528 0.09346175609165802023733460660026572952574497321620584 0.08455788188080661645312872259916403550050745252519846 
39000 0.1862245535759072722958645459967463864359160652384162 0.1027569946244981295788850639283396048995200544595718 0.06612408041043237146900833287044285668798693222925067 0.191174751987178379906777946073415108685367158614099 0.09463832928920965726553131414089392592359217815101147 0.08291064018181340577654360804449318322895123856142163 
40000 0.1857950407827071178892179917352400764229969354346395 0.1004401657719526967245632191605420047153529594652355 0.06529970717499856273956845148509486875809670891612768 0.1888219685167431205003113828255756345697591314092278 0.09469246341019940954727377585564696005349105689674616 0.08999505589354511477363871702062070312422292772680521 
41000 0.1888110628732959314374922898949193950102198868989944 0.09470656884881368547013553993441092870853026397526264 0.06500809188344392776631036623413706365681719034910202 0.1869779025281089160804171706020682108828623313456774 0.09376950428790600495317000134809504174882022198289633 0.08622378235753158964887110302099948455634148558601737 
42000 0.1850292751831144447453251361546122666368319187313318 0.09381035048539417287038772591545310319816053379327059 0.06421770828511355308813261105749248258689476642757654 0.186405084448183583042176619803953485643432941287756 0.09277872937231823239180930618097420392587082460522652 0.08478838915436317434605115184176327147724805399775505 
43000 0.1836916046796445045635086737445540450153202982619405 0.09446218294092528197690786240237059701030375435948372 0.06328309540222857939884568492794336691531498217955232 0.1880356166575395641547743114108115491944772657006979 0.0920193120828559838180610297442285627766977995634079 0.08516609872902749650829413302632886484389018733054399 
44000 0.1794572719827770785006254908311440487977961311116815 0.09699871656286425083737289323804198204470594646409154 0.06140757945298024001603925080272627923250183812342584 0.1853171482519611152972116921433531899765512207522988 0.09118665395466935797113942896441329821755061857402325 0.0832101489651278446825011583798392678090749541297555 
45000 0.1834481505480263260454264900856102826764981728047132 0.0947661052355120214275071427456609285400190856307745 0.0607629220973189709938068383404674577263904211577028 0.1840054119275503652380541683153403198502928717061877 0.08764209660980660358435079607120066214065445819869637 0.08279914271833476938625877641908523685287946136668324 
46000 0.1815821296607348289204241983951781946871051331982017 0.09227260524561646201792798963059460959357238607481122 0.06061232821182747924806510225748112929977651219815016 0.1826757485598040999967084721533616686883760849013925 0.08646123759098070313272458090048111500891536707058549 0.08103917574428552245770262033031094972557184519246221 
47000 0.1788933296544905128826110501938373431585205253213644 0.08951957680790084760408427400069086843359400518238544 0.0599459909669044123804552970380399301575380377471447 0.17766452975417500188663483956519328899048559833318 0.08588243519390929314771040287146419700547994580119848 0.0788479553857670915149977348967968993065369431860745 
48000 0.1757336500964110172668146067631589346547116292640567 0.0866524104968420756778106107953707493152251117862761 0.05928132773543055553165746079935516377190651837736368 0.1781971319599114034963431574265513290811213664710522 0.085688732076230410058680260487751212394869071431458 0.07690358275780391163520917016671596400101407198235393 
49000 0.1734881829576884326450355103266254275240498827770352 0.08596337078142071566540542357226506453571346355602145 0.05852205326323746718562347247927224458408090868033469 0.1784141277707047480607753520143177183854277245700359 0.08533090537084616049328831752229795881703466875478625 0.07596172262987079266391204565578298968375747790560126 
50000 0.1701148511228204860984847962557253708837379235774279 0.08379153764222346390379368014089678240452485624700785 0.05705179581554833693405985595159535250786575488746166 0.1760250694694550667034364452301353765051317168399692 0.08508820762214705559894076594695810911161970579996705 0.07540458206896443259334861936027394335724238771945238 
51000 0.1660607159879966519697375507136349881420755991712213 0.08225948745821625241386254936970523488071194151416421 0.056448891032858847965799882831494649337855662452057 0.1727652042195971936227238616168300211484165629372001 0.08456287664959072265271049911872225379738665651530027 0.07582314363049853140778594137727530721804214408621192 
52000 0.164156127637105346889407654631387600829839357174933 0.08199738699906144697489990269545501178072299808263779 0.05610799464635461542599457161750731160054783686064184 0.1677518026445373951790855648891209739304031245410442 0.0842780563615556137926974715479655486660703900270164 0.07583938897765016444777429194257223343811347149312496 
53000 0.1647684031715680797239558658118241396550729405134916 0.07996073718945964016089310300028358824420138262212276 0.0538760031807639544915730991925251203156221890822053 0.1658663530594466672848626490055501392362202750518918 0.0823499483911484122611399577573720875989238265901804 0.07369952615284796769348080180961346741241868585348129 
54000 0.1608480181736057116692953372627528096927562728524208 0.07961101733968179285181460125286889706330839544534683 0.05514544201328897555562332834233618683583699748851359 0.1667691212894369552893064634346842467493843287229538 0.08193980073840908673056234248766038774647313402965665 0.07323434523232630886154653770958589120709802955389023 
55000 0.1622374635920457450682452896217888849150767782703042 0.07966747137019697952100725710233852794317499501630664 0.05703143301876422957997093271531596769818861503154039 0.1649971857167507907583267612317001749033806845545769 0.08130944006562501545610187336787788581204949878156185 0.07397964523576037737127766152900321117158455308526754 
56000 0.1610226263188042460100394062672002348790556425228715 0.07793384665655329229702304519311617525545443641021848 0.05710755639095185620765938311338416610851709265261889 0.1648784368224156973812156296022024548619810957461596 0.0793150299413763142555963865654167221919124131090939 0.07359982954982184837029257976070972802062897244468331 
57000 0.1613747242470440540804783521866561102342529920861125 0.07726818719541433516098324907339645051251864060759544 0.05589441924150275629927476714331469054286571918055415 0.1643363975391834716711014427459325304425874492153525 0.07963462441259881960408696655040472478503943420946598 0.07213364406587183742163103122857492621733399573713541 
58000 0.1584053381706006504922590316652986075496301054954529 0.07558654346820901875718661661052166778063110541552305 0.05524956982482078566537683946002790236207147245295346 0.1611622363745704767138636898105019668037130031734705 0.07932105512122448132616373689396382928862294647842646 0.07159262845781104381422902532827734489728754851967096 
59000 0.1579006583193446771099487102585356979034258984029293 0.07418918193429474437278941037487989262899645837023854 0.05409689296922709857262765061058917837044646148569882 0.1594677721579962582167154863665992081678268732503057 0.07837208537659329103311879952120655445924057858064771 0.07072374339784257791862798550597268842921039322391152 
60000 0.1550612910752830020893024490225009515143028693273664 0.07328449364619642501995260344682669995108881266787648 0.05551196437617213185814727012534763872508847271092236 0.1574578445631173317540915657097855273605091497302055 0.07836797803954573676539063081802893862004566472023726 0.07004979432966475358970622269727535069705481873825192 
61000 0.1535800182054043601083490738767878269754874054342508 0.07091989187392762549681356903930051771567377727478743 0.0555651371448695810122435020939057892519485903903842 0.1538752148403085378674517644248531667017232393845916 0.07647154834178859921542219246770599738738383166491985 0.06837534142991255609853084099225561942603235365822911 
62000 0.1514502659421114874680868583878279309828940313309431 0.06991351080255424602132247394181696620307775447145104 0.0556607570943764736796596261092506807699464843608439 0.1521512890144903975436253829034427553779096342623234 0.0777558344372025388318322818015371211686215247027576 0.06786434376309979427170605489894050776911171851679683 
63000 0.155185903879599096494268893609014270396073698066175 0.06843863980920874100216796595552715132271259790286422 0.05557908155056490067386760177414739558798828511498868 0.1502942532267335330666436360447235642823216039687395 0.07709692529032188534887908709647419414068281184881926 0.06701867579001704619225858808317930481734947534278035 
64000 0.1532866884255142261530733757690647678373352391645312 0.06686177835489695432631207863694022819345263997092843 0.05437378240262118342873091242362093566953262779861689 0.1485032159706357617648094307516437595495517598465085 0.07602423903571147391133649637295910395096143474802375 0.06638135886507855530055998219407520366530661704018712 
65000 0.1510163346306399746309546278100199856453400570899248 0.06666752090691335246486377841268478050551493652164936 0.05387069085590196665356307707817062890853776480071247 0.148596073366414986271469463041672298686535214073956 0.0759332635383862769885561332106060916657952475361526 0.06636431612726882736495595885295450955254636937752366 
66000 0.1484806377696836254186053480341733745717647252604365 0.06618358576125860289076198797464378742461121873930097 0.05380743856369524208050248055557052140329687972553074 0.1481499719911334824650134614487662076953711220994592 0.07457783106288654314066678685524180991706089116632938 0.06497562883960243931206861300875488041128846816718578 
67000 0.1467011467133810351953521894374787848391861189156771 0.06484011665210674473061895281555955250496481312438846 0.05389089166543645165600756770374335502538087894208729 0.1468408536329629992454827089320978927844407735392451 0.07446648705860604024436410347531634101869713049381971 0.0649633485789719502338768718219252917833728133700788 
68000 0.1455547613192235776994644391724165188861661590635777 0.06373523531948507108953801830741880962705181445926428 0.05319418171319350240565382303969954591593705117702484 0.1450319487802374809703011629413715866121492581441998 0.07345199491085665745104078469540631601830682484433055 0.06426212149552524182164175287068630382236733566969633 
69000 0.1431040554480413578403684426998410117448656819760799 0.06195340653349214939815551086987888140811264747753739 0.05219644651212983694872561864219751015525616821832955 0.1426965211284869031876931799729391059372574090957642 0.07134009786138176937328285454054110914512421004474163 0.06357605305496590090253523561147908083057700423523784 
70000 0.1413639951412736222305854480452147470259660622105002 0.063177282471259223835171464633830851198581513017416 0.05163588602785269668550170371612573205766238970682025 0.1392253883820928585035104144140838400289794662967324 0.07000806727943931771670745337066144031723524676635861 0.06265110162268304020311568761081311151883710408583283 
71000 0.1409397021845878481769711795812405341621342813596129 0.06338800353167865130949625365741617599724122555926442 0.05172445259749239840880801442890568608845569542609155 0.1382868221969763537516082477218937185625691199675202 0.06960985533312739067748507390542833661584154469892383 0.06399529527094620214792541207371456835062417667359114 
72000 0.1408966017098964142666801466208248427847138373181224 0.06348663286463464943667946854821693136727844830602407 0.05270013133744246239405749354656194327617413364350796 0.1359252283505083222671502504730334237592614954337478 0.06871732320316617828695774858327460776763473404571414 0.06304513075183327819046418677428889054681349080055952 
73000 0.1385460476117011431867066112433306557250034529715776 0.06634281731227758225759609175820052939798188162967563 0.05248362704634004456872740582151770638574816985055804 0.1345730004640363060237689615816769617140380432829261 0.06848795215926255106959246246600692131778487237170339 0.06292234499241376440101941591720446922408882528543472 
74000 0.1393229345284388080537926399293802148804388707503676 0.06649163026814836000829905468534342105613177409395576 0.05151276269350975436965914266984611913358094170689583 0.1331676583082572473952943231667589429889630991965532 0.06820656241295043753508501108151484970676392549648881 0.06290482485877369056575950448384482172059506410732865 
75000 0.140679408319313474639710055680286160395553451962769 0.06557063580118284514973350102229332492242974694818258 0.05095668403722156967257817666849817328511562664061785 0.1326361361389938417514782267869755116862506838515401 0.06746307260590372102828466902013637707113957731053233 0.06266429462968810875988590405882838751949748257175088 
76000 0.1380940136662729994954795786910040078510064631700516 0.06615035297088005402342536509507908704108558595180511 0.05057991400003413750655089677066289510776186943985522 0.1330676805104880235363371335233217962468188488855958 0.06745316205672731632705723878173920127210294594988227 0.06286828858144445454961789232495306123382761143147945 
77000 0.1355226814733845876024967772033313906376861268654466 0.06642627869147373220753841419061735962259263033047318 0.05012218435382250018703858066015932593018078478053212 0.1326471530435575549414272192305652708910201909020543 0.06667388976501436878514600045675386752463964512571692 0.06241021646202369684532031308965560612023182329721749 
78000 0.1335309509841455318402293067636676937581796664744616 0.06611640367512803547573804752168769027775852009654045 0.05030948430809344661275963120350418478210485773161054 0.133712701751592133605052795108925067779637174680829 0.065765713039447342300940040071832726198408636264503 0.06222207025443196645511363500335999532353525864891708 
79000 0.1334856764392018411220959539509323121819761581718922 0.06529052693648944985841363342071730357929482124745846 0.05077129062694527716434618989926885745944673544727266 0.1330548800050325134483554176401121083017642376944423 0.06465735977010133947874125776023035427897411864250898 0.06151850683555417368997319041423743612995167495682836 
80000 0.1315615551386532667676315666582809171814005821943283 0.06504455537295564341313328093896473092172527685761452 0.05034871629393715482906897056014638991428000736050308 0.1316625163682758618193067295942810801534506026655436 0.06412963900232455247076186755084137303128954954445362 0.0610731519128518545930293763557283881482362630777061 
81000 0.1304003349209349064881944060823038000762608135119081 0.06392107444317502802150947685544402077084669144824147 0.05014755949979578262949123264313744385844984208233654 0.1304038939749873401708875689242184137128788279369473 0.06438110429786055350265434882306436747967381961643696 0.06020318464893242822673401562494355232502130093052983 
82000 0.1282542345694378693081796893871171505452366545796394 0.06422280692512587123928387289328867382209864445030689 0.04919161751318595045959279447866929757537945988588035 0.130253804455847766726817385518621961182361701503396 0.06401163853072113388655885179989724065308109857141972 0.06006309698384355051507029615853738846453779842704535 
83000 0.1275766207696027117922876401023835057912947377189994 0.06376035378561242255462428174528355384609312750399113 0.04867243497590904524217544913078370427683694288134575 0.1314473483028651843102299623389228599990019574761391 0.06336419273596702933303926111308079782702407101169229 0.05935999159948208874070939462808116360292842728085816 
84000 0.1279256004018805315545007084132578256685519590973854 0.06349297812136495061999513084272095397864177357405424 0.04791679177742907279577183783658700377827699412591755 0.130571054672334149136239331290276766139868414029479 0.06289304102172590988262691064081266745233733672648668 0.05889369005485180444216578542204754143085665418766439 
85000 0.1282956476465384265477596981153141086906543932855129 0.06438886022771796060863713773159133779699914157390594 0.04772697794766410409899215668005911794580242712981999 0.1298027390718319076925784880116587771681224694475532 0.06176662452581856920078061737311436729669367196038365 0.05682763093288024465051205651178189981465038727037609 
86000 0.1265406472927631546169895127018634184423717670142651 0.0651913052839903657865202983578978290779559756629169 0.04782305732792651891316284412658532687601109500974417 0.1283802617101321510723749286242423295334447175264359 0.06160213324708628825733059200531194221639452734962106 0.05653498679182334318163243545851681659542009583674371 
87000 0.1249475287845630247206556336092564407636018586345017 0.06445176345384590734313452059511817537895694840699434 0.0473616795048342323030271267675361812621304125059396 0.1254834874773721228435191532568637740041594952344894 0.06076013254067318855759847855135813432525537791661918 0.05579280358017496809766230803084852141182636842131615 
88000 0.1248496556601786397643527766476712059784404118545353 0.06453582398201571914894691950337346497690305113792419 0.0470809645083929054668156650997890011467461590655148 0.1248984891670525771570159599688221163660273305140436 0.05976122949318277004462809758045249708402479882352054 0.05534921649362150604441342414963056484111803001724184 
89000 0.1243046873453477370048258360268889077815401833504438 0.06396653852182273812814090885314755041690659709274769 0.04629452508751328331432000826040074059619655599817634 0.2346436099863684883004393000316412098982254974544048 0.05902623627426503494431591148594584694819786818698049 0.05491112760485618708060839496254423863774718483909965 
90000 0.1237125695534108084917249321954546559254595194943249 0.06388423376651424824557157222670866758562624454498291 0.04704871005062274931797744285943974063002315233461559 0.2316230992954926308009149307776119997015484841540456 0.05958475298134311738673662972587408148683607578277588 0.05395194168219991444926343301946580766070837853476405 
91000 0.1225453284951969869849986577436951051822688896209002 0.0640800045830627446031245442181756288846372626721859 0.04697348785863756178530505590307253527271313942037523 0.2279344210605586100736085278239961837698501767590642 0.0583120482190723687856027251941171130056318361312151 0.05423688245764469651784148510054173186745174461975694 
92000 0.1215940785893242524680910379708542734533693874254823 0.06367171626059685010998309348528856332904979353770614 0.04648291993179944414375424042995543771894517703913152 0.2248815420346040763434824691358038251109974225983024 0.05842075410411472482851780521628803910516580799594522 0.05299029259271019155823302312913192224641534266993403 
93000 0.1200540543474730999744378920346399297613970702514052 0.0644667912810488581034479814435567135433302610181272 0.04573660576187808457778263306059418624727186397649348 0.2219036924937602437644381878079080649968091165646911 0.05778683411110033236692722427574331334199086995795369 0.05301232076666205088026780599397280724360825843177736 
94000 0.1174405836514105659192856549732919546613629790954292 0.06329407329999273118916261471333939425676362589001656 0.04488231092026309419171789874547506826729659223929048 0.2191488253168160983030054653197815639487089356407523 0.0563505265341251263722544429662919540646726090926677 0.05254579871650688181348911459656036981868965085595846 
95000 0.1165139567356269281050854327852484004779398674145341 0.06369914790010287243440627313884050408887560479342937 0.04471756762885197888617440191427743201302291708998382 0.2160761269208470856966657416831090188225061865523458 0.05674189822100690971744783863695005265981308184564114 0.05326572949418013926250808562357086373140191426500678 
96000 0.1151928422508650635820129544406587029925503884442151 0.06274658305038831259569558421174129136943520279601216 0.04430159090491793435662875623448631046130685717798769 0.2131861301341980864649085572470887939289241330698133 0.05590474895978438410156560051111895859321521129459143 0.0523232969857505549073875723842252938311503385193646 
97000 0.1130359704398914699741141021149815060198307037353516 0.06245934027330716755343695267832515582995256409049034 0.04409092083410189895744182853043469094700412824749947 0.2111169649689306418308479273981959067896241322159767 0.05536717715652562471113375640319187453997074044309556 0.05097861398938737728048979473693957942259658011607826 
98000 0.1121080723715612244677512950030706662118973326869309 0.06291215530889650350273656700950120068682736018672585 0.04465947982537967778242956988499212656051895464770496 0.2097651141215806253487998964124550127507973229512572 0.05467789378134040643948459922696336832359520485624671 0.05016590122989077942737253315574896816997352289035916 
99000 0.1102986512214551578786462041059657224195689195767045 0.06274513735348637254575585725513420243260043207556009 0.0446359352451144282493324805249912401450274046510458 0.207815940580825390466201615935482038821646710857749 0.0545736706741862652938362433785446370393401593901217 0.049590304742399792193647449847770936059987434418872 
100000 0.1090946222227375552493223477557027223383556702174246 0.06284656760783954801977612900087954983519011875614524 0.04513228111979377148158172096403806250464185723103583 0.2084829455067765656021755091287239736175251891836524 0.05478897595783336044078016581482248881229679682292044 0.04995484155141200952642888989674307964605759480036795 
101000 0.107992712779428947033027574170516160734223376493901 0.06244977477066655326864074923576275466530205449089408 0.04455708794120821541603016079091670320622142753563821 0.2071134921695548392880708785113164083213632693514228 0.05372295682054362816803877098137398604649206390604377 0.04987259253154187156335439522203412110457065864466131 
102000 0.1082455208233264016496472104122972268669400364160538 0.061850202731981635343989998215841197293229924980551 0.0441204427386867190766565026416312633728011860512197 0.2055434234300795836165561339403673457582044648006558 0.052789538096685497827695874098474781987988535547629 0.05027278277766404513080011375036892928847009898163378 
103000 0.1082473222147518285567342755104647267216932959854603 0.06026396998176192571134747455463553933441289700567722 0.04412517070675846895936624003642378966105752624571323 0.20351728537131053925696502759912220881233224645257 0.0537472050426835737008970060590851147708235657773912 0.05005861490468927678279369153369060541081125847995281 
104000 0.1073813355525471657488448262718350179056869819760323 0.05897689855997746538992165463155536997419403633102775 0.04451745189276356772759175861597924495072220452129841 0.2021535177654305333864353036443795019749813945963979 0.05400372202814590080017717599325521860009757801890373 0.05023633779910372982343939873839389065324212424457073 
105000 0.1074135933133227027917017647185016215871655731461942 0.05856486860173092821171890280662619687745973351411521 0.04428851273656110526597950299843020616208377759903669 0.2001683766640732485439469964805248025641049025580287 0.05485590254418267114523309266327366628956951899453998 0.05020862446013716083036983704734890210374942398630083 
106000 0.107050210446443755221473861233283386695802619215101 0.05840167512214062976025536789992376185409739264287055 0.04431990576277045675718246897645258286502212285995483 0.1996238297461373745303502350023627798236702801659703 0.05520226702577984419123319388689186126839558710344136 0.05079716344490004456812279678978860886218171799555421 
107000 0.1064800438470712986858469385753611646805438795126975 0.05805506649070590598511591197417036624983666115440428 0.0438244454515076712189435102079437811539719405118376 0.1984591517264279430913815477355299776718311477452517 0.05480141306893116577664769838162950321702737710438669 0.05023435703843200371385992707151668668075217283330858 
108000 0.1061243026844303302086793862335500904237051145173609 0.0583496713986273416573536797907761908277279871981591 0.04446326410767899515839732607624945615043543512001634 0.1963518127516951693661362635112688224126031855121255 0.05429030963916236886932669726546496491437210352160037 0.04989750915515610368925749837365479777417931472882628 
109000 0.1084058111697973701608517689554123109019201365299523 0.05755275020994389362534037098140249355537889641709626 0.04479613135697400314499993026484681024612655164673924 0.1940393453238516284400493744355387093492026906460524 0.05408679379072883995616376900938959693121432792395353 0.04921810243214905484937797715272456144930401933379471 
110000 0.1078431224445961477870800475364898574071048642508686 0.05845512276466830842454173479405543645270881825126708 0.04464888569835473216616101264919702629185849218629301 0.1916898962208260715818107164376549178541608853265643 0.05460920269919598586056742363370464232730228104628623 0.04920157070153419826282034828246469970736143295653164 
111000 0.1080067542479779495642722673964808421942507266066968 0.0572288296679592958236305628300089054505406238604337 0.04493323949410579166356509428492671531785163097083569 0.1900510668512325248701456265054687833071511704474688 0.05387584856079104689302204309053756503544718725606799 0.04835463020253594632139873196741142180599126731976867 
112000 0.1085380709479314901609397180093363743935697129927576 0.05660274326061381589683739294638353811706110718660057 0.04486723210645789587891442071199143981630186317488551 0.1887181548300268967347220055996714904722466599196196 0.05400414700820595961585908299784630770545845734886825 0.04800469049296311186672461118751797926051949616521597 
113000 0.1083314165185318561025122445495849632379758986644447 0.05575337564019007068310661984211762387531052809208632 0.04465086240079814598212862818138457754457704140804708 0.1873779627535232524757893499134375758785608923062682 0.0548670369285659612000843714241238302520287106744945 0.04767303664392160841452024226672090634338019299320877 
114000 0.1076450782159712792420986487984535528994456399232149 0.05528813724258210596219052790356585092013119719922543 0.04473689729312008608853000468652538756941794417798519 0.1856720687036048429870409987030299703292257618159056 0.05502038853959461259848220601731405565715249394997954 0.04825581798902367563366510964939504191306696156971157 
115000 0.1074845339741863212476959479890759041609271662309766 0.05480742575090421195665416238818057337311984156258404 0.04413902675605927590699712435851065350789212970994413 0.1842654805256911727291560879060661193307169014587998 0.05503925201663622165238051384128503684678435092791915 0.0477890283040731177805653714235623041872713656630367 
116000 0.1066814088812345668550525708273557512484330800361931 0.05520277172788576484566266597275863148297503357753158 0.04399319159712435419330289060324545857838529627770185 0.1821373709367522100368999918296175621890142792835832 0.05557515289058602241372558649956658882729243487119675 0.04731004127981233911554156609802213040438800817355514 
117000 0.1066627408177887895588602067131756001572284731082618 0.05407904418783008841387907258968503754203993594273925 0.04334041787679264707305762209521571293180386419408023 0.1805238630876751363448905890463080936569895129650831 0.05526330694139495847315370243013621376348964986391366 0.04740604354237012847515667438025310786997579270973802 
118000 0.1072006940200096713062790157455772543926286743953824 0.05333389768256836234604678810555800083648136933334172 0.04367415546582772245098446467492792066877882461994886 0.1790926924839456407621959485587659344218991464003921 0.0552845299353112895108684418654654280089744133874774 0.04741112343491351405303261754009547246369038475677371 
119000 0.1074135922125778427372883722101803982695855665951967 0.05349011179162986299298935231882889951293691410683095 0.04348921311822746593099510079016845054411533055827022 0.1783797605035857088335606024376289724386879242956638 0.05535433490964381967263481174046368948893359629437327 0.04770240147495717954477436467675133258126152213662863 
120000 0.1074200374129195025403810462294451610887335846200585 0.05330005691597534810499225792213007224518150906078517 0.04363734866104475301214855528786351612779981223866343 0.1767421733765198443979809947435022365880286088213325 0.05478050535264222015122853072510711314180298359133303 0.04764165942591579788951191426482623114679881837219 
121000 0.107465555173398385841387284861392359402998408768326 0.05238973017568236701920012660105285817735421005636454 0.04315469547074020324612373712691582028355696820653975 0.1747349485249678820462720593709171623686415841802955 0.0544968386419928968370624770140020487474430410657078 0.04808881000136491063761041454827083185818992205895483 
122000 0.105246109548722260583508182618661663809689343906939 0.05157743751504339251286808572249942272947009769268334 0.0435145373193569011474330764793760906172792601864785 0.1734397441037525946567381465723833855463453801348805 0.05379271576976526862091053902970028133267987868748605 0.04783416948377899399153585953403666763961155083961785 
123000 0.1040026202794668120935809955962536577089849743060768 0.05165504367547452242321877162456456034078655648045242 0.04257257034603935053675713776066835691835876787081361 0.1741873357710430221116952240190123291085910750553012 0.05378486998441810180559153470314370792948466259986162 0.04733089102802282775424649874373983493569539859890938 
124000 0.1026859648484701476931608109255389393865698366425931 0.05102953708379230125281866836672861609258688986301422 0.0418301381949778020405861667790903268837610085029155 0.1731302279862203219147967492297368607978569343686104 0.05331217358448942305755558455915288362803039490245283 0.04720410968442034534882649661480247260669784736819565 
125000 0.1008210559482987961032172431752318431108506047166884 0.04985913637415685198089171890900583861139239161275327 0.04201650687200170735383824086039972200978809269145131 0.1723521093603758674010382676011765568091504974290729 0.05327653687460416558849827031729695647754851961508393 0.04691563159921362916962594459546753711265409947372973 
126000 0.1020094519378278431721504548868040274101076647639275 0.05025332754040519655716742417062015135797992115840316 0.04252123174427609193020099857818205890680474112741649 0.1722771471640973766752949133951311466717015719041228 0.05334762108648991202713399335799682177139402483589947 0.04699318434330935339708927231394675061437737895175815 
127000 0.1013446868766529157074004000027578342724154936149716 0.0500682288653022678219690899670268890986335463821888 0.04253512282739215278107823559050615358501090668141842 0.1706925281281775372510490715316500143217126606032252 0.05312896257749888041362821937407812100673254462890327 0.04707349835327528660727683211539851271254519815556705 
128000 0.1003915623747907935242921172169783261551856412552297 0.0500420545777284589631229809458812241018677013926208 0.04231987519338074036877859508687382827929468476213515 0.1699662979621847678037872830802967882846132852137089 0.05328883843618533866566436101031012384510177071206272 0.04688909467868815997032994752347079270293761510401964 
129000 0.09983978493575826994576314157847640728959959233179688 0.05022242311343411368367972008597277522312651854008436 0.04217882805216918118578254236206159788480363204143941 0.1707100649613543882655028807726615980300266528502107 0.05358605439065409782448861156223252066865825327113271 0.04674078433944005487687793631845778463684837333858013 
130000 0.09946089887190649210654477818671637123770778998732567 0.05031953877553163349351178848523069575549016008153558 0.04242310870370195577839112638374174935051996726542711 0.1685688744340237528533113162132472950816008960828185 0.053185365702220085790959775914887863734747952548787 0.04638305733821045936799407939654660282258191728033125 
131000 0.09774993848447448982420977803275974338248488493263721 0.05081662365062576181524794070865080897192456177435815 0.04235921815643981832631248356235698082628005067817867 0.1670297790259855479224433347229528123989439336583018 0.05304372905878676469130475652768996752683960949070752 0.04696021309125811598521402917549849576062115374952555 
132000 0.09715633878191895059407571025311689538739301497116685 0.05123331623551916627422970693106485384760162560269237 0.0417179217054422867859745337193455583246759488247335 0.1657108041691040678787842296837418132327002240344882 0.05301616769999268207562144288036432016042454051785171 0.04659112360520528828961277917342087562246888410300016 
133000 0.09738651218806663821249370791011124026681500254198909 0.05102631519709835055539849830996690371875956770963967 0.04168492590700378066373497747132415014448270085267723 0.1655788893568991443383010830903145915726781822741032 0.05276272169473195234503238963685856077745484071783721 0.04595352043924707712287363974013043588229265878908336 
134000 0.09669003289662141295524814404993563243806420359760523 0.0515746238852562890450431307143297487982636084780097 0.042056158908479936593536501268641991657659673364833 0.1641146838680445307711132721384394983488164143636823 0.0523785084112105081190636623328371612728915351908654 0.04556162385992160083309724522004913183081953320652246 
135000 0.09666937944843106957570292442349924044719955418258905 0.05136612980349677142535283133617518558367009973153472 0.04225377226805684901828497751496982459684659261256456 0.1647919976943817645565100449278617134041269309818745 0.05225549692353488223558457756445783104481961345300078 0.04561695897940192096598832974252424321548460284247994 
136000 0.09567120816879427240342131585904006385590037098154426 0.05160803511918302448902300290367595181351134669966996 0.04172448349646509126509622521206122058856635703705251 0.163367723776988258896619016224960319050296675413847 0.05167766220638830118632367147113448879736097296699882 0.04620946102625815820599472494301096503477310761809349 
137000 0.09489751395196537057583324042964179056980356108397245 0.05111250852648297411491497450886090092581071075983346 0.04126906118162721544864431424959327898704941617324948 0.1617312725204799988133579080606949673892813734710217 0.05145957373459142219002311093023482868602513917721808 0.04587485000531575968945631471829216252444894053041935 
138000 0.09337533131459596806383215150670906723462394438683987 0.05080934647199726016131033495826230250713706482201815 0.04115586404678185584839005504986797490118988207541406 0.1609912471736046332747380877004061972002091351896524 0.05074753325676093323507950295925272854447030113078654 0.04595560971749329688527561585398295562754356069490314 
139000 0.09323058724138042030162498371992363388471858343109488 0.05079881898288453725013647833963492672637585201300681 0.04108412856119383602170134356379449513951840344816446 0.1597116607497695859381892785622270025669422466307878 0.05068209511613160842737209853259283676152335829101503 0.04567467021379462015871352094376067753955794614739716 
140000 0.09400895282657272382397829757483265211703837849199772 0.05071228216409515599395058105258726754982490092515945 0.04108494118859189089855974731657628495895551168359816 0.1590994586208385705200681059512390902455081231892109 0.0501823151389273992435658376665141844341633259318769 0.04527456405145576684670330296078599729980851407162845 
141000 0.09432242593143945035829775469515823260735487565398216 0.05019138616821087500215062618402761529523559147492051 0.04132615366912869459358847827601390889640242676250637 0.1579057264985606407934302930495817918199463747441769 0.04988685975862223461558750403632700454181758686900139 0.04484432305738262223158605533634979423140975995920599 
142000 0.09308812431025633589139287732416860876583086792379618 0.04942526331568934146306823484984249716944759711623192 0.04149169745086820526347492002483541284618695499375463 0.1575020527832766445257284271264097696985118091106415 0.04935805346770302769662526302940630529292320716194808 0.04470369666045378247810427110864317512550769606605172 
143000 0.09365877782298302396294742769300434304113878170028329 0.0496798262034106954693896129882091372564900666475296 0.04158755401851061749647544413255317863331583794206381 0.156011332592902486629212778501685221499428735114634 0.04942015110271668448568946514776190070961092715151608 0.04456651704592462412787183881346386726818309398368001 
144000 0.09275647484506044441039630463197163123822974739596248 0.04962467444057284006775940081446218954397409106604755 0.04151160938851561700341143840153890209876408334821463 0.155612155965567460958365493539634627495615859515965 0.04965875634727097155110206450068233152705943211913109 0.04458732328011297848228576198859052226453059120103717 
145000 0.09236240045324360903008023560012418329279171302914619 0.04909576197121530517355016999536676536308732465840876 0.04155082351794470717456955570490162443775261635892093 0.154941027015252437518686226547437456702027702704072 0.04949333928622341362025269587143760929848212981596589 0.04472904488339207992793908688633486292474117362871766 
146000 0.09173732919272584486345073831459195901061320910230279 0.04934110444300487485517147344393773522597257397137582 0.04146218452887474141340556389734306463878965587355196 0.1540193580089260904514032041179305565492541063576937 0.0490679854831391692227590250324764653555575932841748 0.0443289017247169848167450030562708462866794434376061 
147000 0.09199336760544567927037635374221125061922066379338503 0.04906854177022407939123653519697398905918817035853863 0.04129541350600041073917430625717095438176329480484128 0.1534976684778353093314105792810408956938772462308407 0.04901745499847965074918408265314262450829119188711047 0.04400723042721691271290745083033524309712447575293481 
148000 0.09229058367933815464219902968689979161354131065309048 0.04890556380920412657084019036890509823933825828135014 0.04185182968413852917202895576043175651648198254406452 0.1531587361735789775866274295412772232793940929695964 0.04886740096315899852658353602619101252457767259329557 0.04376110737509014905489415289685517507223266875371337 
149000 0.09212992316903388036495670468384311391218943754211068 0.04835289078553457497964564691661504269859506166540086 0.04160959414184258513689693669002078735275063081644475 0.1521843067095664358678169802985280512075405567884445 0.04885808024587898761809741550454777581080634263344109 0.04317840136285096241705702864444038624469612841494381 
150000 0.09360121263199939338516594039552032313622476067394018 0.04882700667612680430358087710351888688364851986989379 0.0412922526875728119992036042884553381782097858376801 0.1514837308872733465960318949283802680838562082499266 0.04858851834874426588593474517219217290175947709940374 0.04318017806149236928415970776518051366110739763826132 
151000 0.09344122467191075670907242020635230517200398026034236 0.04834848865683586570783799273021141829076441354118288 0.04083323892548534143876436119935391388935386203229427 0.1502389719481424408531727160420743416580080520361662 0.04853433619567873923164006040587015178289220784790814 0.0427677243355342066174974886838544563261166331358254 
152000 0.0935636988730864372680270414639469578332864330150187 0.04795974953213857006731920921971390470162077690474689 0.04112095249160378420690649045599052158195263473317027 0.1502562391779062033354006158725191255598474526777864 0.048120512387215679453032930734668326522296410985291 0.04278775672072292956339733052684159986256418051198125 
153000 0.09323724359948115384186381401909748944945022230967879 0.04752555115894993189695327123756030118784110527485609 0.04113858862959161117391375037111167500825104070827365 0.148937791388289559574406757669340350958009366877377 0.04803745991270651014687625285359828808395832311362028 0.0424556864197989426452234384967709956981707364320755 
154000 0.0926922776683328267742761202852008750596723984926939 0.04737934604043588995977639988232965606584912165999413 0.04137310090349638475506880742893489610878532403148711 0.1484021158086700914062244435753790128273976733908057 0.0473604445315966459306624564140619781937857624143362 0.04229836494864344580176646580527144436700837104581296 
155000 0.09215235252228127302428443284876280472417420241981745 0.04727299880753835758441408314289855496781456167809665 0.04196715753163262321159886029942054364028081181459129 0.1469281063189404404074195342744246772781480103731155 0.04717318829776785484605809706248891188806737773120403 0.04228229123541336656705129370958928802792797796428204 
156000 0.09150852311162698596156599498141481774382555158808827 0.04746204693134398539252163419510655018029865459538996 0.04213866351331709191055060505226581568649635300971568 0.1481395789415070612129966473591302644763345597311854 0.04676025517642604688778101493240590968980541219934821 0.04270773512375869012400522728434282271336996927857399 
157000 0.0907524857380670714007654328869811877211759565398097 0.04743773370798875745456431828050991583722861832939088 0.04250872545015592176057515894083138618952943943440914 0.1477325185370844412991852417915694672956306021660566 0.04643791976900274937934982172338393979771353770047426 0.04205023071600415652006028748022270491446761297993362 
158000 0.09377789029489429263201699313312609262993646552786231 0.04750817781964461963495013376024278528575450764037669 0.0427693208220413213050759351774310346172569552436471 0.1468805475826104887709846330556828775115718599408865 0.04655418981067369197494073933263347697675271774642169 0.04200569409378497964346714510508462581128696911036968 
159000 0.0938258364648455623688977876584171866625183611176908 0.04801398007491291660352693282387548379119834862649441 0.04267666289160300419305740619868583252127791638486087 0.1496315872058057481157463883270075655218533938750625 0.04621176973627635553432796942929794425936051993630826 0.04171923670930826841759283922506096331517255748622119 
160000 0.09353575585803559339607851988440678780989401275292039 0.04796319657264854555077620949787853277257454465143383 0.04306722911236805290184593772440102554810437140986323 0.148519265333334368070169508035949235136286006309092 0.04653990586269051490117890090836283434327924624085426 0.04184079109511749631778723332309333216016966616734862 
161000 0.09310983486579168228158267725524943614345829701051116 0.04815239662294314658928795491732444133958779275417328 0.04266104751548884572675515887418828953059346531517804 0.1468714725310529699606838446857004498724563745781779 0.04678282841122124885796192995945919079758823500014842 0.04123059796234745011901863011305469086664743372239172 
162000 0.09222376232354785159054267468237142679754470009356737 0.04803480901063191232710906410086071360865389578975737 0.04200388163776445933216430878021085959517222363501787 0.1462714975825068388081166489977924527465802384540439 0.04696163050671408201530514746335764897366971126757562 0.04113869794964247735620955365165585249087598640471697 
163000 0.09264954904367521919131625574017618873767787590622902 0.04791121644951670234481490989741914177102444227784872 0.04184761983257214905753979677927034686035767663270235 0.145368037976410264053165125042177407976851100102067 0.04701157845568067688985501063891891959656277322210371 0.041439987853536622552106175043640234889608109369874 
164000 0.09146839379433644268786642722579571795904485043138266 0.0478412484124114177525845508637258873818609572481364 0.04186115505315128603274735415162854934578717802651227 0.1443218680159960502871075577191462002701882738620043 0.04663128323643190589902515590103870835037014330737293 0.04164111658676613684371007120810226354024052852764726 
165000 0.09140483436002704514751525735616333179223147453740239 0.0474065323490710755990635433265723008844361174851656 0.04111954673679061514544289153427758520820134435780346 0.1432481291224960503083874635565919675173063296824694 0.04607587487158916519157749770718712767347824410535395 0.04166088758926339718452838169204799356748480931855738 
166000 0.09143304873048034996405953114817499738364858785644174 0.04748182312399800178122962618365576759060786571353674 0.04131097112159258047752959965015495669149458990432322 0.1421792380411766012815238599542588815438648452982306 0.0465714397162430285036563686745791912358072295319289 0.04146814079684566443421392563373206741061949287541211 
167000 0.09029895105288374446985376342578177855102694593369961 0.04716436269559734848481240623851995508175605209544301 0.04147381666522457528559555961500393550522858276963234 0.1408817006375797026485790011673948640691378386691213 0.04637331568075921842082354543124189660829870263114572 0.04096356389413139441547017857714330091312149306759238 
168000 0.09160188879913998087883147958265794841281604021787643 0.04641352047669212307835946706990881693855044431984425 0.04131494486842057506647022876999919560603302670642734 0.1395645608670925790753460787874118409490620251744986 0.04603463098216364644401179563593107246788349584676325 0.04073481231031133803383048087864981567918221116997302 
169000 0.09260895417782479642075828263347858637644094415009022 0.04627901308506152751911762524561488874041970120742917 0.04069641440720872632946618352445256050486932508647442 0.1385631907742137509768898251394375620293430984020233 0.04506558572449693476718278473125423033707193098962307 0.0409778897376427380466691521160305100579535064753145 
170000 0.09245061795222801941329876865283132758577266940847039 0.04600734800248923106743095291781830979971346096135676 0.04068623692871817250875507085416948882539145415648818 0.1376105966991646704260850858636544558066816534847021 0.04476030036494016353727678873830608807793396408669651 0.0410391910931080936407347285743707487881692941300571 
171000 0.09178397157201196871877807437201113316405098885297775 0.0458352764085568052032572828463630187911803659517318 0.04040728557233623360271223406980922732145700138062239 0.1367832145396905645481000143859340312246786197647452 0.04460238735735918168395504161682918464748581754975021 0.04147931597961469557943217471851493627355011994950473 
172000 0.09092287313864459896348407114130552031383558642119169 0.04480078250252988251301064157039455437825381522998214 0.04071483473669697825472746366415321972453966736793518 0.1374009809181602311185018544525959782731661107391119 0.04353773966498722231723678653680931205371962278150022 0.04157687921824384545075583771711613678689900552853942 
173000 0.09096680571273041867713096339520539856948744272813201 0.04429252567731649395401890591250637640996501431800425 0.03999782150891857675320973514176969842992548365145922 0.1361979548091866932315327845537389350738521898165345 0.04322943884086430866152297829152484354153784806840122 0.04150432107744388392838396327488847958875339827500284 
174000 0.09099017640475794022210907774361743349800235591828823 0.04390345555387968678133893754567118605791620211675763 0.03983239722510499812647738644699746402011442114599049 0.136577830030016004480316986480215035726359928958118 0.04353161391497601516865478127327193647033709567040205 0.04111839545843938982004422098837093102474682382307947 
175000 0.09118835191477468390274961282382371052790404064580798 0.04396190150059458005255105979280916272955437307246029 0.03989683080177393502082673626407682831995771266520023 0.13578004113603553407369807504156966615482815541327 0.04367440187003921643976397416742063484207392320968211 0.04094335504082233964832991494897651563178442302159965 
176000 0.0898216182755969614126610560400632010669141891412437 0.04397680623757201350682022322757802612613886594772339 0.04003072163423351587010351471107583165576215833425522 0.1346857398691780499406112775462318609243084210902452 0.04440753364377529176327207525998286286039729020558298 0.0408700400618543819820048784013932774428212724160403 
177000 0.08997699675708115058984188847079899176151229767128825 0.04373209780530532845898910795923164585019549122080207 0.03983050903649531358530775163040438258121866965666413 0.1343951396592515413748285257877768117396044544875622 0.04445857436322437696932523450155105848580205929465592 0.0402919861046213969053429899969120953073797863908112 
178000 0.08903229909190877665694282411257276521610037889331579 0.04333364046472551925795837525490217245760504738427699 0.03951296757931960143065395520134419626856470131315291 0.1337485497177528023381339050690286285316688008606434 0.04410036956923916546337337621364049766725656809285283 0.04008356058370990478804669725210185760033709811978042 
179000 0.08862053940065504094840019219669891015200846595689654 0.04293619106394747277365185958442062030826491536572576 0.03937665201445151309293476495076991028554402873851359 0.133414439083142743122114247389387031716978526674211 0.04327553703789023337576593979114658594653519685380161 0.03948575277006321709326644962823049667122177197597921 
180000 0.08910562780924158995043363878929554289243242237716913 0.04216424794241010624973168587070748714040746563114226 0.03955220872509205815405804868012396013909892644733191 0.1324478881067025540344038805895543475799058796837926 0.04303082084438924740345190807222497397788174566812813 0.03923631928896567280508301742147914126235264120623469 
181000 0.08856586049103345566543962416594659714519366389140487 0.04271863226687551713515490769967897222159081138670444 0.03962248798537822363461128813422185146464471472427249 0.1316308536814907008551762609971369499817228643223643 0.04302454057982353855045152234148897463228422566317022 0.03895897028751481300703888611958181087402408593334258 
182000 0.08688883258165502511410774669209367004896193975582719 0.04244358990517627940822903420681200259423349052667618 0.040085929363132704057845652478864195700225536711514 0.1305569494083399385148114291155252431053668260574341 0.04266021561819717720256245861720767464930759160779417 0.03886365528117516153884872243118309143028454855084419 
183000 0.08637588875342113945294793622697859802883613156154752 0.04250817284603883118901911097875512268728925846517086 0.03984598051921285226088949825429263995602013892494142 0.1291896684340861209329843345416932720581826288253069 0.04212403789166319255312005698232979966633138246834278 0.03860666563091010063994376090568128034874462173320353 
184000 0.0874849126279590005506232343324146683016806491650641 0.04305877059144283952325359815516137018676090519875288 0.03968713061111756991051623295885253384085444849915802 0.128470977956446636282332451894916403034585528075695 0.04168706277477344116234848035718041359132257639430463 0.03831261904138873466841154306894434711239227908663452 
185000 0.08706269137366616687150186124077855254199675982818007 0.04340329214690471368244713279427315910652396269142628 0.039655609473799838294064915716896635444754792843014 0.127859532416594466968881062263196923822761164046824 0.04150998615296146248852056544198507737064574030227959 0.03800704354224818839986599697255975627285806694999337 
186000 0.08635891865006297261111436677771813208437379216775298 0.04338114275916575438094696659518945125455502420663834 0.03956281761830619278605836869333600702702824492007494 0.1271895501381433754692264898045195309350674506276846 0.04140842027620595400543186681563412321338546462357044 0.03800990249259447139034296531123757745262992102652788 
187000 0.08593397693745984799459187650216840381744987098500133 0.0429117110453860147192774090324496327752967772539705 0.03968622013740602975925895849751423583029463770799339 0.1270618845110257115135505429082130035567388404160738 0.0409259841045063712816089434437527572185899771284312 0.03769495680523813344181007466138222383733591414056718 
188000 0.08579362433629863334065253702154230097676190780475736 0.04242413989927536376568447708257370010187514708377421 0.03983713939372415932857864409588621867897018091753125 0.126318856713720742261392732119773540944152045994997 0.0413430309915183592620079641027919237217247427906841 0.03738778136093217564742846072134430102096303016878664 
189000 0.08463490793115369213440698017980601264298456953838468 0.04292705421099574063581514986320808446862429264001548 0.03974022092039087774919549865548784595148390508256853 0.1259179373599752800702740451743721905586426146328449 0.04099457610093728221627748346811426216618201578967273 0.03705180752747482949565499023292236557836076826788485 
190000 0.08463100719685130654139403397206997681223583640530705 0.04286359110170078675833347896240166363668322446756065 0.03934830430634189030078247742427954847244109259918332 0.1255418542208008503339956504762930933338793693110347 0.04078523957927565469334073300355925084659247659146786 0.03691937909985703664605613538718387189874192699790001 
191000 0.08495805762913297283603656848138818702409480465576053 0.04349377825753846586631277092160896557970772846601903 0.03932478897927083880326675283112258796336391242220998 0.1246770268191958885923751286506355739902573986910284 0.04050042840961682600917190440192872102898036246187985 0.03692606463055310011693631658258318850585055770352483 
192000 0.08424317723461495439679289076728707641450455412268639 0.04311588227654634120959383815352428115375005290843546 0.03935843257820339814316611473654639041797054233029485 0.1245298961277680871627079363384016374993734643794596 0.04015573350556085121274094845711388757081294897943735 0.03645238343774478664605130998066506720078905345872045 
193000 0.08316823366011501519418297814767448983275244245305657 0.04314182569320609522651533210280128116664855042472482 0.03850480234082438067499216602374012552445492474362254 0.1236229730329735285494102171865993256005822331644595 0.0400642153628712667127543048395388325388921657577157 0.03644469428669002929302217150264731060360645642504096 
194000 0.08319225501673009173965326126798380812488176161423326 0.04278894325152310771932231622804998494302708422765136 0.03854947700820886799215748801106240506442190962843597 0.1229588029116444280637045725901312920314012444578111 0.04008810872474701709976241913169214825529707013629377 0.03623823656761202797478961870614178053529030876234174 
195000 0.08249221462336051905291567018507770114865707000717521 0.04281262690216784642864935629680278594832998351193964 0.03850169706410255390869722819102705102523032110184431 0.1225710556064391813210811069123629124533181311562657 0.03995103549552635282301592950515711777370597701519728 0.03610259559991568082930736387214931681910456973128021 
196000 0.0835720452116832175404369589810649188166280509904027 0.04260625314293574579049914824446787520173529628664255 0.03903106236547906835587925730712832717017590766772628 0.1222590672850232416046193512082496113180241081863642 0.03971113381269637392055062673212884050144566572271287 0.03593452047559740629675589969338478368854339350946248 
197000 0.08280210650498325216132492615495053200902475509792566 0.04229313825699720737739625321671699254011400626040995 0.03913986353836205339752130939745544679908562102355063 0.1217527053199181416356651312671299791645651566796005 0.03990948330591263608539492023508099549644612125121057 0.03589789073958663357134519882041256977345256018452346 
198000 0.08251086936230861867047538943387152698960562702268362 0.042067900350257491108916076474888434688637062208727 0.03912593272629557772496178801036048611194928525947034 0.1211423347368808635051871600007977747281984193250537 0.03990765826162329248951408933177020799121237359941006 0.03564917112230480951843626137576226398095968761481345 
199000 0.08321187218912564182392559847256663374537311028689146 0.04191113921952840248055750446698475286666507599875331 0.03936890399778252566673013811138215345408752909861505 0.1206643304435400288778228866659603113475895952433348 0.03967241134238437719292547783966895735829893965274096 0.03561600017003850753342063251150051428339793346822262 
200000 0.08320047553930467029221400634964034281892963917925954 0.04183908989595617701205449052992424441299590398557484 0.03892033184250825973097415166890300497470889240503311 0.1210962114234544768350898893971567815697198966518044 0.0393103463291013829337451363638011869738875248003751 0.03539870114052922864153168450163100544614280806854367 
201000 0.08335100976784566195103374358632564167237433139234781 0.04210758932317161687766422090151152701764658559113741 0.03869026633944028252851772206599711978469713358208537 0.120527281324909496388383262077681479240709450095892 0.03937449694736948183261147568567928090033092303201556 0.03547570356423781246058371009743925839075018302537501 
202000 0.08248164002596780280756293135535628380239359103143215 0.04226598861698483926201759704188720689899128046818078 0.03878913479422887678008677672658599533406231785193086 0.1200250107682280447063362036064226856524328468367457 0.03964194590917800377325472087342017601940824533812702 0.03565470944416601539189042892330494538555285544134676 
203000 0.08287525916501034824288192404129205215213005430996418 0.04217374790262213381364223875602537106033196323551238 0.03849834189504551622466421538504288690774046699516475 0.1193118033099253516720358696268089460090777720324695 0.03981527408816524030233719756710630832685637869872153 0.03601683376551317553065272372703198300314397783949971 
204000 0.0833245522184121456475930193874557261324298451654613 0.04223572984076257674256114731103917137033931794576347 0.03848334152928947433775744464690138357809701119549572 0.1184762900571054575953131721144373500465007964521646 0.04030797374329087183123096135850538246359064942225814 0.03606568913591580610754957353369931638553680386394262 
205000 0.08373600353989244817859123951042654709908674703910947 0.04197832948789027624855621327604193737670357222668827 0.03823182258157908384397496645568104156609479105100036 0.1174775593066729287869496417551218314656580332666636 0.03957016314380742467264064597676220813582403934560716 0.03580644931115590566761625393454870902587572345510125 
206000 0.08315130424314002355659896509321171720330312382429838 0.0421150629745832274852335511128309519790491322055459 0.03832923229585212026101917817677566802103683585301042 0.1167340420626578017772789416794942951582925161346793 0.03927109613545413761498208658762276712650418630801141 0.03599325973434374347965122691028749812858222867362201 
207000 0.0826494336076386960397775587050528400823168340139091 0.0418519639690885974153211970816279574592044809833169 0.03830016849716318663780735206958460992154869018122554 0.1159473350200500999174690539006427059121051570400596 0.03938446696799502927340040983605895519303885521367192 0.03579882745667509325981480577949511712176899891346693 
208000 0.08266660152976411564813537594109682515863823937252164 0.04139677267438842697707779109961290231467501143924892 0.03835770255983578261058477600065064194723163382150233 0.1155771361678345227622577082171595463933044811710715 0.0395900870377858196211425488575397224622065550647676 0.03593619498184121542551545946952984422750887461006641 
209000 0.08265293808058159214088508881523864602058893069624901 0.04146169313944288350502298361177633267971032182686031 0.03803336862017532535475269547808885306494630640372634 0.1146577503646058493276993668630314715528584201820195 0.03961241899211209623789405574745270399716901010833681 0.03568375895007471461178004401570973413981846533715725 
210000 0.0828799312501374239113669135925466235903513734228909 0.04163257637994479080443123268640004397411757963709533 0.03784688137378618514596820970874446743437147233635187 0.1140873142475798814542663206506034612175426445901394 0.03944242273806562937426569391552444443505009985528886 0.03558262612543933175817366387772011648849002085626125 
211000 0.08213742355079213983793740352923329339773772517219186 0.04105183939351564529040552672944919265773933148011565 0.03740117358956706953546002963895134030281042214483023 0.1131090727595390151274316707652456415189590188674629 0.03958799975402835280544641509414827140744819189421833 0.03545655444787152147211452095365569192608745652250946 
212000 0.08213436137687976598437556569054507349392224568873644 0.04103761469153963466785462951835761202801222680136561 0.0376010891214462303393456857336651921741577098146081 0.1130616549087543733171984036700585818380204727873206 0.03977168414082050294170844056962366153129551094025373 0.03503183058776589229788207303928349034549682983197272 
213000 0.08108638082460681561900632877137873322226369054988027 0.04058712328560463130294267211639613890383770922198892 0.03727824152306439869155067420858351567858335329219699 0.1127563474880017734187399869316692502252408303320408 0.03966056280905042711774433419891217056374443927779794 0.03493044104458521806636991935413050214265240356326103 
214000 0.0812128953322184802301715936256876204879517899826169 0.04063587917736079471882869318388742385650402866303921 0.03715256272091128795311042523619171618065593065693974 0.1122117135299736894160074415771610745196085190400481 0.03950956307692729791125304042442856200523237930610776 0.03480609484779540123124347630878538950582878896966577 
215000 0.08110609260954195233179857271732515755502390675246716 0.04073018205280160135373719761109345682825733092613518 0.03696006550415035282058928700621436291839927434921265 0.1116921348733306791948215186405235499478294514119625 0.03931934226469099216892092059361107914128297124989331 0.03496462579384775150572665751436129966123189660720527 
216000 0.08086398419155206719583601701617503465513436822220683 0.04078118469479640956703659152027263701256742933765054 0.03677748276298052176446623517946932224731426686048508 0.1110712973507160308342931777370043988639736198820174 0.03927798166542842536315903977095498333937939605675638 0.03524610338384780115818261693461099781643497408367693 
217000 0.08111023094205282039426997686692999423030414618551731 0.04107596055156103495069005483719681848242544219829142 0.03680859169619696991414313849699802005943638505414128 0.1112314117973144670371257909657902729350098525173962 0.03939761095854223762018618028302174849386574351228774 0.03519681488440845188228871948110665357489779125899076 
218000 0.08152596397459202469528783199792520974824583390727639 0.04078161768288054853581411918206356403970858082175255 0.03666674518904244223384660331110929121223307447507977 0.1108992838350840933150823035269194605234588379971683 0.0395943299812941277864735464125933717127736599650234 0.03497205435348008658815897528593374943284288747236133 
219000 0.08102529347554687178060419880387676982991251861676574 0.04067801702191464018320285825347504271576326573267579 0.03629033217237440452654318942538047565449232934042811 0.1099552701370775132120802264346082210977328941226006 0.03960555641202233881993698474954790356150624575093389 0.03461249082461167229593252542274584016013250220566988 
220000 0.0807283462161997948636736610605879604918300174176693 0.0406497363786426929413203492508221970069826056715101 0.035733100938882410881465524418731938283144700108096 0.1092722608582136699069756180513479648652719333767891 0.03927186455078037514507672926800108115230614203028381 0.03472104334814761547042339176472047768129414180293679 
221000 0.08008376555568311157214155329708837882662919582799077 0.0405767927156618444107637894147089241414505522698164 0.03571207123118154097186232633076574671804337413050234 0.1086158900051743962631464572587969286132647539488971 0.03863938460610064028595772925300799727210687706246972 0.03472507777313754690997520471751336401666776509955525 
222000 0.07981661456862621816291634979645408520809723995625973 0.040455816156429894323774644135371936215506138978526 0.03582042414000627372614891583135765529277705354616046 0.1080309947292031047053604587981912033001208328641951 0.03872998271589643984953894861877898847524193115532398 0.03448567441884191926563304336772475267025583889335394 
223000 0.07888397315829143387384565083708665156336792279034853 0.04040464531482676176907448996333815927073374041356146 0.03563534925823840493182368543978455477372335735708475 0.1094084578909606102293324177143762909736324218101799 0.03842878553630830797138446391914001765144348610192537 0.03442335307470387453576210826100556516848882893100381 
224000 0.07798295722031408606450758949635293504343280801549554 0.03976117027950666408094232764924846890153276035562158 0.03513941919740575462328523864696805389939981978386641 0.1091936194384893084308434801910081546338915359228849 0.03812374857565208626072796732620062698515539523214102 0.03466915063824612599910953564252835690240317489951849 
225000 0.07877386367240111165539040091743139271329710027202964 0.03975048338183666474720742711745913311460753902792931 0.0348374318336884955021523751356182785343662544619292 0.1096078407067553134936503320129297378571209264919162 0.03768558089072821889494021782573973666785605018958449 0.03467339473333170756389550078158112711435023811645806 
226000 0.07864029115385510972004862173534434077737387269735336 0.03946645085433198280627678337928454510574738378636539 0.03483246231444464883591745699153996440600167261436582 0.1087609795200424280775899389672733974521179334260523 0.03802260750491520796524001768457168282111524604260921 0.03452304783839602859123055558776549389676802093163133 
227000 0.07857411231994676046333720212389017945042724022641778 0.03956464801955209061265516558292265614227289916016161 0.0345825884242462353296949321285191913943890540394932 0.1078351702105459856951240327216368086737929843366146 0.03794994875684986082272406177073875710448191966861486 0.03456001976748394927303493356918195900107093621045351 
228000 0.07826537222846494247063386245910621141774754505604506 0.03908392706285236620171040684834640188682897132821381 0.03455565036703549897933464805921399687349548912607133 0.1072870262839889406983242409188150645604764577001333 0.03780078182031940344268953341222427866341604385524988 0.03448626246680617550840011222013092861971017555333674 
229000 0.07801296673251569364557472113785863143675669562071562 0.03955636126841576810422829689473100955865447758696973 0.03436019082976390825721912415657843808958205045200884 0.1065778018196269964312609956902377916776458732783794 0.03749147892659659970140809993888186824051445000804961 0.03479143376920203463721604185410196663497117697261274 
230000 0.07773340570561402892996042193751726756545394891873002 0.03940252367943681757536124841967417609112089849077165 0.03424034543119766727339338407976043754388228990137577 0.1057052629540945085662444376251034583447108161635697 0.03687569032541753995762092224741657275899342494085431 0.03522285185053327923469291584057661026463392772711813 
231000 0.07756153053955479141894774341992047084204386919736862 0.03934095854526256359510127079415209294666055939160287 0.03418614191342031759200128203379787095173014677129686 0.1050642667683157040217308865470702272659764275886118 0.03659005971035683568110615133950336286261517670936882 0.0351782790359930185075979739567353377083236409816891 
232000 0.07749186987007958754081551888681644868483999744057655 0.03882151507990841139261045666941640774894040077924728 0.03425854098584107628507749998547637915180530399084091 0.1042199678598662891735975033480343654446187429130077 0.03651036299800672176303997264190659421956297592259943 0.03492505808615760534726712820130511971683517913334072 
233000 0.07674555287528392735139611338657239514304819749668241 0.03868696663625771120750590666148571727944727172143757 0.03377217457693686129103377048521483771992279798723757 0.1038398334227601251894762893202006637238810071721673 0.03636784087250974859277432432724808109014702495187521 0.03444803360889135682349794509438112299903878010809422 
234000 0.07736182039459614398030319268317889225272665498778224 0.03865199713518451705027904712064223957668218645267189 0.03359232783180756334788876794894552091363948420621455 0.1033188562213729319084511149018368314500548876821995 0.03670416341828954155459565321384385327974086976610124 0.03431592667054623112696753149675199523471746942959726 
235000 0.07778706106649268780915554635790876147893868619576097 0.03873369744818555780979229402616326183306227903813124 0.03326122277330447410826751858392569261013704817742109 0.1029736749959440844708015092012765023810061393305659 0.03672122544389783619077924706197713078381639206781983 0.03441865714925016721739280296799012859310096246190369 
236000 0.07751444999683458888991302929150073453001823509112 0.03883348144085873124783134073545465270171916927210987 0.03317353532782494522981875384459726774366572499275208 0.1026684951922688017076842892372212645568652078509331 0.03642483973526145712648355995399995777006552089005709 0.03422531889223245465643866158877983707498060539364815 
237000 0.07719149915091689922454990663291951591418182943016291 0.03907981819349019959013028305272463569508545333519578 0.03316431990606872656356541445576979754150670487433672 0.1019601938705019701512021965128518274923408171162009 0.0363648750792628237311519476260279759571858448907733 0.03444469899226169989239309913997555412379369954578578 
238000 0.07556329656723402974407557616820518830991204595193267 0.03876701508033204415372787766946860443795230821706355 0.03329507737366700137322220350022394796951630269177258 0.1021603669668863129284383170491956605019367998465896 0.03652611755438007277088240283557940557557230931706727 0.03427918178366753316466098398807016423006643890403211 
239000 0.07544455105259415502637560316245846081528725335374475 0.03887719164847263290756256698399440097091428469866514 0.03299759030989525858732326971112236435601516859605908 0.1027652284685055379350772375435241201557801105082035 0.03657539069218413997405651462424547304408406489528716 0.03435952538249306536862902501650030018254255992360413 
240000 0.07496073790349924575191018633057993270085717085748911 0.03891646832766987784682694885562970199543997296132147 0.03277895246875456888006493058607127011327975196763873 0.1020713469858080669729538322854089926750020822510123 0.03607165204119709361012388257328176166538469260558486 0.03428998066685422498205463269493886713235042407177389 
241000 0.07531083415407044408766820339784509030778281157836318 0.03895397447559283091465592505087123242901725461706519 0.03305412372695690106076281053470999893306725425645709 0.1026061066163443019264413583191419832019164459779859 0.03612882903764619775034434151494977527363516855984926 0.03398658325152970417204196899862989056373407947830856 
242000 0.07517106629782909831216869758763188258399168262258172 0.03864918168024985695773528167340504779758703080005944 0.03313700203719070523042953060888216043622378492727876 0.1026639815213023677011234570388698017495698877610266 0.03587238366435267100272230034185838576377136632800102 0.03366857041837915397682382510902154848508871509693563 
243000 0.07493802136562510811661642212699874221470963675528765 0.03901702964450237140172543862104426182213501306250691 0.03288370491278858501562644411908564734403626061975956 0.1023749557377261191996463580988763197865409892983735 0.0358665523924038504278391948504323138990912411827594 0.03328370467239840192343156184684449527821925585158169 
244000 0.07473135788239000882536263239974694272405031369999051 0.0389461437496471861702924347620191625196639506611973 0.03289496815275957946020130191755459492242152919061482 0.1015778989949048542585740943777761202682086150161922 0.03556771690937516795200470411109083812561948434449732 0.03331961953590389608148786618202485954043368110433221 
245000 0.07572269188355804906445352744914778497786755906417966 0.03877958180578173076518745145124800188796143629588187 0.03306565188081402519663909954361624699004096328280866 0.1014676419596248877849783108506809270465964800678194 0.03556910365864689064507061892761452526201537693850696 0.03334268987953120822750148130597658280294126598164439 
246000 0.07587920389519025708718489783843885732039780123159289 0.03861840059254572069446977827800182581086119171231985 0.03304110747001367727763900677961927954129350837320089 0.1008152273704004661520586445810909737019755993969738 0.03598837630628490997250577138055760428869689349085093 0.03339714089714414461991932696338647446054892498068511 
247000 0.0755385625028970048085055592756997810965913231484592 0.0385218301428145668245260537648766430152136308606714 0.03301188961512531863534973715357256907054761541076005 0.1000076719189560736135175683658715684032358694821596 0.03590931058082468150938876792765963585907229571603239 0.03323595736631562931921116815781047648670210037380457 
248000 0.07467533278708564930148828403533300956951279658824205 0.03813095007040431352646377149984147081340779550373554 0.03278495748589197838736633561218525301228510215878487 0.09959736557261761363590889598040867269901355030015111 0.03573969326920988059170043900369950762296866741962731 0.03334138107478045659275937145915591486300399992614985 
249000 0.07492477823419075118647298891505492690612300066277385 0.03812884784483173117693643669467995493960188468918204 0.03282559055354794158823237247568638252914752229116857 0.09962091066001277655953070194749798815792019013315439 0.03560070079745756943970865122939262192858222988434136 0.03341965638996682647069076145529553656388088711537421 
250000 0.07472890092125255025157747057473756058243452571332455 0.03791283950362504400903628301588987881132197799161077 0.03274347326428633735926352135714445523717586183920503 0.1002466731433551353145348407347459129823619150556624 0.03553124718351791759947616924919522318759845802560449 0.03314896600145028183220688271226617160891692037694156 
