1000 0.2171248238748975273077097825069614600579370744526386 0.5174166951321098857977109908290458406554535031318665 0.6477275107069362022611629103874264501428115181624889 2.834956592463677894303680782073229238449130207300186 0.9368078810626347491209361950659229023585794493556023 1.738016538149557074885605267855481770311598666012287 
2000 0.1692902933257410057850053664019185362121788784861565 0.3879426546685192448414049304350470492863678373396397 0.5017605715004910204809530915870396938771591521799564 1.617354262036739322399951646058724463728140108287334 0.8391903007940741895140206174641406278169597499072552 1.103657258058181959959297147033652208847342990338802 
3000 0.1401664175397866452486839161650777896284125745296478 0.3085634801689207890929879385399914326626458205282688 0.4236544569209879189646689168213811171881388872861862 1.554740171955516313544339024321772058101487345993519 0.6658300814176328328328029193539094876541639678180218 0.7336102327558463124797076548855301325602340511977673 
4000 0.1264141594063213501253394380197114799102564575150609 0.2710087544688198913636276166094773998338496312499046 0.3892765318717308538083027302789673740335274487733841 1.208251743647540629744176199356076040203333832323551 0.6459708074327755518862642647448524257924873381853104 0.6459707853922584226626264769510754604198154993355274 
5000 0.1254715763307332821504397335488079079368617385625839 0.3043129051890669022159986029096856441356067080050707 0.3285595262689152879799752565714854313227988313883543 0.5586080589152797703090917724733088789434987120330334 0.4027275300131935603274117158045797282284183893352747 0.4450361972254222460139514577770469827555643860250711 
6000 0.1120182288813593477031253439757385592656646622344851 0.263467885018141445102558481639043463928828714415431 0.3080884268758581231138510975187116969209455419331789 0.5460634169072226344588370794408405117792426608502865 0.370479130227362320871122361443106285605608718469739 0.3954386879430379126310491494367127529585559386759996 
7000 0.1058758209043604801564801565216811241043615154922009 0.2549136114023990765098653249465243675331294070929289 0.2777891300314312103038067586213699655672826338559389 0.5024942673285440442824262285981262721179518848657608 0.3488595392116789470674485806878095672800554893910885 0.3648830202875642240338896482576558355503948405385017 
8000 0.09713455286940363028026041922191602395741938380524516 0.2354649758113611250268494903825633457472576992586255 0.2565057801212192953321539895528147212644398678094149 0.4925883741693529183915904040569344601863122079521418 0.3268859106301351063561620030606391651417652610689402 0.3400683778215176212395779581365573562834470067173243 
9000 0.09063898562316522535968520493665501192026567878201604 0.2205956935653213419061720312885910288969171233475208 0.2445845052053340645966360289431662522474653087556362 0.4730393985127371484324717426650508400598482694476843 0.2928084909632191933028140529149396797947701998054981 0.3136904821038703193862746954057030279727769084274769 
10000 0.08777052099937694729667268106476640809887612704187632 0.2089763645217292566380043114526721126367192482575774 0.2435925925872496470469185866902783743626059731468558 0.4541992488660241105563868807548644213056832086294889 0.2862972704370110132283087922555608884067623876035213 0.2980979560585014979218979741526496241021959576755762 
11000 0.08416609916127560982738098002697846311548346420750022 0.2001557220554821344440888861160310341347212670370936 0.2367628564207519279908144629875899056514754192903638 0.4216200595964778990445368661577063562617695424705744 0.2804391548702184725632997192024120636233419645577669 0.2871352798547154054815445933801498767934390343725681 
12000 0.081680492695740636294567463271398821689217584207654 0.1966486852203822940124118903715277895116742001846433 0.2232214708458290414362515732826786063469626242294908 0.3629942280925378377670880575278644641912251245230436 0.2618365267611763263610590718455384262597362976521254 0.2724973661864511493386434987096222926084010396152735 
13000 0.07681905732265656802675761818943733771902770968154073 0.1852283560548302130381202387776617968029313487932086 0.211424912904475641886137098068854101029501180164516 0.3600720151837669399453364244001463134736695792526007 0.2491463248385332418624897241055116126062785042449832 0.2682427632084531150954368611261102728349214885383844 
14000 0.07372776915629350848944674814977595644904795335605741 0.1767015424620323615928106295025479255400568945333362 0.2035152608035732984046025859092843290909513598307967 0.3555181275605483965979083244013381204240431543439627 0.2448745420931434024151406719793655497596773784607649 0.2747608226526578675688941566512824010715121403336525 
15000 0.07368550009924864229880672045203127140666765626519918 0.1787088184689376778812273938168431186568341217935085 0.2000984906157131361733756899634606440940842730924487 0.331799024042223150124560071549950635017012245953083 0.2408156181575267948223725497647329518713377183303237 0.2747980334440034539636877469748199587229464668780565 
16000 0.0753808802085512945622422856239985833326500141993165 0.1820541060615528424745978089416276191059296252205968 0.1986930556933041148011615320556622066305862972512841 0.3163417989839999505598689549801250109339889604598284 0.2388811534793024186288778326625603654065344016999006 0.27025405397364593516862894817531781654906808398664 
17000 0.07216238909506908997805408809145255588646250544115901 0.1757328677013261635110998384878833178390777902677655 0.188377895918304275675765613318191071812179870903492 0.3064038196241926887244174521063300176138000097125769 0.2309894034970864363750294584454181290311680641025305 0.2694573390166101380517431340688716545628267340362072 
18000 0.07106947102450096232146604935397959934562095440924168 0.172914325431866245782130085684169529258724651299417 0.1850238490433740509434308932346091580711799906566739 0.2933325214073531386174860380311457674906705506145954 0.2287494239801935525451892852744073536541691282764077 0.2600503695969127861229320403113618453971866983920336 
19000 0.07171517186020763452860378103781435754626727430149913 0.1753975437378681207119257567939030195702798664569855 0.1827657373626608539686272045243775608014402678236365 0.2879248130170139495563694925772679766851069871336222 0.224581434747235319306394793481551630520698381587863 0.2603181695479505143087962937276103048134245909750462 
20000 0.06952112784658509721090078811722712259779655141755939 0.1691041154327484191129777821305246732208615867421031 0.1795328042285918543238517133819875937206234084442258 0.2740442699292862582458041309507734695216640830039978 0.2125995753498144234810854694139869991431623930111527 0.2523079790759827624685527475145718767635116819292307 
21000 0.06860636451164077560072951725289591706768987933173776 0.1674536230157615639260520676301347009484743466600776 0.1753144091304831624170698992082328970809612656012177 0.2695201856631904158698772450142300272091233637183905 0.2099470790941444889749498484143863663575757527723908 0.2506729206557213776693400497652675085191731341183186 
22000 0.06835366227500431555281178164218403026097803376615047 0.1674761684127409935287852937868535718735074624419212 0.1704163586881876748174236349542276514057448366656899 0.2548875191360972014065818663786089359746256377547979 0.2108549059923038384456060387317499760229111416265368 0.2410430327810407765483542708029318646367755718529224 
23000 0.06808300617916959429203613632375358122317265952005982 0.1688844752345764915101499967220455289407254895195365 0.1636097428268680389326422339180133747049694648012519 0.2482053158814933161737097816468278210777498316019773 0.2030623882950211065134262997111669335481565212830901 0.2206240491213171017910454896338023900170810520648956 
24000 0.0662458204892915643636239035607626846058337832801044 0.1653290467679771138815453257464582748070824891328812 0.157705201760122675877138186117942808550651534460485 0.2434438163578129984119559348076933247284614481031895 0.1991682511132631721103994695831751471359893912449479 0.2165635600165884962713504571785172458930901484563947 
25000 0.06501067925705894564431495952216977229909389279782772 0.1619170796195220376708680254385086527690873481333256 0.1560962182321254157187171568432759727329539600759745 0.2415808403465366471470684300859588233834074344485998 0.1964583705125072635887988406477866476507188053801656 0.2133898040311523643244384987327499914044892648234963 
26000 0.06341013273379006196330855138487692101989523507654667 0.1583438184544342295615067250924568043046747334301472 0.1487364517522369858815080995162460908431967254728079 0.2503717758677865310259526288039211294744745828211308 0.1869935850765859516555604871723694770935253472998738 0.203123388392383584394340102774467737845043302513659 
27000 0.0630127557589248053163816232213889634294901043176651 0.1569311458500788719573268426010770326683996245265007 0.1470209684971832732878257304909297431549930479377508 0.2454515851491782802004312791233076040953164920210838 0.1842982450226314925287697879530135480763419764116406 0.2029148348698729274937075511830997243123420048505068 
28000 0.06260497745199764261017898875349985132743313442915678 0.1556815237276636404038700906005132651444000657647848 0.1469301656468672438916487840709912404690840048715472 0.2429070487222130179488484638672396442871104227378964 0.1847937901696083636996848290068307107958389678969979 0.2001802585263672111266092246140146926336456090211868 
29000 0.06156577502384665791701403442237605645459552761167288 0.1529309707313986082958048862145972179860109463334084 0.1444492416637134670051503121390723549666290637105703 0.2538083998471372167030166849821526398045534733682871 0.1828615516983536850193371031680911187322635669261217 0.201069345520917797318625509783718285916620516218245 
30000 0.05994238297862808829098908193488970397311277338303626 0.1484395489341745353397165538278379415260133100673556 0.141052333091888735481242780900323907644633436575532 0.2439083125047488113815510879511805342190200462937355 0.1776955182115084182583632232965697994586662389338017 0.1969301684864998400230828509704927853363187750801444 
31000 0.0595916035338405638620924622411711979452775267418474 0.1478797004288563682040903365932926760706322966143489 0.138480204165703786234786938635910047423749347217381 0.2387215546437577595609378505736586362218076828867197 0.1730874597237995472890107959140770788053487194702029 0.1951372852680032263326254104995882698858622461557388 
32000 0.05969134752909698159132755208855503070708437007851899 0.1472782275814424768497178097614863645503646694123745 0.1409432612101019344474353220397766506266634678468108 0.2343988819192718655221073856265157075995375635102391 0.1743722829157030219953848290681541755020589334890246 0.1942219155733969765251960629126593005366885336115956 
33000 0.05915019249778584162945604604799676451420964440330863 0.1463608272056366177833698280497110033593344269320369 0.1394118757882003404208496807892281310614635003730655 0.2261896096233222884736100560809646253801474813371897 0.1729864595472998789585416037906107078470085980370641 0.1948911600368717404415698501995990454815910197794437 
34000 0.05796251155014188296803602333528981915833355742506683 0.1430146317588356089984700722506083536700316471979022 0.1371770027809543683285824558493182223628537030890584 0.216781614302414766295686379682372546540136681869626 0.1714860560302875245415263338877309706731466576457024 0.1932991194240455427248281256025208563187334220856428 
35000 0.05738575212472363570921792506884795415089683956466615 0.1418092551008540508025203286113224976361379958689213 0.1349385695635195984325768042699777993220777716487646 0.2094402894253831279183872965399260124286229256540537 0.1657767727738068483112890069697265005288500105962157 0.1841013552062715756421715923574211615232343319803476 
36000 0.05495405870310836100070235946124519443856115685775876 0.1355841392759467959754126134552798532695305766537786 0.1310584983867715051742905418841189657541690394282341 0.2012502418941075354476537978554162577893293928354979 0.1635008096347471936765540639902027919561078306287527 0.178761502074422240146645002312197902938351035118103 
37000 0.0541084905283254294383089855191570904935360886156559 0.13279443861982269030699594508648786472804204095155 0.131038032629931715589209455241626045562952640466392 0.203009217314387379167911831800985567042516777291894 0.1636114067979112794872084343800189287776447599753737 0.1803307029667632876550895440481703246859979117289186 
38000 0.05411373538704062078878872198151039896174552268348634 0.1326629513467934705128791275652311298927088500931859 0.1308992680767916018104391959187005056719499407336116 0.2011357379357991247696051465010391723353677662089467 0.1670454699717930625396623486866864993771741865202785 0.1775759313365077183345967434813239549384888960048556 
39000 0.0534272852739147122501470622141228616897024039644748 0.1308921494930458179401823459730991316973813809454441 0.1293864219271552322621703437488527299592533381655812 0.2054417369477487425487782432553807154818059643730521 0.1664982545712765006363500694397394852330762660130858 0.1751618062952065359058314089613084263419295893982053 
40000 0.05316509415583786476224579034544071021173294866457582 0.1300285096167250813533515854669708744495437713339925 0.1296025005596857800451490033699641912789957132190466 0.2050606713174963733768620816055872069227916654199362 0.1631592577899537031469161946217738545783504378050566 0.1819501004588656327339317095304060956095781875774264 
41000 0.05331155091057632877123801870555830362263805000111461 0.1296421265176777235775176094767502377180790062993765 0.1291018727763807348124470639194605325883458135649562 0.2014102314748293274474649772187717644555959850549698 0.1644045058333171229907098201405979409628344001248479 0.1797747409729770159709117544055700932403851766139269 
42000 0.05204694274707327115585308099920958113671076716855168 0.1268769373681509724253926169046380323379707988351583 0.1257548867295670535484605756515463781397556886076927 0.199683719919504401845572472140588615729939192533493 0.1580917242860837164093821410881801625691878143697977 0.17642908520085064258897059735753387599288544151932 
43000 0.05099584581217684889096271490249723257193181780166924 0.1242895701283351096293758666910811427896987879648805 0.1238500768000504089752164538218437428440665826201439 0.1978160928922028095438808217854109727795730577781796 0.1542408380251125125953324743188765921786398394033313 0.1758299170537144399327185786963134717098000692203641 
44000 0.04974768270477314289292102358897018632433173479512334 0.121102516709947256565475196682379888102332188282162 0.1230729019821031122657343723214573572022345615550876 0.1962207936013685978217857205918583929360465845093131 0.1556052458028532649460641892891210602556384401395917 0.1721968689130606615177816395845233898853621212765574 
45000 0.04980495339619133438120355227007873821776229306124151 0.1207701608745397993526925380092240658314040047116578 0.1230854938664356634453272108797872164132058969698846 0.1970686641598773054454138073388058671753242379054427 0.1561868130014834623567505922370202142701600678265095 0.1732975843747309777054775581373036175136803649365902 
46000 0.04936505197228121277785474474431026692400337196886539 0.1187272559361674087089312881748703887296869652345777 0.1235752601141964020128437978796043239526625256985426 0.2023433675328185642373771471747012640207685763016343 0.1551071300899858791677576874690203112550079822540283 0.1736638906321223778904394574595926314941607415676117 
47000 0.04875593594025754081791872336648641095280254376120865 0.1171912930595764746019332887272401677591915358789265 0.1219611349118311916086892718324996565115725388750434 0.1983278835393517762871384499390181588296400150284171 0.1529080061711348675614020528601422199699300108477473 0.1690040122734322038225472997763354499056731583550572 
48000 0.04845371488403161590229821335806814630586814018897712 0.1163842484444113193429851983717870922419024282135069 0.1216055374388795380695632922241067319646390387788415 0.1985606810423786521647765077047687043432233622297645 0.1513559401110696325863744921003117838154139462858438 0.1645100008717188947083469655052745395096280844882131 
49000 0.04850999115324994880249975456876221358015754958614707 0.1171077196509905549593605345037872211833018809556961 0.1198085793919791208216626791915881966588131035678089 0.2001387297862289049878549776484426558909035520628095 0.149991213677086069892461193953092646324876113794744 0.162210079704635190856755987132142848849980509839952 
50000 0.04810504913275383466841439265848645590040177921764553 0.1157628283009692644545053814841839567861825344152749 0.1195937187068249686925725319697200177415652433410287 0.1957437701663498264334885637372174471693142550066113 0.1497650262664170305959652346183830218251387123018503 0.1601171075977701387663609464140357374617451569065452 
51000 0.04667496598756947466185378801950545124554992071352899 0.1123794478135484552956701621850843508809703052975237 0.1166440195765587262350434366586782175545522477477789 0.1862831410257318168113144229991462452744599431753159 0.1443278187121117602523734033126423526027792831882834 0.1567358603026677427974468898019821949674224015325308 
52000 0.04613456314287175452149621784903033017144480254501104 0.1107579142335618275125286823212800157989477156661451 0.1159887411116953418935412653545391492571070557460189 0.1827495654998318497149725411765608384939696406945586 0.1436688020114708825729138083615588072916580131277442 0.1550064830903994292886360906180698293610475957393646 
53000 0.04648737022461437947052796323954559909452655119821429 0.1112815144201081746564265320675879422651632921770215 0.1164374944780995243715534907813502485396384145133197 0.1811018814177981785772109102339300079620443284511566 0.1419179606635698137422595122014712387681356631219387 0.153565204272254508384930836439874468624111614190042 
54000 0.04538257793154948060141730403760362833054387010633945 0.1087182750567163323161248497661368617173138773068786 0.1144345345172280123987977595856335710777784697711468 0.1830114879677846099597640291967159953401278471574187 0.1399948044743469181133699308361428848002105951309204 0.1523196248641812478773422193101261257197620579972863 
55000 0.04531344490904764409658312881989949971739406464621425 0.1083665519582802954945974574507694399017054820433259 0.1145338000928325770339595741920124538637537625618279 0.181758714928563107007678315008014635623112553730607 0.1405325574465553822893970278840036769452126463875175 0.1556479102504132456911978277247499136137776076793671 
56000 0.04538387790332186437418740022897711838822942809201777 0.1088674237993216816495069092229908136459926026873291 0.1138240318104272892754452381480767542143439641222358 0.1796882952962155821549075293552810705932643031701446 0.1383688826584837387907722661140041964245028793811798 0.1537538429659187814931052898370644754777458729222417 
57000 0.04473818681370639925527548860784143869295803597196937 0.1074518220497378953714865713886528197917868965305388 0.111820351321190728215854148785979305102955549955368 0.1790635937438955280475447531807198231490474427118897 0.1357900005808869488971302175173150317277759313583374 0.1523773001843472831956212767967606680485914694145322 
58000 0.04465131326528609488076644248866209352399891940876842 0.1074906320459042475992487986058421256529982201755047 0.1107929744557073708531905707752596157433799817226827 0.1767662825374856244595124163399013639264012454077601 0.1344883246855808430793429927851967420338041847571731 0.1499462763703861089658979366401325705737690441310406 
59000 0.04436162073871319604643527478859965640367590822279453 0.1063774436010824289971111317187890676905226428061724 0.1108144499961847074994683234883119382629956817254424 0.1761648827259632472692213456255672099359799176454544 0.1339243139085239395674525528234788396275689592584968 0.1498262289868916011579104766160419615061982767656446 
60000 0.04288406874935752702903226686592663696728777722455561 0.1035021059013876389891337798099257838657649699598551 0.1061500178308419599840077031382978844931130879558623 0.1740374360489813326639818580332530473242513835430145 0.1297912370663923318201988382769584973175369668751955 0.146070121189823446246304136653115790522861061617732 
61000 0.04261163133668004102699747130678087359001438017003238 0.1028180351393088942467792315516028622823796467855573 0.1052579676454115549318773549514194343146300525404513 0.1714329867024387653030555525579536890745657728984952 0.1277775118356640813812490423129197836260573239997029 0.1438813919624165781269761049676603192892798688262701 
62000 0.04225518970622086324179711089299438242505857488140464 0.1017212508675531784150636131769385173129194299690425 0.1050269945646577526330938366638800829377942136488855 0.1715903870523555455371951181109402284619136480614543 0.1295316744357023697528782588128670738569780951365829 0.1432442600747911663338230586761667950668197590857744 
63000 0.04217454560212234627607002721005891032746148994192481 0.1020117987476980822477692564809181874352361774072051 0.1028375717213210979410881705520264262077034800313413 0.1663495730100449247393758558932752578130020992830396 0.1281328052110082136769673988307971512767835520207882 0.1433326737759574923927914646970549483739887364208698 
64000 0.04164497787904006076778202355415103852465108502656221 0.1005909884691406227003756569671200082893847138620913 0.1014139960964696469952880594767030686398356920108199 0.1658752128910114126967342146334871699764335062354803 0.1266340729223790653290137447894991851171653252094984 0.1419800567239984817488563859089190088980103610083461 
65000 0.04095837051691912866985614827264328141609439626336098 0.09887422422119405913319657372428927999408188043162227 0.09979594412398507585000746733516763242732849903404713 0.1647092923251664214548276379823654735901072854176164 0.1250473882966864094362343176602969663235853658989072 0.1406377444791389220724855610433756680777150904759765 
66000 0.04053661194220318113570137967538453693805422517471015 0.09812829180460801818132975105068993570966995321214199 0.09862402952762360845798692357555559340198669815436006 0.161635167348303523680353756264427289579543867148459 0.1193176990260077376563110397589273503626827732659876 0.1373365933447995248422104919150399382488103583455086 
67000 0.04052530794795225260314873970413085402242359123192728 0.0983787000546256730135457474473170691453560721129179 0.09810526237011601221623237692459618131124443607404828 0.1619149376683867103473993612205994452324375743046403 0.1191740321633294819722776770876127017118051298893988 0.1379382756106175209189846145307889457853889325633645 
68000 0.04034730470764122660132537309674027881101210368797183 0.0980612040237432268729804961393536899549872032366693 0.09710385967833261469759221357067602298229758162051439 0.1591026438450690741146413900719558398577646585181355 0.1168743553070650654612631924589294385441462509334087 0.13370233326330899218032689790280898023411282338202 
69000 0.04039881797092176838820192473489267825925708166323602 0.09863568205799789461037888754768587773469334933906794 0.09579791115992679828225475624492446513613685965538025 0.1562740965547265958293567805759138877874647732824087 0.11518696047618071513275218864524873652044334448874 0.1317776672846511587191718414824315175337687833234668 
70000 0.0402402587370599562288328056303132740367800579406321 0.09841176914378979779840549493852286389028449775651097 0.09474131877072190153999883821533956052007852122187614 0.1545888094461962424842893515375408242107369005680084 0.1157701432619793244888865141328793129105179104954004 0.1312892142627861737102807487831412913692474830895662 
71000 0.04016036683903228916026344370859835208875665557570755 0.09873625805601939839351282451884728175173222552984953 0.09309714643778499669599015703402855592685227748006582 0.1542817246290254033205726486022157928346132393926382 0.1141515636235159613897358933665149294256480061449111 0.1334664118545600512699689232931632432155311107635498 
72000 0.0398811931350114976412479707995606403869714995380491 0.09758426572903201272736559840348391503539460245519876 0.09305516279945428097627102212441307926837907871231437 0.1543204209519611845151951592947092706253897631540895 0.113511616642276538983818111316903554097734740935266 0.1326565865448007423761959608365934570883837295696139 
73000 0.03902928765762064215722295171251410295099049108102918 0.0956624560441554293741483160073979519211206934414804 0.09163506121569052484881557144036356987726321676746011 0.1533335815209148612984482382137763067930791294202209 0.1118033154901348361892469453204856932870825403369963 0.1308281727123472307027342645402434584411821560934186 
74000 0.03963630611695971889900358929581525302410227595828474 0.09707981304455580443603943466279737606328126275911927 0.09258687779756668010847737645963029251561238197609782 0.152486737545720632750595978366359162237131386063993 0.1125242860237095013302530306653626013257962767966092 0.1322192142809994930854845460177493521314318059012294 
75000 0.0400935163034365928413926567080993734748517454136163 0.09775064951178645040628586992959014878579182550311089 0.09447958324614938819608397219118600673937180545181036 0.1497163207046776430849234842956896329724258976057172 0.1118869618217608585594561622367226760843550437130034 0.131658723289840819372828982503076389320995076559484 
76000 0.03965987202014851487459840342908456989334808895364404 0.0969803533968475597675743676839843487869075033813715 0.09384010357722875806556813577108400181714387144893408 0.1476099630489526196659624129869925468483415897935629 0.1110522138504434152306049772562790423080514301545918 0.1308993307772882249881939153990373370106681250035763 
77000 0.0392527694595696506697280782349768202266204752959311 0.09603254600346872302594038520173747031094535486772656 0.09303044694950500355054047452174614818432019092142582 0.1470639796726354087727083735925859286908234935253859 0.1096767063237087819148308197314545253675532876513898 0.1289270554156236159423689485725716963315790053457022 
78000 0.03843561766582195501646551649699290464923251420259476 0.0939273214199424896688611630324317047779913991689682 0.0922282358761756430895017815074776734718398074619472 0.1467823057663074608344359189837646795240289065986872 0.1074627332478890617833847467843533252107590669766068 0.1278215027183731896802702451831912355828535510227084 
79000 0.03835870937618116223861682370643855222169804619625211 0.09362927244633240897274525579851989220969699090346694 0.09148715825517550762692757168603741035894927335903049 0.1451188516607305078098735101610472497668524738401175 0.1071159272790518761104411327167440504126716405153275 0.1272015592872372403136132026912896719750278862193227 
80000 0.038188209223413965948362540359095618214269052259624 0.09345600036149488821195100221594920242296211654320359 0.09020732503556236326312800510862643932341597974300385 0.1466641720723918065384400871709047464719333220273256 0.1053392142721961199447813783969252199312904849648476 0.125898780892515163172518631584662074374136864207685 
81000 0.03737850427738552717689228532815803873745608143508434 0.09107499615950141163281872022650098585927480598911643 0.08909389719381455221159510360351418967184145003557205 0.1457559546646838737532286475739873310430994024500251 0.1041070467120581588701087871751127522657043300569057 0.124708474388700553040333976473341692781104939058423 
82000 0.03705836780735266948664358675757934946659588604234159 0.09077266014621784125592732911380622340402624104171991 0.08754395230083634350120875416978449834459752310067415 0.1460196846536111744068548931596573936531058279797435 0.1042554759977337127459674076535023345968511421233416 0.1244761536888335771999531537135297298846126068383455 
83000 0.03687681592405166014798510894234784274203775567002594 0.09043062787602970476277548100840775191500142682343721 0.08677045171358101324272536422621548979350336594507098 0.1509886196255618125090834993895505533600953640416265 0.1039273821812698890746750994551472757621013442985713 0.1227339185333927360475620577107136455197178293019533 
84000 0.03662988066751921372951085464908516087234602309763432 0.08953797489291631350570447103742743877319298917427659 0.08664037159410128724235404182318909249715943587943912 0.1518216369142341371298180266458111020710930461063981 0.1034459676431677977785053741677234739881896530278027 0.1217224796892714094227760414368422203779118717648089 
85000 0.03678762872270632459356697399610602872144227148965001 0.09006594897888409818539900975054024456767365336418152 0.08630746126715320037687140947157971027081657666712999 0.1513434604411500982568518705595472795266687171533704 0.102492390710695082959506667374949273607853683643043 0.1195437353950914588382676076450117363947356352582574 
86000 0.03629309872284444028490415709575778180351335322484374 0.08896400067141324694182380472540216942434199154376984 0.08501218055072574269516449962935666917474009096622467 0.1499189103075193048959443120615731004363624379038811 0.1022404607800478787077240981628900584610164514742792 0.119746670887234620748963351277716071763279614970088 
87000 0.03584014631782360289430420900724794108782589319162071 0.08817896391800900541120501394121156124583649216219783 0.08392621236365215830072796995842132616871822392567992 0.1455966684331181206971507838265900147689535515382886 0.1001750224957855799762240778250088624190539121627808 0.1191334310148674110207988631471298646147261024452746 
88000 0.03574198530093758348910940036979866363253677263855934 0.08795222588341669249349403375548561712093942333012819 0.08412437790361867776634885798814345037044404307380319 0.1441272723655521709168860280958490704961150186136365 0.100125121128674280985995734966076398109180445317179 0.1189500642921470050869937711002233271528893965296447 
89000 0.03582704916940938681365388246424785734234319534152746 0.08808536780569198985669241222518088818560499930754304 0.08416292716798365887133576493384090611016290495172143 0.2491279102653621927565682700467242227659880882129073 0.09987538490862107444463518710064953154414979508146644 0.1178037149626466650309260068840710999893417465500534 
90000 0.03554475963157910071461972542627982818430609768256545 0.08725870376224446922538676221781095421192731009796262 0.08455320681872557182431893174623382947174832224845886 0.2456134342017406285832220244613743886930024018511176 0.09831193805915155927571680294363432039972394704818726 0.1165022712559584921858130829308564102575473953038454 
91000 0.03548718221507557131757181444198234743225839338265359 0.08704918652149934140614369673660810633464279817417264 0.08412817242167984181378794991679193060463148867711425 0.2426646998918048372896518610764005074997839983552694 0.09706348033059788924230715939645008916158985812216997 0.1162370721163500657634854405786395403765709488652647 
92000 0.03511730246217273048226262775750594613555222167633474 0.08622514125121940576458113084101775314138649264350533 0.08297171929785169398983025318417006133131508249789476 0.2409482407627691882216324631427184499443683307617903 0.09704277465500390449567322606605479506924893939867616 0.1153305216590450643280143031010887000320508377626538 
93000 0.03479811178075392931780701090416219045664547593332827 0.08559512034849851558327132189374353288258134853094816 0.08263060981245103824786553750603168566613021539524198 0.2373078722965920072437290277989063724817242473363876 0.09513571250840449708695593586393890461749833775684237 0.1131112365317981508218924367736857305999365053139627 
94000 0.03448816326069135425715431186866055668360786512494087 0.08496766094445991823400077258554574655136093497276306 0.08164062622335157010241505487480040414993709418922663 0.2318818286914920260861211476210996806912589818239212 0.09418914528243698682067079272495213615457032574340701 0.1104753058749178689715839986329459776470685028471053 
95000 0.03403557148123911852335824780591000404683654778636992 0.08382550302500192737490455202609140883396321441978216 0.08098741041267080655621747251049491467256302712485194 0.2301399362135501871503380152961248938936478225514293 0.0935083624861930936251574845996525908731200615875423 0.1096854653979910418999579174714753548869339283555746 
96000 0.03381384800197989889773957788987601702501706313341856 0.08317342164637661915170888105031110626441659405827522 0.08002724345378171551344120837612194918619934469461441 0.2284548001175253016637681918732383223868964705616236 0.09350823861868289168754924192694666373881773324683309 0.1078851986507824598515996490644131000635752570815384 
97000 0.03342159389510161537586345817385513612407521577551961 0.08216367178518670343474695691443621115013229427859187 0.0791384950908724289317277937605421556099827284924686 0.2267911341500082056930366614100336164483451284468174 0.09274329786356537071460772597708555053941381629556417 0.1055854543162671676734005316022901865835592616349459 
98000 0.0332001503259134005921655863335928415835951454937458 0.08169179248326372966423295635118861923729127738624811 0.07910870575856516452112549356301407499358901986852288 0.2246735613399213628656918631532057872846053214743733 0.09228661941147216112496303938583785964056005468592048 0.1051456085017787245240901417009382612377521581947803 
99000 0.03284866969227376503682232916636607455984631087630987 0.08087155625831057591853655991398497349109675269573927 0.07828365096907934201454293612898460708038328448310494 0.219987513601570877470815952581251195852019009180367 0.09002257718325242543511805967670902361987828044220805 0.1032433816591831278846312126840079059775234782136977 
100000 0.03250058443089254620441200249736368732556002214550972 0.08012562078495092438061792386450044034518214175477624 0.07683696804246870620130633461331015610085160005837679 0.2229366507072899665161964249948667315948114264756441 0.08937762206412168295251901087294932324311957927420735 0.1029791749754861379409997222678097017478648922406137 
101000 0.03222623206750835887519218703189949337684083729982376 0.07945477180158071515243475846368426118715433403849602 0.0761006464088622489090759336283209535167770809493959 0.2219737141409518706326861256505900144020415609702468 0.0884830224822181381417367587727262900898494990542531 0.1021175510159296555189804671381903489191245171241462 
102000 0.03229879355221254114499348543410039980017245397903025 0.07926453786595421690549080964705019880511827068403363 0.07687522670766662431725323514908332356299069942906499 0.2192888398958956784124459810092488964983203914016485 0.08892349790056484380783123622205010860852780751883984 0.1028755768347336308998177419049557812513739918358624 
103000 0.03190984580529955037014508932580181266303043230436742 0.07819842137681052354612103519326815614931547315791249 0.07558950456815496225408202227158405150930775562301278 0.2179755579268581444488984966145750377108925022184849 0.08816831936463029144313008345079651917330920696258545 0.1025116568805765162090103126413254130966379307210445 
104000 0.03174625291359870933729581468640823516125237802043557 0.07801681919587218503524088386580359610888990573585033 0.0743886031455500886051183766223271476292211445979774 0.2135904194850391076216170049839604416774818673729897 0.0866891517477427920790517858196100320355981239117682 0.1011075097889408555079876830817831034892151365056634 
105000 0.0318014406728737389581950813222110951983268023468554 0.07796698322459560104687658829702989748966501792892814 0.0747546981413381675548018162613672643601603340357542 0.2130920173910355921298572998145992585250496631488204 0.08707209980764152095297379527205627880448446376249194 0.1005368578709961224835860160720102385312202386558056 
106000 0.03152719600094995081843336770521801781796966679394245 0.07710540963537819207326059339768775657830701675266027 0.0745404513074380394379876008104091056338802445679903 0.2121526993092707118280376699104294857534114271402359 0.08780443836345779591020599755268882802283769706264138 0.1012591706155510915256744673695887826170292100869119 
107000 0.0314399762825862887485937977732897152804980578366667 0.07698963785458735010553332420157879312228033086284995 0.07410842181732542464543071064619894627867324743419886 0.2121695201418776125212297886668544322219531750306487 0.08647078675308878179515438555657880215221666730940342 0.1004675922139689499184363359607363719305794802494347 
108000 0.03124308820738561696223837410579804441113083157688379 0.07652343583643563412223769643061288547869480680674314 0.07367749158229917753518524795031119367649807827547193 0.2081848755177273076270557175537767591322335647419095 0.08605051102475788053910391722789441359964257571846247 0.1001343088093246691210979996966567995286823133938015 
109000 0.03157442685124191191343946336078651881962287006899714 0.07759320241561780701625627640338755952598148724064231 0.07296780290091583222729333321754374708234536228701472 0.2062756270576717413257200606224728289816994220018387 0.08620546814371004120183816787914565793471410870552063 0.1006805769123633702091000045875102131276435102336109 
110000 0.03110397887285189138573994471759220914464094676077366 0.07642356300114761763855354692598353949506417848169804 0.07182848888871136820992620297676722884716582484543324 0.2047253109432975298200788755176304789529240224510431 0.08718745392274946284224884304747682506331329932436347 0.09923203053096440997893129196127937063920398941263556 
111000 0.03118382021904126341919818304893041727154923137277365 0.07673940398275680965171473973951421498895797412842512 0.07175107900723518504336071940907793020869576139375567 0.2028960491705505467648290932047849821628915378823876 0.08646061388855421620506938942818386806266062194481492 0.09933978202350645138465424013873850128675258019939065 
112000 0.03142529211714135391352487221283684704076222260482609 0.07745398978716290696303796783905859513197356136515737 0.07178210358445417484579481257056521315007557859644294 0.2018232220166832815294588598931113665457814931869507 0.08653834695199547176610536253216210411665088031440973 0.09971692759706883044210513206140333863913838285952806 
113000 0.03149798114955522857283452646537380559266239288263023 0.07750826813854093638288950129933141397486906498670578 0.07204326150374219284877206834205587426822603447362781 0.201533017714950508564634122643521862983106984756887 0.08851199491981738877997062248104143122873210813850164 0.09935391882004466651984999833735479057850170647725463 
114000 0.03110583773244120781602186243813834565230536099988967 0.07643623520176810252056177896751165690147900022566319 0.07131037947219746035736791592296590636124165030196309 0.2001253203280199106743868914248807300282351206988096 0.08829767253343372823405589208678456714096682844683528 0.0999932800554015394805303790226602700386138167232275 
115000 0.03103069318681193802197156982741743647125076677184552 0.07631045631543003120237896388933229729900631355121732 0.07067892865192762511325355948010873419207200640812516 0.1991206150871856528404915676055964013357879593968391 0.0870449577684573268975464985230949821470858296379447 0.09887589515439289784224643695131895526628795778378844 
116000 0.03084580047885452550925978239954039494818971434142441 0.07583450261486281794424436919488385910881333984434605 0.07018622486830870074346003933962734322449250612407923 0.1976399014673754738456463303508670037444971967488527 0.08650149241614851946993291348375620941624219994992018 0.09821703219836385658923685187948748875896853860467672 
117000 0.03065312120582479455488205104946031198664968542288989 0.07515878101305227770265486239575913884891633642837405 0.07005781102648796544604898120511826675738120684400201 0.1966386003195971143224334010124465521585079841315746 0.08602108525089334454551658060150742812766111455857754 0.09839275314962709742717819963453429465971566969528794 
118000 0.03068879614047236827443370949658474344801106781233102 0.07511253375595528243260012510318368583739356836304069 0.07028209937911543680197704042633688459318364039063454 0.1957481871188926897110705802051988655421155272051692 0.08566563501876020349403003870114581275174714392051101 0.0985964039640327643789679060160047185945586534217 
119000 0.03058015906862442207718270903438195773560437373816967 0.07479168501960230385915313899847234324624878354370594 0.07066034584096368950157686372737231295104720629751682 0.1946929179842402086553047879657896146454731933772564 0.08606099238394705104197640252450263176342559745535254 0.09989429637378274157312853590018342231360293226316571 
120000 0.03033137594380882214758457689207649110585407470352948 0.07407211725462344354179410055305510240941657684743404 0.0705474046391978073202084532911104730601437040604651 0.192766614339766693947799194863712557435064809396863 0.08514632729671450628143331701425111646130972076207399 0.1003547054441085829650480432118087037451914511620998 
121000 0.03020409161848767609009696558791668863364066055510193 0.07355166956782948663173815617710715741850435733795166 0.07039778108408823917817309645528212058707140386104584 0.1907466625934666635199758039087569727598747704178095 0.08520231161970366827283643665347234730234049493446946 0.1006415411513549484554246732370685890600725542753935 
122000 0.02939799572585585346799308230358871441012524883262813 0.07168597592669617582175232636809703024027840001508594 0.06844701237902653265460575782164198699319968000054359 0.1886576765594769465757534615546475720293528866022825 0.08329645144480300233741278809196373345002939458936453 0.0993616262263644546575856383863190046668023569509387 
123000 0.02909133391536186406391519855552107998164501623250544 0.07091531629578619978305012439001586699305335059762001 0.06787974659862049211275347032623628251712943892925978 0.1881263056688083408366039123160717849714274052530527 0.0823079679412555245251385642457631064417000743560493 0.09785353373385128815614784208998244707800040487200022 
124000 0.02903993493711910471074936785501607872106433205772191 0.07078141221240129213733514174089478387941198889166117 0.06807648243663688021316913318026209367417322937399149 0.1878999368895879751973449975355201502225099829956889 0.08164471490836905799814678455494920683577220188453794 0.09697586089779543672573930424007926376361865550279617 
125000 0.02880584087077307492210927024334221613344197976402938 0.070253559353756043694301785390576853274069435428828 0.06744430412714337574886513948513311333954334259033203 0.1866696652788356693321173210287078347846545511856675 0.08133771619205022551077387607532109825569932581856847 0.09563504154525459140224162568610921653089462779462337 
126000 0.02904090047934924885245533843908249949095079500693828 0.07079035759259017019420215030556242652437504148110747 0.06795811304375257434323134506093389006764482473954558 0.1874421705202349824187762344918084522760182153433561 0.08254480076807755606642293816355149260743928607553244 0.09635163952852677566083368018712285163474007276818156 
127000 0.02870692756868792781846887445657001691756704531144351 0.07005584038734225281664551657212491875270643504336476 0.06667768318745327029442799063319036179109389195218682 0.186144207056420847045167220323858003894201829098165 0.08298550376221174191008946724457118193640781100839376 0.0961480403250527215877922412867739865305338753387332 
128000 0.02844981685523217794626883638681169585993302462156862 0.06939746353864889776230867948769720499058166751638055 0.06650850671201959358558395557503573058966139797121286 0.1857564993397676447349151085397522820130689069628716 0.08278864597019484839119426305975579793994256760925055 0.09598533648134743058850893923650282602011429844424129 
129000 0.02822507985105080473704460344852584796626615570858121 0.06897559469723834343988372319600443915987852960824966 0.06562204199630756484455185520432429768789006629958749 0.1861233734502335550504720923514767605411179829388857 0.08314225487249720281286713419177658579428680241107941 0.09615955178768338992557852470954848911333101568743587 
130000 0.02826392755433849836013617418811749715246151026804 0.06925015883270953522904628610334931693159887799993157 0.06521052271842095578792712282090171527215716196224093 0.1845335306459134261158677378644732414159079780802131 0.08301450687401554645323664000100549742455768864601851 0.09573118268166778824842383377458077120536472648382187 
131000 0.02748277311754356643835656062030414759078666975256056 0.06728867107323224235293458381224063202807883499190211 0.0635993425652677845175131388089084794046357274055481 0.18243077278778868619587942567772387292279745452106 0.08200621744763578100615320637389871194500301498919725 0.09562238595320043496226213031174978596027358435094357 
132000 0.02710002489056255339034057823960344180136416980531067 0.06652328778234400127964548454784221576119307428598404 0.06243325566556151668090417217182874765057931654155254 0.1813535472162748114364951707022655114087683614343405 0.08163320374074839032117875334271239751160464948043227 0.09460425121303072427009781333873128517097939038649201 
133000 0.02712912916366778661018705365998160417007056821603328 0.06641389275929903500931975393606343516239576274529099 0.06320365181183717587671275564553674541912187123671174 0.1816427898507045407078481016882598453321406850591302 0.08195704111612073384368886558304367895289033185690641 0.09479442601835378674366913709370408014365239068865776 
134000 0.0270027557070025494321223848495638897304615966277197 0.06615963130358671321793948005840491077833576127886772 0.06291862458703709496207366266840033119933650596067309 0.1806759504704637083393956031862614963756641373038292 0.08198499123091548648788792069685982255577982868999243 0.09497938912642094939518463969641004496224923059344292 
135000 0.02714593446918047078955443449088669183311139931902289 0.0665978825638653846184160205179392022500906023196876 0.06288130482198747473631577145636306624965072842314839 0.1814485633204218875853819259447163858567364513874054 0.08208582675722720174607115878329111069433565717190504 0.09486763564792647998049311686141749078160501085221767 
136000 0.02709596679040913039630009227082263478791901434306055 0.06645105121845371663020455438308786710877029690891504 0.06284461598339530420025481061152561323979170992970467 0.1793270076847539219071833022089990095082612242549658 0.08241845282686473212412732111675772728176525561138988 0.0940238990497036722975769500176834725380103918723762 
137000 0.02679662327221198709077784778920250374767419998534024 0.0658145271697416616246364452769146424770951853133738 0.06215921354516352458164448087363229689117360976524651 0.1783677176790250125501709199671296346423332579433918 0.08195276342833698544605800645479476429500209633260965 0.09331814282885280659543027204083642800469533540308475 
138000 0.02654787609453181379847764870955062477264618792105466 0.06522919123207913637816669771840594194145523943006992 0.06179374016493445046885085898680234350877071847207844 0.1775531755147853971984550983109762967160349944606423 0.08101085677110574048318761969378343223979754839092493 0.09173675799047324946297902667491364070428971899673343 
139000 0.02656865280305147486168259457484097652013588231056929 0.06516463642849982643335962975705832889161683851853013 0.06207239146024260409019554680931651802211490576155484 0.1771441475737558085963531048778740739635395584627986 0.08075931890914579776345966558026567838624032447114587 0.09142788941454215885913875752621926551455544540658593 
140000 0.02665888471628881464350652348571646399477685918100178 0.0652495032518641707589891233498580191962901153601706 0.06238948425563802244523097656481169792641594540327787 0.1770908134567078329944496764558614643192413495853543 0.0809888192833924915197438103298122058504304732196033 0.09110974439729869780822809829934350034363887971267104 
141000 0.02671904198524137557500823542816492661700067401397973 0.06550735276220151114998872104999705356931372079998255 0.06208251709277888331328892727867252432361055980436504 0.1732529637048869991186334643673561117793724406510592 0.08064878851121073172669630885200930947576125618070364 0.09113036043456953339643097922184722392557887360453606 
142000 0.02633989194881042200770202964948962787161690357606858 0.06444384000251870415457069313225346718354558106511831 0.06149139676448828888504741403686626455282748793251812 0.1728880596954581356518819423850885641513741575181484 0.07975505074370560016283268622849789153406163677573204 0.09010353168540349923411195490197123092457331949844956 
143000 0.02659281003397019421993069648174623509362390905153006 0.06516439252299380601672054366679809334073070203885436 0.06217620668355795271966157851395440303576833684928715 0.1713540448058805935763280331451952065435762051492929 0.07968791937039489594999698562904910659199231304228306 0.08960356208911442614696444067257097287892975145950913 
144000 0.02640163967147550909327644377833088640272762859240174 0.06471481849258659901582722492885402232332126004621387 0.06165739139234913356363743282273492951617299695499241 0.1708270029942726243659626567117371109816303942352533 0.07928273776102650942739944947557084731215581996366382 0.08868049504081310805889398068968532129474624525755644 
145000 0.026465748502093473678071122896782174649388252873905 0.0648125596296022553081321408707804465620938572101295 0.06181602321203925864471465274896377906088673626072705 0.1705131461846047586961320693954569094330508960410953 0.07936124448518881984994096170926702882297831820324063 0.08876654058733333798252929450200987560037901857867837 
146000 0.02637502896014713256380313649573920997681852895766497 0.064697474609834319850514960242859885397592734079808 0.06166358291252704371807253670711990167774274596013129 0.1699601130869484174283753560863452491958014434203506 0.07839405236275322018781389066255371744773583486676216 0.08769575556302406264477669953216754095137730473652482 
147000 0.0266424710872899103847875109524201420185818278696388 0.06548006306373167904508972997357219014702423010021448 0.06161352416195517072230753569117567280954972375184298 0.1706193406208775297183905320097530022849241504445672 0.07917148562362391839503442114711617705324897542595863 0.08703565532673761027346879051713735009343508863821626 
148000 0.02660280852674617864057676677042030277675621618982404 0.06557247114811339094961502305114464661528472788631916 0.06120641159416449104079243487275263646552048157900572 0.1688278365396702403747547852064236906244332203641534 0.07788855174392109182308603990141371298250305699184537 0.08643197314888751661454994665301221345998783363029361 
149000 0.02649996933633591641767135189261539451877069950569421 0.06528734415683949519085228427317524335649068234488368 0.06097244902748041621898169445392667853411694522947073 0.168597458347223631478211530732025380530103575438261 0.07786493853344869081460101478686652853866689838469028 0.08594202198292087027886804531662257033985952148213983 
150000 0.02673590506575259061770920374773163885606663825456053 0.06570900138662771555546869561847955765188089571893215 0.0617523264682819403198249692821253375996093382127583 0.1692846868890595466713511543788150959244376281276345 0.07865070596837374310687654790918976743796520167961717 0.08727280195633283444366871256514528454317769501358271 
151000 0.02674485923878746693764442855095753159844207402784377 0.0657228389030610855579589597852407933942231466062367 0.06174257568933378165936844139682904142318875528872013 0.1680974556017885122193760219500013874949218006804585 0.07825586883540153053281625619708172791888500796630979 0.08733676670793073805421861260933624748759029898792505 
152000 0.02666886806229227524127963367545079975684529927093536 0.06537763862059306042373661022049091684493760112673044 0.06183275828753382402853174676371494911109039094299078 0.1674056901819996501262115609631742074725480051711202 0.07860244124566410149992402855989581667017773725092411 0.08744064593777919879995534288563696634355437709018588 
153000 0.02646101884694448137882473708754060837122779048513621 0.06479145895214260988774490623853807846899144351482391 0.06132338605716493137428517272435879448266859981231391 0.1658525061175206494131243936673847372276213718578219 0.07838828969097751568964865115374252013680234085768461 0.08718624417027521873919428119226182616330333985388279 
154000 0.02617353251932330576436059807465817073079961119219661 0.06414826866181320127525185975647659120113530661910772 0.06063424993033585028948551781668996341068123001605272 0.1641947583513169902356184509661929382673406507819891 0.07672345617467887369768852687257343347937421640381217 0.08679460607637832685664226045618718785590317565947771 
155000 0.0260123507296519980735744360239580785787438799161464 0.06376565942857606525417685922052513092239678371697664 0.0604083730016402921402830783481618937003077007830143 0.1631261500132782574760568691796258633530669612810016 0.07676468676439919688691106494649041280808887677267194 0.08709312818424922627696125113083702728999924147501588 
156000 0.0256892730420950107361049985499334979976993054151535 0.06298018985165824267381372986163157179362315218895674 0.05986894429558632436022590564417278358178009511902928 0.1639495015356425063084893148368514914636762114241719 0.075789288104983192283735631694652212786422751378268 0.08634207636305634700680427043306686130108573706820607 
157000 0.0255336293950000184302406586872580263047893822658807 0.06260806994544864652145737399235869702351919841021299 0.05959948265307597030924265796292260688460373785346746 0.1617644931386215146213716428724715967746305977925658 0.07513224877288413609328259282205131341925152810290456 0.08562833534320878787484635635829377520167327020317316 
158000 0.02601902524770286983675482948841217734070596634410322 0.06347281551536552080992285157501342496288998518139124 0.06120861539504810315074083588993136828548813355155289 0.162534797908627317328082717562409698075498454272747 0.07695214354713313034407314375262565420143801020458341 0.08704399556006665280075400986659062141370668541640043 
159000 0.02596523781421996893556327235669245467875043686944991 0.06333090568500028505157569552741492202585504855960608 0.06120848481407485020173737250148704447383352089673281 0.1632140319063504487563437059249871197152970125898719 0.07710833849858820171946404212204306816147436620667577 0.08717298465647650681972216299420175289469625568017364 
160000 0.02601199512554292454348059491359146377931210736278445 0.0633678619041494372153447249551572184600445325486362 0.06123862854862055876784552102543024432179663563147187 0.1628595670636681639649326683305652352373726898804307 0.0773303215689282172890894710703957315445222775451839 0.08757231300150750515553718655858972397254547104239464 
161000 0.02578069007128876352077321426614631150187051389366388 0.06260768989697595395319245498155780182969465386122465 0.06131310112089529585843662891353478272549182293005288 0.1611301537129655829234768649182996114177512936294079 0.07703367509367871252169571519297086581445910269394517 0.08712691126559860651699333106146028171679063234478235 
162000 0.02570864717205297302299142614412374996391008608043194 0.06258147652734020805121622002542558504956105025485158 0.06092947953122795022427469688319767726625286741182208 0.1609320809558539923150768252702036420487274881452322 0.07621395435846077206663504166606060152844293043017387 0.08657854713869116096951064967535138805487804347649217 
163000 0.02585469538417749384059387759982051591123308753594756 0.06296811263061524196446615622702047687653248431161046 0.06108653856816052716023472159145857318662820034660399 0.159658283619760303897387558602627422033037873916328 0.07626787963322509474609284599311287422551686177030206 0.08724123219625633689807819165507041248019959311932325 
164000 0.0255337030173762151547906191009773557709650049218908 0.06213751706122810908785995299974391770092552178539336 0.06049538986095242016092837430973894186081452062353492 0.1573259041607748470666420723129697023523476673290133 0.07526871074209660551670563605197727952145214658230543 0.0868526134245767469273529111373211009095030021853745 
165000 0.02568361447753642188569073428333622288732840388547629 0.06284457408447255373279069501357696481136372312903404 0.05976861443177751044230857670191969788220376358367503 0.1558473972663063238818697067711305237480701180174947 0.07439631573988017305688576555344759810850518988445401 0.08678318335720965879159826197875027276040782453492284 
166000 0.02554695736897394169154533113963445600802515400573611 0.06246905229110534387172433239132640636626092600636184 0.05976645954705310634621552058620697067681248881854117 0.1526833313740169099454119586156686239064583787694573 0.07523126701915546334434314879047178692417219281196594 0.08675328804741113936891154165276240917137329233810306 
167000 0.02545332745833371830950224608269838455498756957240403 0.06210180287724288221261207190715403214653633767738938 0.05966258074168004854080844291674967649896643706597388 0.1532932512059754704460958971146133933416422223672271 0.07566466668311936451295565686514521530625643208622932 0.08609851410938855892769584407520078173092770157381892 
168000 0.02564824787651662770261436034846536102804748225025833 0.0623071665688823313409270589213750923818224691785872 0.06055596504893901651795772717035148957620549481362104 0.1529230084292443066868935619417868565506068989634514 0.0762862508266177290002668133495067337435102672316134 0.08701471381834644220032133968278920121974806534126401 
169000 0.02567644717178502709784796310260590601615149353165179 0.0623153868643505010905256965431098237218066060449928 0.06072530690008680559496627958393499824296668521128595 0.1515926074543621089303711141349495505892264191061258 0.07618627085418907105869709348033858020698971813544631 0.08723505156805064416627396722825338315487897489219904 
170000 0.02560270813476533308770542902987887856625093263573945 0.06214277794681312584176109334310744714002794353291392 0.06002210204580441814509162400115283020340939401648939 0.1503783989131775034866697615676400801021372899413109 0.07606073249230944432699606447267903774900332791730762 0.08737280192479297157075136467940801310305687366053462 
171000 0.02547642860356938386952535893770210861930536339059472 0.06186956031793506712341428922796726652677534730173647 0.059687909923266632310413131248805207462737598689273 0.1491299445609797213611923474840814662911725463345647 0.07543868856586803901874502958913026873233320657163858 0.08718468203736161458859872663840206996610504575073719 
172000 0.0253027575639280825725672009057776179474785749334842 0.06140479569099904776457413309309618654197038267739117 0.0594719712882231651626674384658599592512473464012146 0.1490142963298766385358325864407547101109230425208807 0.07479866153030673750604128205421439190558885456994176 0.08671681572618023663178484644609156362093926873058081 
173000 0.02545602165823842875673943455389069967509385605808347 0.061530629312378302912659756851443404457313590683043 0.05997592665567390702289650092349226895294123096391559 0.1466564105090962958700181312243771003522851970046759 0.07462997448735260440399238296427242289610148873180151 0.08595711097315659154194768601375820082921563880518079 
174000 0.02540913136234922550988919037751045948425598908215761 0.06133293633936637729306765032255555070150876417756081 0.06010913175794099820719597858376115340206524706445634 0.1470576110433860705456682663183620718427846441045403 0.07451783871826937912771814456758256994817202212288976 0.08543870597316328974191179668196127749979496002197266 
175000 0.02549956693671684332062464962281866931448348623234779 0.06161933962793217498308097693215934498311980860307813 0.06016186131689092557190551291412816681258846074342728 0.1464411096648783755253681038155377791554201394319534 0.0744171045774485033868464629869254878258288954384625 0.08536634495347819121262473995859210162961971946060658 
176000 0.02506203672520378397104952924306919825880868302192539 0.06055037455865056548941715262868168423437964520417154 0.0593345969324193576916761077438833282826635695528239 0.1440416044183047412609787948922779321492271265015006 0.07326603738357765205205848063618745413805299904197454 0.0843624175164675745619059267499384446864496567286551 
177000 0.02510633556459037951870850047947358874012024898547679 0.06051985831109361349016057853023031753991745063103735 0.05983942470230107410061057629513392441822361433878541 0.1435974630641461561100791222145289793843403458595276 0.07294376994432575920162880808716998615182092180475593 0.08357244665560342266572317268535918799443606985732913 
178000 0.02486860194822870760169263026906349978162324987351894 0.06003183388789711159863279367476796011260375962592661 0.059280377604433903824707966651041957106826885137707 0.1420480472522404743411072319814181241781625431030989 0.07220299461815727438068019880534897936286142794415355 0.08274407528057314226095425233054037050806073239073157 
179000 0.02478966715439157743921714215085128074633757933042943 0.05981924996730660675289944702703870405002817278727889 0.05908289312001122076803481635021153550724193337373435 0.1416595883799308381147466495697528898745076730847359 0.07149355157598929680481600335006930890813237056136131 0.08244170855519769374689792451604830603173468261957169 
180000 0.02498013202483554332730155116831793904452752030920237 0.06012100543590266002317353682959932825724536087363958 0.05970739885739307654043909329155681575684866402298212 0.1409547953074333390360937251495343502938339952379465 0.07151105422161965165028319271756096497938415268436074 0.08182277067748109170426369998740945277404534863308072 
181000 0.02485869902601897787849688937350522976998945523519069 0.05985706806890515206058100278196931753882381599396467 0.05946975928110177157096308785122484863450154080055654 0.1394644718005701324156555415134661757292633410543203 0.0712710809706031268631588014572653122513656853698194 0.08151981077330514778534961695122262881341157481074333 
182000 0.02437719446711749786223699838771938885884082992561162 0.05871569845553618982621885656614235671213464229367673 0.05883720518769199325036082549866822688500178628601134 0.1348999405930737970131473232870966683094593463465571 0.06985519715229853054185580121804299835730489576235414 0.07994049242035384971507552473446445162608142709359527 
183000 0.02426074049204435139355897407126283482625694887246937 0.05848561297755472803561052966281330611764133209362626 0.05839049183487060677016922127791076491121202707290649 0.1338902707429050118571401198352965877802489558234811 0.06942092118890618797800041300805062860490579623728991 0.0797005094228456869000980049289051265759553643874824 
184000 0.02439894194103129731339126094052938142908715235535055 0.05873609399574194168554253613068194539437172352336347 0.0589401345897150385024811092282703839373425580561161 0.133341957727388600086528003263453001636662520468235 0.06950645590744173923160613079441638717526075197383761 0.0801425291959170807648635964648420326739142183214426 
185000 0.02426628839591581928442228476006103932149926549755037 0.05842967136926311873731661010455962212972735869698226 0.05872883286186274294239087132019072612365562235936522 0.1327958953691938978033991805571822908405010821297765 0.06922932253537570462234487095321000538206135388463736 0.07995993040715825472732752876581230339070316404104233 
186000 0.02411386514051338013982662272782775403356936294585466 0.05821375338241392858668532203636480915065476438030601 0.05831798525809850647840947186761884069028383237309754 0.1330579757537697739236274077634369916722789639607072 0.06827452559760257890393011712126813961276639020070434 0.07858278683322377687831342130131417889060685411095619 
187000 0.02384478647728369895719311658682793009234046621713787 0.0575723535472142074399153413577501225972810061648488 0.05777293187443415410769749322728028317897042143158615 0.1328465854553546756879793891426011498424486489966512 0.06822935110691025056286421884843562679634487722069025 0.07835074877009424554157035469614811518113128840923309 
188000 0.02382255488973509504977289340937884887239306408446282 0.05762640664316033651203528831441502688903710804879665 0.05761669391104085255348376745643257379470014711841941 0.1319081368282305684617918689616189453772676642984152 0.06843258163707191478377506177466216286120470613241196 0.07836707362230412065359080875381891928554978221654892 
189000 0.02363804136959117422555579513671064617597039614338428 0.0572940565436639380080994458227516830106651468668133 0.05704417892280782713859731483663217943558265687897801 0.1307577575872474556176617427327713016893540043383837 0.06792664969859414979627427327857347449935332406312227 0.0771321318909430773464635036629211128911265404894948 
190000 0.02371639050394015875028463653101384878141288936603814 0.05754791751261224613464562160913828847697004675865173 0.05707543849685577825334246299116003342533076647669077 0.1306228689179217407562248048913389197878132108598948 0.06755814458492395527288484208261465369105280842632055 0.07670735888575270854079042257001042059982864884659648 
191000 0.02371669905357545174940314073458447197140230855438858 0.0573945019342238372469535128556072933747600472997874 0.05755706153410753819475742000533191600197824300266802 0.1302789113097782376302080642460623494116589426994324 0.0680036454814062194966289495723366087531758239492774 0.076645579011664918336074834442905867604167724493891 
192000 0.02364972719759799953988255172276922166929580271244049 0.05733383812447398450009368627011685504157867399044335 0.05741793158275001030695886168608854660533324931748211 0.1294171536464373281296756298952566055504576070234179 0.06737745008476335585145388512584574414177041035145521 0.0752846680286096060462906233434754454947324120439589 
193000 0.02346685086058803786261748973440699472803316893987358 0.05700726813751126537796920686063106842311754007823765 0.05721851769902530998615172198873413123010323033668101 0.1280914694073740548412162695846028270807437365874648 0.067045254343575109554802856498545438057590217795223 0.07488350918937332351002847397047901267796987667679787 
194000 0.02348879891824724558200404838509411931113390892278403 0.05703133473829774020705599135716568071075016632676125 0.0572628393542940650087595677586449482987518422305584 0.1270952904414343310698400080216430296786711551249027 0.06713388881103610276020144873032613475061225472018123 0.07411714581282499215465764397237080629565753042697906 
195000 0.02330930600231705217843987138631733913030075200367719 0.05657716363488184228231815155185646659674603142775595 0.05702686904038419022451491396941136713394371327012777 0.1265087026784892815256013121061329229632974602282047 0.06648611148125563229615252180959572569918236695230007 0.07396300698543939373838474946043497482150996802374721 
196000 0.02349548813432919407556676277132323704677219211589545 0.0568105475789361538286746829140572145888654631562531 0.05780744474395086024296136831268633216041052946820855 0.1270715841421811891434612284967897721799090504646301 0.0666141873302797488608749387761776006300351582467556 0.0742327793228017721667739980961897572342422790825367 
197000 0.02325639795000104466753923677935222968926609610207379 0.05630263570325633731833555803425461760980397230014205 0.0571113098253162368016537173143198913294327212497592 0.1251052993206436963639699086470180589003575732931495 0.06626233183802437533494377949749853939920285483822227 0.0738898470788325247382111009286642655524701694957912 
198000 0.02316699622259813362856750457857701874786471307743341 0.05614129155036552897516371335440155121432326268404722 0.05714683995026736244046521029371632494076038710772991 0.1239793041576880133425244030764833524926871177740395 0.06547753699956281630742936650246832641641958616673946 0.07388308584856843462296575528180930803046067012473941 
199000 0.02339283411915588909211040705149464713485940592363477 0.05651506697832372483550756984971297214315200108103454 0.05800669149190185643150748269480931895714093116112053 0.1239792561961051638760693272001134346282924525439739 0.06592840765496559000442703193933802197079785401001573 0.07395618961987349489109033057188113957636232953518629 
200000 0.02330635310186193864999079118638380947459154413081706 0.05632866367715207104319629846655992366777354618534446 0.05776112787429076738361460006954128942879833630286157 0.1246532838417148045782618243082495723683678079396486 0.06579342351500472174397884592145224758041877066716552 0.07409198257333158568142122968325224974250886589288712 
201000 0.02335110080239982784306492641368535601031908299773932 0.05635454708148936497143655782737781123614695388823748 0.05793491242307636266027832429303945360743455239571631 0.1251677034664815854050554100318493055965518578886986 0.06666526967615460347966679921505317452101735398173332 0.07464997096908605593058860794286601958447135984897614 
202000 0.02314275118843140909732198316761664358409689157269895 0.05589528279205353469551121811664806671160476980730891 0.0576442694155691504464958992842715801430131250526756 0.1251816417334031242736443190199935315831680782139301 0.06637919376052800981598137411432425381008215481415391 0.07409508375066539603349437259627308094422915019094944 
203000 0.02315830015398365329532524327371678651843467378057539 0.05587751745096799372623341643773198228473120252601802 0.05776173442996020588946015986153703636318823555484414 0.1246521142295540968518972359257990234482349478639662 0.06643925788259961956016674128333576732075016479939222 0.07474454528369978732543158633783164646047225687652826 
204000 0.02302263082684612664476032570237684637959318934008479 0.05559808805282852024829548520656885557400528341531754 0.05732125288902963023825675413502889199435230693779886 0.1229391462887633894090697039835902160120895132422447 0.06701816451226612312576901009375518469823873601853848 0.07504013898662485403757765531351786592040298273786902 
205000 0.02311954738778640966632917271017522153897516545839608 0.0557175624590242591935925105250948519142184522934258 0.05757620187109168267131759609556151957576730637811124 0.1226186915434959435978676256517871934192953631281853 0.06751249840086352777332586935776781444928928976878524 0.07522982007598779797787535636444111730725126108154655 
206000 0.02291346619534150755604913311802572906117347883991897 0.05526316859477555539745556242858803841500048292800784 0.05702280647579794988321472658243660447396905510686338 0.1220748559690338853328116404395320415687820059247315 0.06721737086827977939454880837444328278706962009891868 0.07461885264814128657773597066982240733068465488031507 
207000 0.02278319927310613014796107211185072216608205053489655 0.05489509494018456082161413860098786443586504901759326 0.05687621745557057484905089626836538485576966195367277 0.1212328771527516287469521290287577386379780364222825 0.0669707741335489553530257479663223563193241716362536 0.07382591787102314487517377983305522093360195867717266 
208000 0.02281074360278051449819588028522510114726173924282193 0.05507983926906181628969884009339175179320591269060969 0.05630935452333288972223235106795424798065141658298671 0.1206771075022171897217059671758576655520300846546888 0.06708090919080005299593872508667757870171044487506151 0.07386839040536847311642929328479034722931828582659364 
209000 0.02280029546406222152980791673115845696884207427501678 0.05498778276983589436175759238012439311660273233428597 0.05623202696269396920039141708758112514487947919405997 0.1198352023838506047448675823074992763395130168646574 0.06717254778657654042480938325065942251512751681730151 0.07399322796372882570349951980581693078420357778668404 
210000 0.02268552330418578833846757810549510381292748206760734 0.05461481653514393017905697615133053801628193468786776 0.05615868376816643948675790432023546827622340060770512 0.1196350836346990910763802250238452273833900108002126 0.06756461876480967013690326350427994839265011250972748 0.07438220304168570374598766156704066077054449124261737 
211000 0.02267924090562179285774616240012324652752795373089612 0.05456130160089986075116173791510476576149812899529934 0.05603179574061303010141599570403947438990144291892648 0.1192068480814612151057045076607554534575683646835387 0.06744009086498247007167468336508164838960510678589344 0.07422052382531089167452473254193989760096883401274681 
212000 0.02280242235913445596887159753929363859015211346559227 0.05493364430858565861982584915823579763127781916409731 0.05604643391694735807406096451954713444365552277304232 0.1201952612857863562741329334360163016981459804810584 0.06754976831627127779395436055209778203334280988201499 0.07393029662644315045256756049885105142038810299709439 
213000 0.02268810484555080207204336151249890463077463209629059 0.0546565071497212594217086651521286810861965932417661 0.05585850772112472235612543568217258638242128654383123 0.1203384431254716297929850676862173486370011232793331 0.06631110321333495828493003604320321642262570094317198 0.07236070112245340643961728430144653145816846517845988 
214000 0.02280442034371676457722558951923819137164173298515379 0.05487373431009410579151249452711791576575706130824983 0.05640175467459180187938349963772122208638393203727901 0.1202123792741761838977080159573951334550656611099839 0.06611142336095407179275256631667545548225461971014738 0.07220855822080090595971486877591161146483500488102436 
215000 0.02263181458286621694066882877482971281324353185482323 0.05452009996950606057839871371184514714514079969376326 0.05588921396968373191965089898103347110236427397467196 0.1197255548657541612827962321241592746901005739346147 0.066162950033984631849023373695306560193785117007792 0.07284857830009889941886994449427028541776962811127305 
216000 0.02253353381877179176854240644917171110250819765496999 0.05428060119276848036889981941044425184372812509536743 0.05564145661369385013791640307023733669211651431396604 0.1191055638330405248018683747601720313014084240421653 0.0662484503456747751129127244062999579909956082701683 0.07309265677515687174555045896306992858626472298055887 
217000 0.02254422740845172716558464202918354857274607638828456 0.05437751478141318828242109506554413655976532027125359 0.05548627886369676675347548285011090030138802831061184 0.1189017983611026630549043804629949505624608718790114 0.06592079575057187005768764842539297887924476526677608 0.07310178957273203611253765965560802442269050516188145 
218000 0.02265275874461553662974158153409209859319162205792964 0.0548387891078396510826926772697031964298730599693954 0.05523598386941162242735415058292325340971729019656777 0.1185010953286492983298509515388552415515732718631625 0.06601154464191313718236754290447088067139702616259456 0.07275969682893248778203293056221490076040936401113868 
219000 0.0225690161556265944025543830966928915415792289422825 0.05460310180699505421667342384972609892201944603584707 0.05503914983662379330149648851144839056814817013218999 0.1180855365954682668097565009790450574200804112479091 0.06606060916968820145156590303847643497192620998248458 0.07225985281846915577147298648252871089425752870738506 
220000 0.0224965904288976583501487565425192016732580668758601 0.05450468656592791176683184851958774430613630102016032 0.05453218996598530153715415208504069255468493793159723 0.117586899275766709573108441400091095374591532163322 0.06578682138705561750183399560842900655188714154064655 0.07211912322184008892729870088267318806174444034695625 
221000 0.02231408553164000872209436938942150874254366499371827 0.05404104132623105219716732466883613028585386928170919 0.05434011912321163364483420088468790254410123452544212 0.1170324053371558746996909140813958316584830754436553 0.06603964937238896398916544044910281741067592520266771 0.07197834089959957791070993549098488983872812241315842 
222000 0.02236395704392007512420167177763508092880329058971256 0.05409915156920784022048375068447700897422691923566163 0.05469440409418879705142160253805716507713441387750208 0.1159668916495156253706859394991823819509590975940228 0.06579316452922128721081526311897924585991859203204513 0.07114224370896378300588346402233419496496935607865453 
223000 0.02214980328142890989628140292755364981758248177357018 0.05357775942629438773031833043170024666324025020003319 0.05433803106901483317769463790569695049725851276889443 0.1170814544493368670029383692143820638875695294700563 0.06541628468824050453674567515149895768900023540481925 0.07105591525150162597243824053050431643896445166319609 
224000 0.02201177786488171003558000915489856197382323443889618 0.05323158390934678005275990445022138430886116111651063 0.05407878458677958071057012903737337694565212586894631 0.1165631571890950989180786231957931420311069814488292 0.06527265416363288372530050002184864865739655215293169 0.07073817505169052717681633241086913699291471857577562 
225000 0.02229701850248581336505048888091407022216117184143513 0.05395900050682364945716230734962248760666625457815826 0.05446185307000481201294777265642377273024976602755487 0.1162367556220805368848766198075495026387216057628393 0.0656302191944845682910082002026186387411144096404314 0.07136567983823233503852404360778827197009377414360642 
226000 0.02231408530454434681397494263238590050946186238434166 0.05397719016125147567899174999572764477306918706744909 0.05452900629059265987221764675207946737600650521926582 0.1154797253112744673161351935397611612188484286889434 0.06548237966144488310003216741117526566995366010814905 0.07109853786207339006593093969077479243878769921138883 
227000 0.02225719456797417994583772413857980509988010453525931 0.05381022402267801716088170028984283277395661571063101 0.05457056975201788480051598266562518091404854203574359 0.1151244261081564238392675736388781615460175089538097 0.06538351253080040801648163684145487195564783178269863 0.07122768880888489294523268843817298545673111220821738 
228000 0.02215772717903001983156434980676285917411405534949154 0.05364444505718241215202731278499648226443241583183408 0.0541072674821844621621954544293808808674839383456856 0.1135832975769413638410633773934144130635104374960065 0.06455869122253523387087352850000065984659158857539296 0.07088323866990038833149796737576053828888689167797565 
229000 0.02197594800585099587031151675831086578227768768556416 0.05312370738905838881636347834080957852620485937222838 0.05399884207281948110147677157011347759407726698555052 0.1129932945096350102194278190725906796387789654545486 0.06439106907386844565850062688250332598727254662662745 0.07118853500142688874225728457023620876498171128332615 
230000 0.02187248552370954991304525822509718935293676622677594 0.05293898226181399404275968595401380412113212514668703 0.05359657376118794867180710264631393613399268360808492 0.1126342677251394659951083850046860135307724704034626 0.06380389869475786520139869162360213294959976337850094 0.07153993458112589915663366915699050707644346402958035 
231000 0.0218450702213085200766902330485330629983309336239472 0.05279114077350126858976229506092980869880193495191634 0.05380954136187968999384075886871503513475545332767069 0.1125150395399832246046416435458770166633257758803666 0.06361706842559364272362111905612103157636738615110517 0.07152850970641159995659381226618123150728933978825808 
232000 0.0217582915698536506235677510240345000624984095338732 0.05255696657442824192994681314905491831268591340631247 0.05362821615503351382751081460886766194562369491904974 0.1116588937193376137482054254179697494464562623761594 0.06350934634427410643787905580870400967796740587800741 0.07135668808686389933174619437661334586664452217519283 
233000 0.02151111013277902185647039254995371848622198740486056 0.05199206056426136285373066324433377616287543787620962 0.05311136262739165751393206546526748468295409111306071 0.1118972593057483896420421266848510555291795753873885 0.06323291210056153254979137423585910937617882154881954 0.07092781181103409019931367238132047248200251488015056 
234000 0.02156052220231370478162129765420385041352346888743341 0.05191282400434933332376103917726872793991788057610393 0.05362224748687721025998398349798890194506384432315826 0.1119389724551767464070161847700113355585926910862327 0.06395405463674670730917252645109094544295658124610782 0.07121073710127809169303462338840304823861515615135431 
235000 0.02152773731031658083295246986638149522264029656071216 0.05193880153525946962448289409564061713808769127354026 0.05358554956822358619110760469261833804921479895710945 0.1121363980083145794238168486967044401581006241030991 0.06386496030247482693319432262013535250844142865389585 0.07152673761135765128043977056915281309557030908763409 
236000 0.02133989351799280440117592347326613833047304069623351 0.05143026293355868694493751233642875320128950988873839 0.05329290880598319479367745189757332724411753588356078 0.1120952719388050908329453568545996944294529384933412 0.06315822606394945622730607848183126407093368470668793 0.07093544271692078554775390611397689610839734086766839 
237000 0.02110375633565905933170382506591788995820024865679443 0.05084475237472368482725547551848155336529089254327118 0.05301419239189777914581327457332893260399941937066615 0.1120586322792213912179497443954989677195044350810349 0.06290613928249599039502996250527999677615298423916101 0.07138520310351584812055478201919811453990405425429344 
238000 0.02056050857522009409484968489589817863816278986632824 0.04959841240353327578745654992398161908795373165048659 0.0520852499147381317898080049094700072487285069655627 0.1124107329291247990752885578535913424502723501063883 0.0616330377006289206365968226519758133008508593775332 0.07053248230971076634650360898115550867260026279836893 
239000 0.02062060401049332395010716973554609765528766729403287 0.04975288842397513267004822458405843832451864727772772 0.05226636636704697231662589303191612799537324463017285 0.112659892146292611431310139863404273796732013579458 0.06174187422658421619091752112484794423608036595396698 0.07030277912507118654421170780843830527828686172142625 
240000 0.02033045445813807830177965315504584609129778982605785 0.04905297763137566889441961749673826176376678631640971 0.05178616265419855295849393267415550212717789690941572 0.1118377220655422018877182301077599646532689803279936 0.06116484100274363830610619384431370093579971580766141 0.06951632831017876431288233379790497679096006322652102 
241000 0.02034926024457439448555945080143736447553237667307258 0.04911279899914789255510757202960459011364946491084993 0.05183488872697707625566694404628531600565111148171127 0.1124915207401519517897811768769589235716921393759549 0.06147656251966738179010486115005917895359743852168322 0.06996249047480362310354358446051747932870057411491871 
242000 0.02025366572299936529665442992709234459880462964065373 0.04869206314559495413012927406137819730247429106384516 0.05191653908598468481511048304433142419611613149754703 0.1123371151199815914557161335152191128372578532435 0.06149479887254611497500716293940214995927817653864622 0.06995451370897220162519379582644063475527218542993069 
243000 0.02022285227309612194418855009997448846092993335332721 0.0486571474652414764658987962608893695914957788772881 0.05182599057034706032360909210010557757186688832007349 0.1123122091254449770437008962464808803360938327386975 0.06144573167653931875282374321101119818422375828959048 0.06973459899555921802735301492925934496724948985502124 
244000 0.02017114710037979228343099288855988504565175389871001 0.04851815092857222662194624333842352115198082174174488 0.05182415598576869022109524405561575832734888535924256 0.1118152121972301666201509741382924545405330718494952 0.06119805090712621452599356657031659523227062891237438 0.06961870404930308537451736847212480086000141454860568 
245000 0.02029382910706562045971166827196263682253629667684436 0.04880841323342857430086518498446590541561818099580705 0.05194467846294093028202331838172334244063677033409476 0.1121302305084707170813938630071771029861338320188224 0.06159753730762258784492304934665707349950025673024356 0.07014959736107373975305982402583815371599484933540225 
246000 0.02038715755444843551384237305412749918787085334770381 0.04903273956575469848725708048309268605180477607063949 0.05224314443288543614889911717580339711730630369856954 0.1120549693900310101225023355631105204111008788459003 0.06184886114695015084155560979028987134142880677245557 0.07024430374344863476949053088249641518814314622431993 
247000 0.02032209743417120731336523303811603113899764139205217 0.04887574535174946679477693198268006824491749284788966 0.05211810902580151582966986982536905514962199958972633 0.1114835128450212993207312645038697951349604409188032 0.06176098025638720797418613171758661195553941070102155 0.07022732954305173174830130913837145101297210203483701 
248000 0.02010763863035657162585748136685026565828593447804451 0.04828548322285356387726599353138468018187268171459436 0.05171497800219685703079991814790083992647851118817925 0.1105840308337314235702375508907380208256654441356659 0.06137111537909161099017558288482021566778712440282106 0.06960318822319294295374817599375560916996619198471308 
249000 0.01998275981018602050602876903095950211763920378871262 0.04792964113089658981963544354121253832090587820857763 0.05149072241927718117035506217860074684722349047660828 0.1104582818326022718139378837876041217214151402004063 0.06101800157572744149177485298296552684860216686502099 0.0697963113633695135483154918520920517721606302075088 
250000 0.02005888512370288463691791244064566157589979411568493 0.04805205550138476652455754752069072566200702567584813 0.05141622953568616534111585664179600030365691054612398 0.1112447470843297153702969662369959280567854875698686 0.06161527208270068395735800936829917873183148913085461 0.0696884315082210963941222563178268245565050165168941 
