1000 0.1250874970947758803735969448944764792486239457502961 0.3304939632355710105323341740923837051013833843171597 0.3704441355802424578615942435400043564186489675194025 0.8407260500155452036664775750107736485006171278655529 0.4630887558210157709415611543279922557303507346659899 0.7214016157702786059976139687588414517449564300477505 
2000 0.09311948811174207504164686971526165848445089068263769 0.248888938405054310965729483240416186617949279025197 0.2529111462252261692388623226523947096211486496031284 0.6071032908864550989140075609729052530383341945707798 0.3025394957705801247699762407394885599387635011225939 0.3758550180883964333803694268798523125951760448515415 
3000 0.07578903623327908061098594910687253900505311321467161 0.2022178455450687689312237391159321475697652203962207 0.206215381598916664250965673221838159179242211394012 0.4819763221388947969144739280622502519690897315740585 0.24950143991785494966529311555714087944579659961164 0.2961963030035963711150345800682259778113802894949913 
4000 0.06583720706560650366912434625077388261615851661190391 0.1768870704008972598271021495208721319158939877524972 0.1789061307853179528707483411653633709192945389077067 0.4185132852735239371321819545901377068730653263628483 0.2184626172762509428200298003397428203697927528992295 0.2484719560868500959268387676126543794907775009050965 
5000 0.05973262801903681415926182507458719328496954403817654 0.1597602542389622794536492220163204081018193392083049 0.1612296146899811969516701226634580734753399156033993 0.3655813151398277819302800456524593641915998887270689 0.197919691212803409627579015461762423910840880125761 0.2234017429624503257325467825422649070787883829325438 
6000 0.05440174927641025144246312086893091475303663173690438 0.1445854644068655091179676983048629779204929945990443 0.1471016201360150075692044546737946575376554392278194 0.3377893461105941156892660398591843318172323051840067 0.1813168680934425872346323072026308409476769156754017 0.2054577326101962739474462993349845874035963788628578 
7000 0.05034485057984432245658948726352299729569494957104325 0.1325029834683762294995652136764263673285313416272402 0.1342067479550131897203350817004974260271410457789898 0.3203916997945988236271962906753785205182794015854597 0.1675057095945247142486323951859894521021487889811397 0.1925819698845706092485636010125382711066777119413018 
8000 0.0473785079640533404728250811005496601069353346247226 0.1250683929350160645654465446652281457318167667835951 0.1260620271112646149816276242017210051926667802035809 0.3114487258040108920908659029258558348374208435416222 0.1589138180550883139633116386546518583600118290632963 0.1774648646740431526849486945640599344642396317794919 
9000 0.04478697431919641750908589634960765835103302379138768 0.1182346662962348171355955392392012015534419333562255 0.1212450299280371519540728045272182100688951322808862 0.2983704076469664921548736319367733926810615230351686 0.1474299875273388310212025614776010229434177745133638 0.1655144578760494952925606815252734804744250141084194 
10000 0.04306436461913350700851242820743625117074770969338715 0.1136419242379963208825822441883079960689428844489157 0.1153518203446676185268881739687252263593109091743827 0.2795995052686788109375971844716701752986409701406956 0.1401237782469913291838632674046749571061809547245502 0.1580222709598257380521563533748441443549381801858544 
11000 0.04108748589554114650522812467181577034125439240597188 0.1083437382989627414644128941545453415074007352814078 0.1107202469528017870278998810440462818860396509990096 0.2638061330765909507864181576808348950180516112595797 0.1343754897482762639831805479007087456011504400521517 0.1545543443450811392796042514907739473528636153787374 
12000 0.03959954811072890821203743363931870646865718299522996 0.1045809775940990152978227016589141129543349961750209 0.1058741402827790574058420408620762032114726025611162 0.2520932449337964135029684781263981108168081846088171 0.1283579553800537673932972634882609952455823076888919 0.1478426060302840928738872181003038974722585408017039 
13000 0.0380116963437672514469149297883232563322053465526551 0.1013056175178378713245099310147345761379256146028638 0.1005035104543155018415952380028688395441349712200463 0.2371360770758652390774630369651987393808667548000813 0.1230907569789248788097468269298051524174297810532153 0.1404818178958222544286610702912732051572675118222833 
14000 0.03675625948371855033054928299507402300605463096871972 0.09782658294254341025872594855838926264368637930601835 0.09729812079168636753675287673348570649523026077076793 0.2262356725781189816464446587507275410189322428777814 0.1200265654147040178417759660745023353456417680718005 0.1355022468775718169663787454615189176365674939006567 
15000 0.03551907979465362613034342884055227784756425535306334 0.09511655243504213066697795461723607957083004293963313 0.09337375287746604636968930299167901409873593365773559 0.2176834830702118657734696338668101134317112155258656 0.1148067577161947385811033989222451623390952590852976 0.1299545938416075608788039646990242204083187971264124 
16000 0.03448634419031931050983940875709343742983037373051047 0.0919714458411648983120006105307364663303815177641809 0.09096785916821746803220425856006947640253201825544238 0.2132574404152540248412288359514121793836238794028759 0.1133926109981913740037701848750728572667867410928011 0.1248044941548860721467514682536670278523160959593952 
17000 0.03355871428747002094915134230712627783077550702728331 0.08972324281723419905611388927568761175734834978356957 0.08843271198031843601336130997192519487271056277677417 0.20928988624357835991122295249411422446428332477808 0.109526166827403962126478292882225673565699253231287 0.120165726540864074762301593607416450026903476100415 
18000 0.0323501763595959595002597014579137635337247047573328 0.08669093347997579512641914620263428048474452225491405 0.08584886437351882864993032895561952955176820978522301 0.2044493348972251457919139042140876938447036081925035 0.1050953354133948855416184550715108514395979000255466 0.1167977787184603873950599489672796948980248998850584 
19000 0.03182989525655089174709577379274172415080101927742362 0.08501677670569915392306207385653138430825492832809687 0.08395086011052028532656004572443109168489172589033842 0.1979354400905995782646669065019118249892926542088389 0.1031312930906932932964602603331805141806398751214147 0.1129382385365769167606523649960426070038010948337615 
20000 0.03106027734521036265111020805568253777551035454962403 0.08275730116315752961950267391211255585403705481439829 0.08210161084441860979404176346108101824938785284757614 0.1902361465638434612565469197797973777142033213749528 0.1017882359970246717591852922413231397058552829548717 0.1097049587216124564084673842501160834217444062232971 
21000 0.03018907189158864931896987873760629383923514978960156 0.08031289252991756558153462614013662346224009525030851 0.08048442324013681243812705703999377249147073598578572 0.186132924699424125671216347088776643659002729691565 0.09809723325246022052406602576013483485439792275428772 0.1077909262042821945276095674248750810875208117067814 
22000 0.02956993498942602613516173436225553672329624532721937 0.07867824109753621462357052809832858031313662650063634 0.07835811326357932129463203935193504889866744633764029 0.1843466376683393331391974667710087487648706883192062 0.09560888785605184764590383852955746135648951167240739 0.1051434697369509028646943592233409248137832037173212 
23000 0.02904763659939784636946627158216038822047266876325011 0.07718147264499088854245237301121562722983071580529213 0.07645471346566103196945585196431238728109747171401978 0.1789736376312411365315608799408941820274776546284556 0.09394026516450462002460813568105457704859873047098517 0.1021074617274911169780829064968052932727005099877715 
24000 0.02837776984030234383723850181274750426041464379522949 0.07535006126734650332442194339832575167292816331610084 0.07489847269808525439914589569290193082906625932082534 0.1756096949205158854042871374723233657277887687087059 0.09292128833478361408994717490772430323886510450392962 0.1001667603674018312386994472573675807325344067066908 
25000 0.02790510335726759117626230403963472070927309687249362 0.07418629207018015579488739649760553618307312717661262 0.07339992744202670210939545500372638286989968037232757 0.1779650291325533698283617792257338408035138854756951 0.0916788507452734471742388129567036259004453313536942 0.09790594947169690269743371618949012713528645690530539 
26000 0.02740437453436999830625440694592542811847124539781362 0.07274698002241277272318870431022652667252259561792016 0.07183158364176302374952713322708852672349166823551059 0.1741941303099178255505080983867038924017833778634667 0.08977480767710427592712347025227792585155839333310723 0.09484958074135857491104503735890318694146117195487022 
27000 0.02709001444129959156231540664400148088475361873861402 0.07182242856028900471399749674827894807549455435946584 0.0704875520753884510330748366935260662557993782684207 0.1721870710175938190214387293885955898531392449513078 0.08772723376155810167900282389719102127401129109784961 0.09224263168585985268893177521642989802330703241750598 
28000 0.02668203695200885450826086293246719449712145433295518 0.07061061391852000579941921534765647550102585228160024 0.06900746229103139499144389801266186168504646047949791 0.1681426006866667648414082752994502811816346365958452 0.08583901524391753678653801951092816580057842656970024 0.09075536213716044810521574315309578651067567989230156 
29000 0.02618523498400379844951136546621350831287600158248097 0.06915871406162065578775242219444763236424478236585855 0.06811051334123842964003454208965493421601422596722841 0.1659285466255655053235962270719028310850262641906738 0.08431622230339434021862202173203115762589732185006142 0.08959299606990916556211465918146963360868539893999696 
30000 0.02603931875291751915128487561423842322483324096538126 0.06848419954157971077494688333375805200375907588750124 0.06797202749478547063936807390294170261313411174342036 0.161963796096676697236580594330135340896958950906992 0.08340170592862017760380465014602435758206411264836788 0.08855288258484280503605090215102357831256085773929954 
31000 0.02554040844333221504036061239029109515286108944565058 0.06706572118657572051923267120177030164995812810957432 0.06703376446902494836517592130542553263694571796804667 0.1585172032874213509040864367172218862833688035607338 0.08225107348639814901117110756967321094634826295077801 0.08859291009888475493992904610807137544270517537370324 
32000 0.0249012804084440593143051721064518133630372176412493 0.06547563469360555005459615870999634523741406155750155 0.06595043818135572784002113380652509988522069761529565 0.1564057925490378034500456999600359608848521020263433 0.08055745385502771078567018497862406434251170139759779 0.08713209277702838807442252411217253893482848070561886 
33000 0.0242937569668154124703774148635870844259443401824683 0.06397238634816486876877826561749174061333178542554379 0.06439237560304692579136748992185701467860781121999025 0.1541613949434142373566764341874524291142734000459313 0.07869200314930122748763394874282894875250349286943674 0.08595707796645515497862589937572153075961978174746037 
34000 0.02404452615375316169178253767474418012284331780392677 0.06320140546202748902559391888655859759182931156829 0.06387753418455283717933626541629621442552888765931129 0.1536768468435775837946898059183098439461900852620602 0.07821562108689995034178660954227169099794991780072451 0.08519272976088628366512882361671898934218916110694408 
35000 0.02366516440434880427063583235858246212046651635318995 0.06206600443227876241737098889084123243264912161976099 0.06347047732357148333337580961566182224942167522385716 0.1561784851217538478259034065431798410372721264138818 0.07675200181193713884882307355028707718247460434213281 0.08311072504160577821769387285577579405071446672081947 
36000 0.02322843713845648835623403961891941804651651182211936 0.06102737645149733162038213976630096624376164982095361 0.06265405069100144090551421025003797637964453315362334 0.15332684084557439180458715544119741025497205555439 0.07600004632984212118177120079409725406094366917386651 0.08211411024939428293797308994195205400501436088234186 
37000 0.02292912665877443796641097992217162016004294855520129 0.06019556504150511379983338154653349505451842560432851 0.06202257067287732728770675155738345551981183234602213 0.1502002709160605852678092506091722668770671589300036 0.07510756012915758851036449050830867690820014104247093 0.08134912217278539242691203642321440270279708784073591 
38000 0.02240066369817778519953207442411136085524958616588265 0.0591106301736210748988108870660695970400411169975996 0.06003665174946104137449864705800006703384497086517513 0.1474373168818659289233674591912404139293357729911804 0.07386340511221279728811938553034721621770586352795362 0.08056696069459663294846972839136078903266025008633733 
39000 0.02227418816440378571064535092455249909448866674210876 0.05869200582304590610758327981488768898543639807030559 0.05971583565813300503813962696875172753152583027258515 0.1447019849991619349336997163435469815340184140950441 0.07274567272606022410962175669957296975098870461806655 0.0796306443495988118945493917932854088803651393391192 
40000 0.02205088459027158245155176338053726325938441732432693 0.05792636590756835377472510825724860694663220783695579 0.05930221587152138355147771089925790022334695095196366 0.1435088827139471550638867222704497805807477561756968 0.07194434053459847318507443952873003922832140233367682 0.07885719409851518163192185192911232149981515249237418 
41000 0.02180578819634441043031703247323527250500774243846536 0.05725731233631526396083430766048572024828899884596467 0.059052116460001700303856413468150954315660783322528 0.1416645599243520181311157060677352603761391947045922 0.07081321942989819817723846917534302747299079783260822 0.0774683849302990494079586974995876857974508311599493 
42000 0.02140715445719651279776469914029046748282780754379928 0.05606858234421115384446283186337112169894680846482515 0.05844928722114204322276719179296566863968109828419983 0.1397967836913551548447395486696187560937687521800399 0.06997410205476297547747162319797809004739974625408649 0.07660931035767919061621293586039627143691177479922771 
43000 0.02115758833182817658789983111117249947596974379848689 0.0555525302934326520441397304767017217841384990606457 0.05739792794730262652337714028571991065064139547757804 0.1376527046825612627826756692583920482775283744558692 0.06967753953934557450755138754971973469309887150302529 0.07467998303631079656675698097423321542009944096207619 
44000 0.02096925207558875517397409087017035034250511671416461 0.05482471319900842266189589825631234276670511462725699 0.05714578445027218863737426650384332305065981927327812 0.1353298260523900785909454796973605539278651122003794 0.06974331625601818588180199481874055322805361356586218 0.07445077271664847599072847850187883977923775091767311 
45000 0.02068957331638009762750081508425603615819454716984183 0.05405227122509036997516579728384478187308559427037835 0.05660626073294259334622489064636763345106373890303075 0.1330903017907774223496392834720225550881878007203341 0.06953604479568393674705122434187565261254349024966359 0.07379304766024174504511273439688601172292692353948951 
46000 0.02047183683266382708729983364720483862697619770187885 0.05342506279757800065265626286714617521056425175629556 0.0562447237133556611371498247520239743835190893150866 0.1316046029000111933514359854879849365261179627850652 0.06878411679525249160336176218466519571848039049655199 0.07340536071812873461603799613017784508883778471499681 
47000 0.02027304788059371521170555323354545151914862799458206 0.05281210990906572871114027512007282894046511501073837 0.05572129091358173711009352940815020360787457320839167 0.1291221084005205800592820664096649352359236218035221 0.06826853190143960897989881125846878262564132455736399 0.07308836671688715591637579629957777171966881724074483 
48000 0.02011039358245358733923787049324705122899104026146233 0.05240067952138344829201904370719056203142827143892646 0.05515999597865670267597638584677888218266161857172847 0.1284143299918657685324040532148792692623828770592809 0.06708409827821143751571319677196036934674339136108756 0.0723674616759565354949458766686820609947972116060555 
49000 0.01983416303585257051216820135125518120844390068668872 0.05167058145428766205049255465231450301644144929014146 0.05470524405870601028636446630515344224932050565257668 0.1274286096966473614779851233902441265399829717352986 0.06567636000998915446908712686968634386630583321675658 0.07165385464517871681966411021025287197971920249983668 
50000 0.01966360249465230868257397019160936935122663271613419 0.05124961550666418289110438238909139840870921034365892 0.05432539737877150668024289412172400659528648247942328 0.1264132054134430966046802324864728461761842481791973 0.06481523721796721332116721775440382202759792562574148 0.07093662987146379982555466706117819342125585535541177 
