1000 1.245138619908202796374326049022585038983379490673542 0.4603553939330396393362753587608082739279780071228743 0.4286106123859529972699913130673721184393798466771841 0.9599669683927101758230335248889275590045144781470299 0.4852801883668984156959026743383134316900395788252354 0.4978929047994957339323077866177769124078622553497553 
2000 0.8747476690217936239188020741686102610401576384902 0.3230583876538646143051439901805466092810092959553003 0.3188469680232289508320115550832341000386804807931185 0.6537145364959932623892362169026881701938691549003124 0.374232385207368340352025726236462332963128574192524 0.3572287709540230987725634853591216710810840595513582 
3000 0.6993742758243614943765471825276591744113829918205738 0.2659830829646668776469753403546292247483506798744202 0.254754459001856184256502163565372143239073920994997 0.5518588829081825249773737840364162821060745045542717 0.3047414647937208401250533396087405435537220910191536 0.3002169197112843233496686651262663758643611799925566 
4000 0.6361150922784281536615132168765995857029338367283344 0.2344528137370021947415762303412734013363660778850317 0.2243736412092994863897539234431910415423772064968944 0.4698437204206490504611922615074703912796394433826208 0.265587418908544791584921615501535541170596843585372 0.2550795551228373650920130955022102625662228092551231 
5000 0.5602621528801098296692501099514061024819966405630112 0.2116555135420900798947675680583557777936221100389957 0.2011949460148928880260342511032689571948139928281307 0.4318093647648821698068095920053366398860816843807697 0.2391888213170090650503806645188475954455498140305281 0.2238341231614376822901596106318855561312375357374549 
6000 0.504636507070096201465082136339290741489094216376543 0.1938499436971969098743263579254225703607517061755061 0.1866575406154836918231959205782821697994222631677985 0.4186044988841393390513641314942816507027600891888142 0.218781480171836883159386215325081792570927063934505 0.2025887809446426857438007876344165936188801424577832 
7000 0.4663795487714087099429070143452591423738340381532907 0.1828562332914416422023932626284015157125395489856601 0.1739207001516263020770951264193371343935723416507244 0.3925733947338807703025895939896727782070229295641184 0.200468059219651156043569446840724168623637524433434 0.1883212863587824941895331257168955119141173781827092 
8000 0.4377141873697736882732351598734865660844661761075258 0.1730525495908707780029532966037386643165518762543797 0.160467076233622813350647266783521871502671274356544 0.3769257562978100676339809210757536561686720233410597 0.1839982352797116357985551804432589051430113613605499 0.1725457473411985741078549655425078412918082904070616 
9000 0.4087061180142340898456022879603466435582959093153477 0.1648834815027462119221444633576645344419375760480762 0.1513883708183098976901093460356584330384066561236978 0.3524951275177650753347470546916753164623514749109745 0.1731787465133387178426111266404952004904771456494927 0.1650281876746058128742778575714922340011980850249529 
10000 0.3809202947319235853154001381071225296182092279195786 0.1555408244266488710570673845157152470619621453806758 0.1421355846389227288478112123937258104433567496016622 0.3343880236241455023392648432389862023228488396853209 0.1642613067093562208103012939330866970522038172930479 0.1573025160773537739435003895982490007554588373750448 
11000 0.3547398804701113138575924166318031893752049654722214 0.1482285716662803455205077787781853260185016551986337 0.134530015920019089948451128380124686145791201852262 0.3188821613450983852712343480373391457760590128600597 0.1559883706952729812638498360644057072477153269574046 0.1522823469423520856633061729135114603650436038151383 
12000 0.3368209479545983645618154739276306486317480448633432 0.1407490440237728429270259999928072147667990066111088 0.128337490369322968167416741669395463532055146060884 0.306551530152344530274393166746627059637830825522542 0.1491210029690146757810334174343402935392077779397368 0.1462099423224151015953580293182945126773120136931539 
13000 0.3290797189531733671287623554935208858296391554176807 0.1368731614077895963844586080249143833498237654566765 0.1235851232125232470414181486229043827052009874023497 0.3150212910374552132959473371709435696175205521285534 0.142914638392347891434784254438561390543327433988452 0.1392269236533472920417124282788101652386103523895144 
14000 0.3205835187259892429107160233270334970256953965872526 0.1301544920226960502459851581891214777897403109818697 0.11789147984580770121105456477161865791458694729954 0.3052534583194461713969835442439304529216315131634474 0.1376132790440279556385240813942694160232349531725049 0.1327235487834744602102026930778855273729277541860938 
15000 0.3086397928963211693216463910038882545450178440660238 0.1260524036712411105598790478365955891604244243353605 0.1159788478288923280697694621899085376526272739283741 0.2929897043878819198100670745388285354238178115338087 0.1335277126465739360296289955920556735691206995397806 0.1280081637840170552750454491253151445562252774834633 
16000 0.3057642750947682101282133759756476365510025061666965 0.1220773155493560497043283551155123944909064448438585 0.1122364237417035856648008830538376656704713241197169 0.2839305878913826737097291647016206184162001591175795 0.1291709085061848540819861783091049289851071080192924 0.1234705196169925756402834665648171608154370915144682 
17000 0.2983836776178521965857508291275479450632701627910137 0.1181922306101326455623958672225271016031911130994558 0.1086289608264532092341122723744284428448736434802413 0.2768013594158804899258204818002226943463028874248266 0.1253872273329092620989264408870589306843612575903535 0.1193887768362412561557188601935042271406928193755448 
18000 0.2877720584124443542885056490643336246648686937987804 0.1160987986950050488264992408493636588673325604759157 0.1071930382397161604166447960995167676401251810602844 0.276954218598464720383581921803184400232566986232996 0.1226646020853150334761717463183394727366248844191432 0.1159095844770222251255732681674004425076418556272984 
19000 0.2835840139140992559134684530830483595309488009661436 0.1130050653052522140025394799256464040126957115717232 0.1042239143090004898625560922353905368709092726930976 0.2754232361006796974518210513460658717121987137943506 0.1200170436817917581721871199407214447774094878695905 0.1134205980172326460366774222854324705167528009042144 
20000 0.2770333834133658567841235892403872753675386775285006 0.1115361138788174370163239733366733474895227118395269 0.1024051203158005287323232060381350549960188800469041 0.2717368858219449062412452489123637633383623324334621 0.1170992126090720395560672642543131871661898912861943 0.1103663047206787436389286739812920501435655751265585 
21000 0.2689933770127513593573183314777708119436283595860004 0.1096508121197867279149784809633150217678121407516301 0.09873789444056899504339195119961836155653145397081971 0.2664078042777190378251166158474205758466268889605999 0.1128158269846701647400066294280041034880923689343035 0.1079068608282779241451781321314840056402317713946104 
22000 0.2607409535285083876582964274026821271945664193481207 0.1073131646162824910057200823720879867551047937013209 0.09685806174285332561477721360909676207029406214132905 0.2599290080774247646967604896683923243472236208617687 0.1104309379562345442554326287176724719074627500958741 0.1049340477871079652585494142169597608926778775639832 
23000 0.2555762183681999077922413626806630304599821101874113 0.1049427909746167302711735563880424138005764689296484 0.09507443556643615312971807781994293407024088082835078 0.2532687344372992108132956745603081571971415542066097 0.1075178217620257757516488011928501578040595632046461 0.1028442131555820205181858012499773735726193990558386 
24000 0.2465319716340895154636954356153211165292304940521717 0.102689887693524845088536342346818841519962006714195 0.0929810178666517010739032446375862406284795724786818 0.2484976775734833336409506515662926062759652268141508 0.1049871491228869824444288293141536172470296151004732 0.1002661113916449607877650479492714907792105805128813 
25000 0.2443410065799646872959638432831752652418799698352814 0.1003331402941198765183276539469936494697321904823184 0.09101765990456222746800936038158447161094954935833812 0.2430132833693063460612062212651274251129507320001721 0.1025308303829152919498511088713943451011800789274275 0.09892122040445361996839190171781908134107652585953474 
26000 0.2391708664960800355858867860536776106528122909367085 0.09877076436010798976891785980192217664352938299998641 0.08950723139842147699522453829779067291383398696780205 0.2382786560479376590683661327196851686949230497702956 0.1010230253527159024844444407120747086992196273058653 0.09704912897977532254079145040970288960124889854341745 
27000 0.233702373333355711907928856096994252311560558155179 0.09672606709940127770104047189025919806226738728582859 0.08754432821275045358488334917845818949899694416671991 0.2348438284334891791002618635642029687460308196023107 0.0984674407073537681804923336892354512883684947155416 0.09480824872849107288119360759104381486395141109824181 
28000 0.2318473424728798961465953132332629138545598834753036 0.09488716622419904544544167965258729680044780252501369 0.08595009286014107519058313755522249266505241394042969 0.2294655213949461608317903493770018030772916972637177 0.09566976434067817119190390087735131885438022436574101 0.09234404486579633115927480402351790189641178585588932 
29000 0.2287240997374226382353066752695092134217702550813556 0.09303947138162092440926472652895640180759073700755835 0.08365033597257212746102798470171357791969057871028781 0.2233787232252839842364458555756812074832851067185402 0.09419796370746733203200206849259323860223958035930991 0.09164765181678034819726628990022021525874151848256588 
30000 0.227928891274631354309189099072163742221164284273982 0.09191019820826528410683637845823845680115482537075877 0.08241121179789153316141894073387774710681696888059378 0.220243418092016216537306662337503126991578028537333 0.09210991632950299961283451358196039393533283146098256 0.09107961533898773251016322410889003435841004829853773 
31000 0.2219124478036430638319947278302990412157669197767973 0.09100026868123118422394335694236566780546127120032907 0.08100045867742330634050061666240338809075183235108852 0.2167301740769642655028625818913745604277210077270865 0.09099842329898224888598502399505996152129227994009852 0.09012493381693274413670033048950891441108979051932693 
32000 0.2184986402311935253778675883329363216489582555368543 0.08944738244496438997618251859345051002492255065590143 0.07992436748354779049870709461966811204547411762177944 0.2109977227477871327055618591583829868341126712039113 0.0904400875267073773585519910755969874571746913716197 0.08957131724978163066279391799073827939992042956873775 
33000 0.2141032124582624416892374236143226085005153436213732 0.08765029649078659269243731996801294314991537248715758 0.07865754834221107619218749107403709786012768745422363 0.2098465455070131409646885106701219569913519080728292 0.08848493370045424324168157129144596240166720235720277 0.08792844176756472155840824167505331843130989000201225 
34000 0.2114244635371006055609040263920661573138204403221607 0.08618862826179149072596463385109721855315001448616385 0.07721365374970880712611866550365569139557919697836041 0.207269884098365386805346184673215503835308481939137 0.08703313710881704453372611704486949690817709779366851 0.08652418013817832667775205301996521711771492846310139 
35000 0.2087538993977831184353094462480271431559231132268906 0.08452796384880262332156292820473098004185885656625032 0.07577853559087360213702803946045349903215537779033184 0.2039549637845598348457904630537385060051747132092714 0.08605835902137369356894617752895548790093016577884555 0.08514655196389354809542336297023545910178654594346881 
36000 0.2051876958085519392111385067467566045706917066127062 0.08257436219015491109089483617866633835546963382512331 0.07397056037164888518247460660881564820101630175486207 0.199328966853217493689878932194847749315158580429852 0.08410180146561678495926083973244224978316196938976645 0.08351977375879031272645205627447317908718105172738433 
37000 0.2003386114286112900317263912919329982287308666855097 0.08116842591167900752152381677051451447368890512734652 0.07312334890176205986085091956261372558856237446889281 0.1970113140006113095479590990866114452728652395308018 0.08268175652213713881864397964305268828866246622055769 0.08227404438806591702691706213812494752346538007259369 
38000 0.1958247822654308921083449873679072084087238181382418 0.08058022241551286898571335864938092186093854252249002 0.07257086692631067292836265225641767528941272757947445 0.1941784069421230197202785788812562373095715884119272 0.08200010490247338745383592906179615056316833943128586 0.08041926562479437923480719493940505060436407802626491 
39000 0.192546422865256333832530317995423985166780767031014 0.07942412768895161847697598475614988444704067660495639 0.07148265118955777437577967306503445854559686267748475 0.1917995173780631430212164148518816375599271850660443 0.08104043176784659670156343858060665752418572083115578 0.07894440623673983243051201913464964832201076205819845 
40000 0.1890004349704190567235846665017362511207466013729572 0.07840646448884081307827099635576750813470425782725215 0.07011116030900126974147960196015461065144336316734552 0.1886721426858922559283582992550876156201411504298449 0.08008160535464339357773766447934349343995563685894012 0.07821889596090442740589782077975655738555360585451126 
41000 0.188440726776082514190135269727122135918762069195509 0.07779424767018847983694870493187600857254437869414687 0.06959227160070172779534345211538415298946347320452332 0.1873378778685696000803591679262360969460132764652371 0.07930047755840380393745287293527645999802189180627465 0.07804410434427192873503304620941278813006647396832705 
42000 0.1876127868865064782661613781988840798931050812825561 0.07724286577114120501289049741666659087968582753092051 0.0689647052029101287015135091085227259100065566599369 0.1864244922500481061323606563062682539566594641655684 0.07920158016536721085342235768034235832146805478259921 0.07734729178138936718083515722832466110503446543589234 
43000 0.1845118623565149979919583836385221786713373148813844 0.07650314135833697656272111078945563633624260546639562 0.06790134473708501052711646386872423875047388719394803 0.185636053638251778636963570945361823305574944242835 0.07817548853779793595374699582967181754611374344676733 0.07620293184445331347747539657566662185672612395137548 
44000 0.1811256444451334786935933068852122573844098951667547 0.0759813713407049841049370475509761035937117412686348 0.06722866428882961263531264570203482833221642067655921 0.1833008759853566463165173983096423171446076594293118 0.07815222839004355881605250883081836832388944458216429 0.07518599070625354986697422982055982743077038321644068 
45000 0.1786860782603466994450814447903397308436979074031115 0.07540119804896451634644094844106554376139683881774545 0.0668017941211185672082837824770074064417713088914752 0.181561847705070418136489608651462646093932562507689 0.07759692043286350849294608078565715914010070264339447 0.07464027961286381072144452408778647622966673225164413 
46000 0.1786659984065254959184143937478417285547038773074746 0.07487999869868648573093200884742692835516209015622735 0.06657029644356915274317886693777879258959728758782148 0.1797843868913479687353645236624899439448199700564146 0.07734506462221173714240455773771820702222612453624606 0.07403654461477501613547377856683340269228210672736168 
47000 0.1774345838596076582694902046277718454803107306361198 0.07444998051736966302805234563244596301956335082650185 0.06579987192297298264628347200244640191613143542781472 0.1780231759652362083843181797537802424358233110979199 0.07645581343066585068286682147498112271932768635451794 0.07372463930331752147702244204463539745120215229690075 
48000 0.1761721404450989971623596150318569186765671474859118 0.07426483188117946448710080670219113585517334286123514 0.0655549821229879253769480540459113626639009453356266 0.1755772789050553750001080338671854974563757423311472 0.07542433094898881025091707391849737973643641453236341 0.07341876594986959592354421738624736804013082291930914 
49000 0.1737756811137867279362569788991876862382923718541861 0.07367452715083641648716053854095697772663697833195329 0.06526004421170162652905775285683276365489291492849588 0.174064814471044739614593449550383752466586884111166 0.07491106626816750958445080901815238405561103718355298 0.07269101205561022418740781125823247066364274360239506 
50000 0.17323752816039345778220941846070601854989945422858 0.07344713181512478165799363491461626551881636260077357 0.06498598621103154384921838510047464865237998310476542 0.1714642830578916698195572967944322329003625782206655 0.07419951187215341940032900872048493567945115501061082 0.07193492609528564041499127182377471001473168144002557 
