1000 0.428454330667774845904779631999836908562429016456008 0.2989523662386038107597902718781668340852775145322084 0.2783633048248348044518586663631509736660518683493137 0.7775855259232917035712440156913771716062910854816437 0.3333047735925227998514397409479670386645011603832245 0.4497199415360218383041525369581137283603311516344547 
2000 0.2940584481581735013975501674687862418977601919323206 0.2226677043437435373125256321547027482665725983679295 0.1910512700852951704021901596641797027587017510086298 0.5570833002721812430516751257769669791741762310266495 0.2248272683617532163673474049359057858055166434496641 0.2736645548072173130373443972196412232733564451336861 
3000 0.2457398647103376606746702459638242999062640592455864 0.1782902599423673193300681621975556367942772340029478 0.1595479273745878341569113048614703131988790119066834 0.4602460692065233058885981298757883450889494270086288 0.1849562654755989193119253277686198089213576167821884 0.2111685487892579179199526590027247152647760231047869 
4000 0.2108400516681327923154166958941146958750323392450809 0.161280462674864843536327516093642486794124124571681 0.1381403857297071663867617935528286920998652931302786 0.3907236816021303135043358373268418404222757089883089 0.1622113010907092716229947054751292512264626566320658 0.1777911244356347170560237597181085789088683668524027 
5000 0.1902260417854215952316622451068184318501153029501438 0.143940444806623567275405406462596147321164608001709 0.1230908076975401321332390970619830028454089188016951 0.3474822110280478468225234117694455449054657947272062 0.14498036647359496812055047743061919618412503041327 0.1603912277555991451930515745427641149944975040853024 
6000 0.1739941560778269426950932291520146577568084467202425 0.1290103133650552065731561407480043612849840428680182 0.1109600066247759094642598258484422757419451954774559 0.319302432466732305168816835605483106519386637955904 0.1351532899149120375359781065505160313477972522377968 0.1456861589345445656169678386171462136644549900665879 
7000 0.1612173389928002278947451186841277603889466263353825 0.1188141649788779174472448142696467954237959929741919 0.1019036263867680777356664566235533442295491113327444 0.3005935947039506408681210081201840011999593116343021 0.1266904805815575235698961301111786781348200747743249 0.1402899439539409757717264640164422928592102834954858 
8000 0.1526660038843961425482267241227063436781463678926229 0.112376219054360765283384019502799233691803237888962 0.09550643369070853837889427048746249226951476885005832 0.288480545883176724738638369016641149755741935223341 0.1213510198735929207803914235686004730041531729511917 0.129872369361567176275192372902900217468413757160306 
9000 0.1420637657083894496098681187179479934457049239426851 0.1072043833019346556657694705116945499412395292893052 0.0916407919396209611582614258662449202574862283654511 0.2748696583428648088358748485804383676622819621115923 0.1152972697603385712495629653040474238423485076054931 0.1207981966008905288259512797455208499286527512595057 
10000 0.1366300413606813301457777384828595756971481023356318 0.1008682012699385649619459454084946514740295242518187 0.08830779911929288791946814768385465299616043921560049 0.2579991074687490163928286351913143903402669820934534 0.1078190023266592251967332417861289428628879250027239 0.1157884435526804308956854046297468840975852799601853 
11000 0.1282671461398144795889360997298567212965281214565039 0.09599813469298076238050542591251357293913315515965223 0.0838616347654955196172055047199034305549503187648952 0.2451822758816772014248781472178784213156177429482341 0.1026835112186032180310655929911245465291358414106071 0.1135703991305737465029195888688295923429905087687075 
12000 0.1229018478207173137699563698899130059771778178401291 0.09173627019841090458841456611871478799002943560481071 0.07980395192403334054479652204250328395573887974023819 0.2345644201751091462306670828996679745159781305119395 0.09701299465895662536775619078088794822178897447884083 0.108273746071439309535578039700443042647748370654881 
13000 0.1172262569935027075448616407093993529997533187270164 0.08897546504837826709873342331813539374252286506816745 0.07595528008829453917174307983617431716538703767582774 0.2200031973949006030514402576514498832693789154291153 0.09247556081145600479138414728996764324620016850531101 0.1033112481264165690412635753570036456494563026353717 
14000 0.1132958991346237138437723010464530659646698040887713 0.08576403208789897684766103530540348742761125322431326 0.07389789923880662675446766296527556505679967813193798 0.2094835954196931321975774092924993396991339977830648 0.08993913129564916518411850365755100256137666292488575 0.09888728771929064524550800213686940765001054387539625 
15000 0.1091558268469349272269237026422583625162587850354612 0.08291761217070515205571990327571008094764692941680551 0.07100152771813210918661236903393074726409395225346088 0.2012712611878521101559493325372507399606547551229596 0.08664401933354265838006617872490977561028557829558849 0.09565952283546349571894491445323005507361813215538859 
16000 0.1063603970459763040860411836829868548193189781159163 0.07974627250575189494436953441258708608074812218546867 0.06847311687138861066267200156110206421544717159122229 0.1976605110837919437475956527250353644831193378195167 0.0851135884071630314720710228093558669115736847743392 0.09108621628407851078908967837333143791056500049307942 
17000 0.1035762699240140195049131831284139337867600261233747 0.07807434097358494280873399476239349326078809099271894 0.0661760888740789644850643150264524194881232688203454 0.1933882784315005893193903374616127166518708691000938 0.08086663332218208579256447585126288402079808292910457 0.08856847822228401026620116937015936287025397177785635 
18000 0.1009344188762085304261902594935573773682335740886629 0.07735079847154923873814953358407642269867210416123271 0.06415495678845562837832412414473814976645371643826365 0.1881986174090879000936425008427832494817266706377268 0.07824504894157843068913833761701681623890181072056293 0.08588940862646200557562262134503328070422867313027382 
19000 0.09923619068561985903762119598514601648275856859982014 0.07474674113285233018440711569296830418807076057419181 0.06249743215554711252027685584875538182814125320874155 0.1831539463845965619618553349434719734745158348232508 0.07654620214217465050025130876565349069551302818581462 0.08295755321071314789633729946949358691199449822306633 
20000 0.0973916986369213621033569944218655223266978282481432 0.07240233454854309434501084472013410220370133174583316 0.06113657209661588805220508620330566174061459605582058 0.175405373527931256674304745513115477706378442235291 0.07462827974436968143505952491545407667672407114878297 0.08077767777797599892309786048794073565204598708078265 
21000 0.09444167708734899472792839389412300477033568313345313 0.0706322738645266230155428562043073981158158858306706 0.05972422813394067731264879504704534696202244958840311 0.171071877508305264427995728837572642078157514333725 0.07189132732393909806648587407229555878984683658927679 0.07931464293020045028850513804674626783253188477829099 
22000 0.09207646482425062913775406017724556306802696781232953 0.06837787984986681624212899455184100361293531022965908 0.05826759638736162445093362885484289392934442730620503 0.1683574826144843425098675260276337439790950156748295 0.07012752626185336351496632523172536366473650559782982 0.0773830377807462019176506021200800944370712386444211 
23000 0.09055625240212166001568024759071917628716619219630957 0.06694323473897046809674661257960615046158636687323451 0.05669762445802545726736862245764836387706964160315692 0.1630851431059804889105082498224064124769938644021749 0.06902671997709742844536459985271825701147463405504823 0.07500095545429712565763200743385041846522653941065073 
24000 0.08882197772332743768993563657221379514794534770771861 0.06564768778250631392858806256729309325237409211695194 0.05637749293345422195257768925580332819436080171726644 0.1591534896318609463607141041308068452053703367710114 0.06798855665986018978241877189216957333428581478074193 0.07355422111157122370224056839838056021108059212565422 
25000 0.08725672400032953538194296569385777218030852964147925 0.06481682616851010113610863719313393005450052442029119 0.05500964293096157709810783455195437596785268397070467 0.1602876016844844110284529214993654022691771388053894 0.06699658346540991628174140787299606358828896190971136 0.071317320048154931246713918169266577251619310118258 
26000 0.08514400830983362583218943334117945198613597312942147 0.06309482906469798282439150408085204446706484304741025 0.05362784163947358469443429940248790899204323068261147 0.1581810639108995146507024437410038331108808051794767 0.06564585280530687789784984736973783014946093317121267 0.06871546526667996460422489432562365152534766821190715 
27000 0.08328947627048629468273551607060412038663343992084265 0.06098747620932067262016569759996986732630830374546349 0.05192914701128404782420715235513597463068435899913311 0.1561532637367661194890532810886085712809290271252394 0.06425146053990791299295260233237492286662018159404397 0.06730132940056681056280188726881341665375657612457871 
28000 0.08169206447505936844236638927352345262988819740712643 0.05955030626490403898275747575363769925615997635759413 0.05097033187000689222339601912314943632509312010370195 0.1521007255424318546161354878676341684240469476208091 0.06316688241007134034456400872858949924193439073860645 0.0662274918225934636339794804593683608118226402439177 
29000 0.08089689214413739695350678837737490312065347097814083 0.05827736342163645340085477777880562655354879098013043 0.05017339820996067214925744244535810167917588842101395 0.1495714146631159681546463860457585326457774499431252 0.06160671728987544826160681864235524329842519364319742 0.06473817156039861955276956684279809906001901254057884 
30000 0.08023826996448658586979542362005446420880616642534733 0.05720979651302835750347483903532896931665163720026612 0.04955312656742901803125309762032557614475081209093332 0.1460655702829964788720977161839975622115161968395114 0.06076144135596205452220499795834562917207222199067473 0.06323536063446171215813315993892196331671584630385041 
31000 0.07909084185243511766223029058053839435160625725984573 0.05601474533161892454622018087950774400951559073291719 0.04874225069998644845666729841227038377837743610143661 0.1430012142487811271289281644936153270464274100959301 0.05983171251206671269496912939078736570763794588856399 0.06273777346349056795578270559476941059529053745791316 
32000 0.077293479530294724694043650981001292166183702647686 0.05547498850972860017234764180849015957619485561735928 0.04800284149266911574782190977317419822156807640567422 0.1405342495968211671136804952197962848003953695297241 0.05885443807681020751869176675652450825282357982359827 0.06187337869881883645458505067982191150122162071056664 
33000 0.0752784299585990853600071630313816939406024175696075 0.05464598210911009320582738292559898951594732352532446 0.04727995180844483986704876107842743238052207743749022 0.1391670590199466105195760801116477978212060406804085 0.05748089489459431551758019848796799067258689319714904 0.06139596234861014106682611420062745111181357060559094 
34000 0.07415481378378790675492742909269416884399106493219733 0.05401142972560445728452682701004050613846629858016968 0.04633854734122973058300519640095860296469254535622895 0.1382435792408627357009476624427612989620683947578073 0.05717962356168942854881074439044041923807526472955942 0.06023365351273326095219991065110587413755638408474624 
35000 0.07289820302520850366735432820930462582964537432417274 0.05326471472836359169499877153075573232854367233812809 0.04597372102815219304872075729850866565584510681219399 0.1421307311803156739663488161706794699057354591786861 0.05605962441580434966190756712611786838351690676063299 0.05874483917049600748585798729028972786636586533859372 
36000 0.07160273415775954649513737604316077067778678610920906 0.05287968393623880558346989078088995483994949609041214 0.04533232054169689932997039036322028948688966920599341 0.1390964704805186212272904294762199128854263108223677 0.0551385583646042882489111177507501437844439351465553 0.0576249258313379241990795538719272173011631821282208 
37000 0.07103693187803268501443257343375137224938953295350075 0.05220031217842594277345094448683493482121775741688907 0.04479011843235819919755704918151728577413450693711638 0.1360812633344021886752693920041856756597553612664342 0.05440776764803275601366260895430659871863099397160113 0.05659305111884833393285135737238444875174536718986928 
38000 0.07012599277147852570553701601063778525713132694363594 0.05144745363293671237421545404389089384267208515666425 0.04418815886225107436788826255347206739543253206647933 0.1337497318873509555980797283702976585573196643963456 0.05349441604755157994550247499421224972593336133286357 0.05605555013265247296875139031147039503366613644175231 
39000 0.06967971287169774608979966323829557950375601649284363 0.05114651153745452279622660425595359612316315178759396 0.04372950255744662381406626973368023669763715588487685 0.1308226823011651581508745997850517994720576098188758 0.05251477720430254693561211883079398177187613327987492 0.05542533522106154901925027973785820023522319388575852 
40000 0.06899731459940282621393385295571754056709323776885867 0.05044224570241893934076371497354784878552891314029694 0.04284265812319937198070804278138279386212161625735462 0.1290628601539351605505517167626905461474962066859007 0.05160594884527656968671170852058782685389815014787018 0.05495767214926425934333454291491616316989166080020368 
41000 0.06822503675946040577540707694481625367188826203346252 0.04999779947941787239446866097924981886535533703863621 0.04257538714646578924681217213910056074155363603495061 0.126928696954308735638915911492219379397283773869276 0.05058696388775953572245380925054281107122733374126256 0.05389607948732498270109241879366468452872140915133059 
42000 0.06743700334378396591712831117937376745885558193549514 0.04918856470273142550940492778721591093926690518856049 0.04215546547929349202398592241780583833588025299832225 0.1253807560860854399762678509921975944507721578702331 0.04985059748770944119684433298855807947802531998604536 0.05290350934936157602234271454810787815858930116519332 
43000 0.06673013905703731829760581156785193002178857568651438 0.04852043353329174811539286488182298739957332145422697 0.04176792966387489177207403834302112954901531338691711 0.1234930833229009102685897608653320389748841989785433 0.04996285184668831551242683744473715989897755207493901 0.05126132985945855276041873728465336768067572847940028 
44000 0.06653747127139339580324372408481892193776729982346296 0.04779729978453603479027602188300427599187969462946057 0.04124639873739201974706678269222415167405415559187531 0.1218230512395604833033951018561591439492985955439508 0.0498396067863678024457366882993269996404706034809351 0.05074024754760555145293669104811229431106767151504755 
45000 0.06563989445359430989983913137808535509520879713818431 0.04703425938135229460263452526402883080436367890797555 0.04048898071129391460325750752569096135857762419618666 0.1195880798799938916348738378314653374445697409100831 0.04934729789733426262929175468152642736185953253880143 0.05016726737847669472428299881905378043711607460863888 
46000 0.06491568256000668416227364007631273068454902386292815 0.04650744602247854567195076494479089035394281381741166 0.04022884153753317690779540798107216659218465792946517 0.1185256606972487524771656466904268256712384754791856 0.04867319638759645804851816305869327550226444145664573 0.05024276326617674941110345231132239263160954578779638 
47000 0.06458782375808485251182178635276365241679741302505136 0.04600956038486096544911242017805719228817906696349382 0.03982393916853753956480005925244736175727666704915464 0.1168487103167734322256413916074624381735702627338469 0.04836087886841949760093756216505767042690422385931015 0.04988706015796672603527508668697088012322637951001525 
48000 0.06409468475211963877350871895965944702311389846727252 0.04582388085795471769124417686647188219239978934638202 0.03943958032641479713665188730487010104752698680385947 0.1160715201510309433418168846563478524558377102948725 0.04732227558658664850631172388295553332682175096124411 0.04931039217835314237363387133983305687934262095950544 
49000 0.06316913370709038112521191421500077467499068006873131 0.04530581536432933068827763611885472982976352795958519 0.03915188051753981838903027890008701206170371733605862 0.1149082805248779183765819866813728822307894006371498 0.04615384205413129210075220097697634713540537632070482 0.04906116264230521713620748747164412861820892430841923 
50000 0.06252016935900889147922649541344597423631057608872652 0.04505227977484707185072535830239193188617718988098204 0.0390247159712482764305199658266820605945213173981756 0.1143160927379443139351882820220485115214614779688418 0.04556626933397104353912557272998640200967201963067055 0.04837752755879371501011951967052837630944850388914347 
