1000 0.1360249102172899250825458677960355657887703273445368 0.1489817621219671005098911936714856096841685939580202 0.1931177842541061818987897444332979546288697747513652 4.182970368398003009006297370220295306353364139795303 0.3757675189579511507696231442654521970325731672346592 0.7718004517541191195680733150297214706370141357183456 
2000 0.1225757923024440643650122620411657692329754354432225 0.1430548629596546746003266070701442913559731096029282 0.2628363818703228658383696386691141810842964332550764 1.836176406044067275537268191243356341146863996982574 0.4613674187804086891412803234091555282248009461909533 0.9457677828249355648409027463863196771853836253285408 
3000 0.07625713585505897324499143680176516113533580210059881 0.1088592365801800823923105830670632343526449403725564 0.1635095200370716515809012617244100340485601918771863 1.409495749617244245545724656842878630413906648755074 0.2961739719516130306582474968069007559279270935803652 0.5969248377908756458039979397867114130349364131689072 
4000 0.0823567793326585922007092126218008587557051214389503 0.08985848163907270656352048107673446963872265769168735 0.1744158807247985453592982116322041008515952853485942 2.630320030731053825229573406296879056753823533654213 0.2628589494437450495192398064459027295924897771328688 0.6653101946293278511545751796596448457421502098441124 
5000 0.07374713344675139526924849409095230612365412525832653 0.08195252407237085676616414331441262675070902332663536 0.1652503006586941007198055322846563797156704822555184 2.214075153736497509910502445862334752746392041444778 0.19557122051131682193437361094723314636212307959795 0.5372121678595974438312661558558858132528257556259632 
6000 0.06654734845227590599316775873961482545837498037144542 0.07290316322623331801570413512880719508757465519011021 0.1358552440265603830610958643876351459311990765854716 2.087252747151782498969893597795532969030318781733513 0.1708114615827641755699999384643383848469966324046254 0.436668987671375385983037892279057246014417614787817 
7000 0.05412925220190286954304015841488162408268181025050581 0.07241709747317807960011138909695027621182816801592708 0.1224006710016589815441241488602752696124298381619155 1.671132370462230649931813231123811647194088436663151 0.1891061895686480766380589343955698211630078731104732 0.4048013377918534743749642140775435450450459029525518 
8000 0.04251680285101263396841135208670259260088641894981265 0.06742741973644727540278340921497957083374785725027323 0.1091997044515956114408682803285088880329567473381758 1.449574652849708559436241184226190625849994830787182 0.143357077925441774447334192243985739878553431481123 0.3835801053380590712493011101846818178273679222911596 
9000 0.04253086131192749345659824544707561244649696163833141 0.06848876747312063850258844616147868578082125168293715 0.1082745077441080117574504632083076671733579132705927 1.263413641916772244509770128928494159481488168239594 0.1375157206384048237234746236978821798402350395917892 0.3727075816470854684658506328354121706070145592093468 
10000 0.0385363961535013559949315684743931242906000989023596 0.06312191482775339752521936639850785866201476892456412 0.09618284381302290217261767926726356847666465910151601 1.16894649115497701718363598999417263257782906293869 0.1171879137498620570753942587982621148512407671660185 0.3410504415469357358478303537951958901430771220475435 
11000 0.04856939687892910559077991154708353604974035988561809 0.06479497171086252911873870977133016424431843915954232 0.09666688630745245360985275911991365660469455178827047 1.075327308733580971840219919766212797185289673507214 0.09397932075288707600666275251977133109448914183303714 0.3278360099277331062949791123939391468411486130207777 
12000 0.0441905786157317343657133148354665408419350569602102 0.06351735912829718049135230631407900148133194306865335 0.09002560831802115818764658400352729472615465056151152 0.9633013509055411652953759826800705923233181238174438 0.1076761070287758152280157761260248605594824766740203 0.2806737778214848307869154486748897170400596223771572 
13000 0.03863141202211511938743458867417945867828166228719056 0.05959699277959007325652842496088723578395729418843985 0.08696257026882936929735104514271881726017454639077187 1.081662103980618039886577030905812080163741484284401 0.1076001257509960106072848841363143179705730290152133 0.2767026458063172678688169253691242488457646686583757 
14000 0.03095726203382406678092121903728139997724611021112651 0.05253440245229657974880164636455326387931563658639789 0.0838468286658099159664478232378836963789581204764545 1.023378988844955385460050445445290279167238622903824 0.0879662929890033359049098145299172557542988215573132 0.2671151813195737305785606996444414562574820592999458 
15000 0.02917939007641339669526278199213065178696524526458234 0.04704654416279741249948286897775151516043479205109179 0.07339640709774993326597108608821962150159379234537482 1.074576335393391679690934525925882780938991345465183 0.09639058698352937300566451936378875586797221330925822 0.2571204168835676411345673303410208632158173713833094 
16000 0.03193723625503799654152463187439803249390024575404823 0.04860701622375180784305982208126639676493141450919211 0.0711184090517548479843854512816303525823968811891973 0.9955124945085550381492119076387581344533828087151051 0.08266826658702605911093874019313076928483496885746717 0.250049582860480357080152150062168914246285567060113 
17000 0.03365294514886258643839782138396099497867908212356269 0.04681918557414058896335861022219848592840207857079804 0.08085288111494340659960193204436329494910751236602664 1.046121237908986164048992517638936305957031436264515 0.07123681691862875710622923786097260290262056514620781 0.2341194846170430113877413899614587933228904148563743 
18000 0.0337270917537031329057502487128727963749952323269099 0.05128625545199701294885237003173816816570251830853522 0.08108325224654750380825791317151995940548658836632967 0.9475920353504725898740636280681570724482298828661442 0.08479149054637103124945456122940612431193585507571697 0.2562142294813438004989509383380053009204857517033815 
19000 0.0327679907619446716730783521892567122790751454886049 0.05075888093059826831841808113254810308490050374530256 0.07556176407498190103191691019413056551456975284963846 1.072710866678009760180612097713037655921652913093567 0.09787000722415767952613516178494990072067594155669212 0.2494926729038248938962732056956461690333526348695159 
20000 0.03292689650877820280134656086290512178038625279441476 0.05014715499363585469547069210782819226324136252515018 0.07052636998121709449539526448624826571176527068018913 1.012226679881242884825702510465106342962826602160931 0.09457229893007119397711247865689898617347353138029575 0.2594827633005371557190117670632645285877515561878681 
21000 0.03390508992419422413380834628593429869169995072297752 0.05196964173785414405564537718151818523892870871350169 0.07526057147528426124647674827494725491305871400982141 0.9819688272424748915617742639483367383945733308792114 0.09911616195863615703698671841048728481382568133994937 0.2616554950054160308609615265273973250259587075561285 
22000 0.02995007422419649432305274825566465679571592772845179 0.04940961834998209145839690066559501957499378477223217 0.07193316399544286193274604881975342607347556622698903 0.9408735371933228001711455035227515963924815878272057 0.09927999194497328569453380858744750980804383289068937 0.253528907244330823901818164345378647794859716668725 
23000 0.02490501252176521066528439279225137781281773641239852 0.04801277934223034468691352141811456988307327264919877 0.06897713028492593370757978224472317663185094716027379 1.072732356689796992272462050621584239706862717866898 0.08270162497556841796911503497669038154072040924802423 0.2416224396261285766905006072713391063189192209392786 
24000 0.02662565081246529714493228961635917784178673173300922 0.04537136191450558065014261183156563106422254350036383 0.06521941013307093268363970675616236860605567926540971 1.032010090559447550617906685932467780730803497135639 0.08340189543914018860897409760046805615729681449010968 0.2333644656707775872153676210984940553316846489906311 
25000 0.02527132305750466875926714665351324740072413987945765 0.04270407797920338050461476833707941125339857535436749 0.06109008076589401659098896649191523522404168033972383 0.9978130923325067815001128412877307027883944101631641 0.09301973726872397190307576939072298216615308774635196 0.252498292125673998219457377922836371908488217741251 
26000 0.02613772724710205284119797237291082936394559510517865 0.04032050446716837123364938350045250103903526905924082 0.05388717008911638456364464819237092285675316816195846 0.9297608863919134652140964514277499119998537935316563 0.09883269200728246776997514000395739230953040532767773 0.2379480975947149097782977802961745794618764193728566 
27000 0.02344495063649053631023061634863768887271362473256886 0.04010516764243867605599304544672367711655169841833413 0.05217170012068846187352306673079560539463273016735911 0.8823386578293250947124977401347933891884167678654194 0.09634325734405954169714027257587218855405808426439762 0.2279439241342516466170284653025568388784449780359864 
28000 0.02047676130344457140513474494025736305502505274489522 0.03867417895697922918478829992783296631841949420049787 0.04915074484711261655996887912078996407672093482688069 0.8585742562738106986803057751878043291071662679314613 0.0971262214515794617276499972602366028695541899651289 0.2274185397673406739196821924053892871597781777381897 
29000 0.01850542153587245515730425222955535247137959231622517 0.04133041934926867019738853763211050562631498905830085 0.05238221097518583833083701678523524947195255663245916 1.299781726782073937396383422893109127471689134836197 0.09935695680666694757081792294117761343841266352683306 0.2501223824620200543032873252702330546526354737579823 
30000 0.01727497539044718585968089547694193086613267951179296 0.04076545518606913180722855181981056915674344054423273 0.05098494422237501610457475684223815903806098503991961 1.267020766254821263047634916087957890340476296842098 0.1020066908541088353688168315069884073409411939792335 0.2261890483259302687751250010572690030130615923553705 
31000 0.0152596866064508666958218188920703983768589750980027 0.03946036982224920552987418483070758412623035837896168 0.05187301758509074610045425784976558247763023246079683 1.251225883035655785059311884133137482422171160578728 0.103679851483088723086744067924946932635066332295537 0.2291600113037398230269713755857807768734346609562635 
32000 0.02340320767934024622372124555674810508776317874435335 0.03528741459566708278723797496956304797777193016372621 0.04976718554043923807428807630504064007936904090456665 1.20771715664421728554395879529081980763294268399477 0.1386527550300826559369783003150544686832290608435869 0.2198156358445740543675625891517633192506764316931367 
33000 0.0225619469232232265243652319028355712760003370931372 0.03604118583939608725158682857314662584258257993496954 0.04783614356413556478986011735732297722734074341133237 1.156065120590343318061378463657007387155317701399326 0.1324367512126228855828336331001970904708286980167031 0.2126719179986614512839742524574759841016202699393034 
34000 0.02273215525854038251629620111249341363190978881902993 0.03595737210370188568285911880073602020502221421338618 0.04768459193588074993623809709475391827027124236337841 1.117281040937831924669994265730821325632859952747822 0.1221329594692386549145105174851710927441672538407147 0.2123570495170797341579274619682848879165248945355415 
35000 0.0225388020519662578684772988313333996757137356325984 0.034458886265635227349514186495627043882450379896909 0.05323422304568454065600729453733297447115546674467623 1.084860072941529611479337391610755503279506228864193 0.1113358039613833934839423958629289757027436280623078 0.2110426626945507073463987463002311528725840616971254 
36000 0.02071538891683304458169855716276330781511205714195967 0.03449757679251438824571084074133153762886649928987026 0.05144269682978219562468204066607579960646035033278167 1.050672756059886085353537177322635898235603235661983 0.1048890322634882664955464394440642905692584463395178 0.2109139863618615276210288209113308255382435163483024 
37000 0.01827586341233244693551152505045509499836953182239085 0.03189360881297947963630744563912067235378344776108861 0.04975306907481379936077602044175449691465473733842373 1.014022271617635426307554857849879681452875956892967 0.1020998238760599678267367192152637045410301652736962 0.2105719811123212136959228363286555918421072419732809 
38000 0.01695322022978312088113683753221039296477101743221283 0.03042297048716649849401099259954550646511961531359702 0.04870844065143826043462948680029533932156482478603721 0.9891705490850605315055962818426849025854608044028282 0.1003779738163595198290035069577097459614378749392927 0.2015407892321241619179713819298704891025408869609237 
39000 0.01496011421973499953205495160285520839238415646832436 0.028869796162079404454672837410100783017696812748909 0.04384722083824243820307357301369055591067080968059599 0.9613545275261156776522991629363446008937899023294449 0.1049486251067359826165967598421424611387919867411256 0.1995888424893375676653006420280256349997216602787375 
40000 0.01382151012402348691890282801966738368548703874694183 0.0300767278473925117868219497943571560938380571315065 0.0453486040900434274226874550167698529890003555919975 0.9203461039411544788047675469400132897135335952043533 0.1105961535270429171236056427318761308242756058461964 0.2076016982571683543986945305603875056021934142336249 
41000 0.01423565662826161828357067907352417890365359198767692 0.03159406176532916483387950987160586180380050791427493 0.04649079815412969977122463298424559496879737707786262 0.8900551429765040628680657086579941505988244898617268 0.1100392021172308594138085011127081713766528991982341 0.2093608432093968161718773937640669657866965280845761 
42000 0.01355339696843835241779011729912340911141654942184687 0.03217005322865897094374455084109243330203753430396318 0.04361876317820102037195895833265879559803579468280077 0.8601560383252572432972657412442174518218962475657463 0.09791756597224397840783160704147825015297712525352836 0.1994783846968064578857081706186882286147010745480657 
43000 0.01332542119401386396722748164597738274039784300839528 0.03044129863565943821274314105840286259763161069713533 0.04232969006306993130640640987660816563220578245818615 0.836715383402014259493599535044694448515656404197216 0.1002364068472436050267582001438437799833991448394954 0.1956936416372227425511040599381828997138654813170433 
44000 0.01271315032279664182716900433858797647701521782437339 0.02945844029830584869876876959876588202291713969316334 0.0417211151051576899149140893047205125299115024972707 0.8365086770935791203878013899686294507773709483444691 0.1055760782070004852000572569126202182587803690694273 0.1959333200908730628000010282052656407358881551772356 
45000 0.01436423349886479102053318509038537520439149375306442 0.02787991269239630616046609311309278922408338985405862 0.04114680632747077043700708633144902393041775212623179 0.8087697303945797483839055819210273057251470163464546 0.1132770641146633762566054218212663329268252709880471 0.1927959647610038298001138359905048957898543449118733 
46000 0.01537932873903935394742137398108039469946106692077592 0.03003346078609794774005924220677821168123955430928618 0.0422659667105520533304373765465244972006075840909034 0.7699657884127339810991820512331429426922113634645939 0.1179533561718239466323981425033284864412053138948977 0.2022903836247993750299461676589451997188007226213813 
47000 0.01590816023995676057667999353517629401721933390945196 0.02865728978433967572734218914182191539907762489747256 0.03972153866320082391371394485435342147638948517851532 0.7462913791262523587749511122524381789844483137130737 0.1204213689062463633181365892099723424735202570445836 0.2020540872701476146352595267274843138238793471828103 
48000 0.01586385308549056140565471084702409143574186600744724 0.02754872037517871100929865539608254465520076337270439 0.03857538891311785387715389827878453843368333764374256 0.7272680616535283423937027769134999743982916697859764 0.1178043985924080502491963391709095532178253051824868 0.1986039186089932237852138594003115201758191687986255 
49000 0.01418159163957006258966088560122265072038771904772148 0.02721406671062365461281505260582314065231912536546588 0.03731369131878596482959024177583629011678567621856928 0.7125290978430000544074050805587461354662082158029079 0.1174986766217196654387712982658964477877816534601152 0.1966273959843162758465325012924296288474579341709614 
50000 0.01369624654179077866183517802126101692294923850568011 0.02626568725371461332411071685349890358907032350543886 0.03669276594930524334746435068110859134549173177219927 0.7192425399840527975897815082806374675783445127308369 0.1091223439034558726848660355213116446293497574515641 0.1903906927934126082135662602623504824350675335153937 
