1000 0.2512821829610281786505487228167154967195529025048018 0.2609652864233527254128781891484578636664082296192646 0.4410399931985453259996200064962934561663132626563311 2.914738424279992765357147344040811276499880477786064 0.7968481044219432000573662133735552970392745919525623 1.394628365685783096916509904428238542095641605556011 
2000 0.1739519321832746893589450101758053790490521350875497 0.1819503892670503284221357118144446474161668447777629 0.2950799375343906865332317679406770594141562469303608 2.018715533916350839084216661767356981727061793208122 0.5587432477423181464678061947104481532733188942074776 0.9342131407562947962566410331497479546669637784361839 
3000 0.1414764236776072204389200631657885764980164822191 0.1476306455145307166724544592484313909608317771926522 0.2385824159133373542271677053561163006634160410612822 1.777894712315954340599820360235838734297431074082851 0.4515899771866514553078988947198979531094664707779884 0.7626520167730812619082299275152792006338131614029408 
4000 0.1220432381707842518531615533250445082558144349604845 0.1270044633041879732199665523073583983659773366525769 0.2040591806056888311523330598040715244678722228854895 1.552165291395838086618147455553184954624157398939133 0.3941435038886324175155112525814615764829795807600021 0.6470964691565942334956600123785364075956749729812145 
5000 0.1098130172736083896180953566046323288674102514050901 0.1144757260481014431302017840541562776479622698388994 0.1834976715429548915238782552661334079857624601572752 1.34263427150328949245556425795555810509540606290102 0.355924233318860858008231620730477118286216864362359 0.5821476440413214954575950310644572027740650810301304 
6000 0.100645197354169391294493197258619332501439203042537 0.1044961020189574561065006148841138866600886103697121 0.1670748158241897806747461655008102354713628301396966 1.249158737126494732360207362553694565576734021306038 0.3171007309203039216979717884736800215250696055591106 0.5182995448443857838404132121201683958133799023926258 
7000 0.09329499163989173198154166918860674684310652082785964 0.09704988809835982785834303243621690171494265086948872 0.1584929464660905866062743166389203963717591250315309 1.181976300627242373831801702799282338673947378993034 0.306467211239274694794219866533779850215069018304348 0.4902139514018284342626325528202713144310109782963991 
8000 0.08728378161692519402299833899960823657693254062905908 0.09063033569733101637433533501186921910175442462787032 0.1486204552626530546325170356602995980210835114121437 1.164488810880539354378551686330922620982164517045021 0.2897338284308975642461058547239005633855413179844618 0.4585169421080865963323124762096583140191796701401472 
9000 0.08406998756278580971440603925026735510073194745928049 0.08581389115320516648753937372084976686892332509160042 0.1406098460133756653509841394456003627055906690657139 1.070516715213764394744148933380500920975464396178722 0.2776876647333006189989016571084690099269209895282984 0.4349936171083133052165867193927795142371905967593193 
10000 0.08022345400762322293225807176564323697220970643684268 0.08235752204307239415803122695169946609894395805895329 0.1352654786642244565646056933538865507671289378777146 1.01505354776611876252683658305997482784732710570097 0.2666110929660787545823069644157499169523362070322037 0.4166504342823030825353116529674579737729800399392843 
11000 0.07664276998378614726056259551234539628694619750604033 0.07837355218189801900102904597122943641807069070637226 0.1296889359482624557183333066645580800013703992590308 0.9758595929697121471968306039013185682051698677241802 0.2531696451881751834306257670226258937873353715986013 0.39710891488270118874527592200962544666253961622715 
12000 0.07163434217875093045266700689244210309425398008897901 0.0744198366873269216543681538189591861964800045825541 0.1236125973035477920949801004801837933655406231991947 0.9151423425366804293920597324074606149224564433097839 0.2470146643767219712305377790628746481615962693467736 0.3820137925137352808541667259500940190264373086392879 
13000 0.06864015808971739064658652146322381781828880775719881 0.07166648036026408709976481467562869909215805819258094 0.1209276480937478637168926848266536921983060892671347 0.872875830984736394545925319832235800276976078748703 0.2401725226128364245052788927825559994744253344833851 0.3714472393765288015085503786627540989684348460286856 
14000 0.06600747697946101167178808294400127465451078023761511 0.06828478040570413379448024698836761103848402854055166 0.1171664833555735275998923271278950863916179514490068 0.8390121948286452565734377939676846835936885327100754 0.2348562353177734617694664628895218072557327104732394 0.3567882910340731593087405804087808292024419642984867 
15000 0.06382008174180645326025980781925461826631362782791257 0.06572439817719797974928741882139071606161451200023293 0.1137453202216882287825983240125982121071501751430333 0.8050101595078092116611334638776042993413284420967102 0.2259010602174172900401911620593686791380605427548289 0.3419237855897105176304889145866283683972142171114683 
16000 0.0627079525736068399885121509018670593604838359169662 0.06381670552879431025129763899172985475161112844944 0.109705695501352157039144912670236564622427977155894 0.784634047616447354803886904406340363493654876947403 0.2174851774980657824622816073900644084915256826207042 0.3303327237420330568030187728956192927398660685867071 
17000 0.06045817528855795123431332918628733352761628339067101 0.06217042717341163280753753989094079202004650142043829 0.1062879923868917316314678007949101612439335440285504 0.7853378377954501330976584683174479550871183164417744 0.2085867804940821371243722323618463576622161781415343 0.3222854068100804311128738249836445106666360516101122 
18000 0.05861529961337071336469712809491561245067714480683208 0.06013900858652329064585025444888977119717310415580869 0.1033513094945235777575285630869306174872690462507308 0.7624748778938507497030321879982750488125020638108253 0.2035406019684053339580207669934353020835260394960642 0.3148525476037132211503018208720305892711621709167957 
19000 0.05717415486026829582233465057439225631696899654343724 0.05932743726130136111042716502705918202309476328082383 0.1008755924916069406040066563923218723175523336976767 0.7711597445888672367896206349957566317243617959320545 0.1974509966283585879107641269936124217565520666539669 0.3048646265208318103493052853014688707844470627605915 
20000 0.05538782023884035219616359460581556106717471266165376 0.0577529713409925358386413311168050555011177493724972 0.0978728565821012853179531286451631189038380398415029 0.7409937058044544056054254987930818288077716715633869 0.1899975962394996896644020281663678417771734530106187 0.296077385990337323595691237931859518539567943662405 
21000 0.05471610086455327445444834014165458313527778955176473 0.05608254073028846611273946082265595691751514095813036 0.09590383769365550389797859393015144746641453821212053 0.7236367772351881245897382843867973178930697031319141 0.1876668966558304766728765625161123864472756395116448 0.2908967286920630627576785098842293564302963204681873 
22000 0.0535267804346726543123110002991849043496586091350764 0.05483698618635641203365661995594582123203508672304451 0.09466670028285971290836747077390711524458311032503843 0.7017314760162767301376537942836364436516305431723595 0.1837407661172771170980189472943244766156567493453622 0.2872285024561309327881079844768663633658434264361858 
23000 0.05277263592424216949843267417119552220583500456996262 0.05385359268661949641877613285945169963042644667439163 0.09258347774694046311631497395144840822922560619190335 0.6850235782721060250077295405990440713139832951128483 0.1789203347082850553689944636537312305790692334994674 0.2772555078517417338898262690882745573617285117506981 
24000 0.05205878630021522160702032028245511696695757564157248 0.05238067582657635662112005116297641649225624860264361 0.09097537244442383679731865472883889367494703037664294 0.6741013437584835327480610456252207995930803008377552 0.1758485407285415257874934547022149899930809624493122 0.2723639485153042480328026975211486160333151929080486 
25000 0.05112155924762627990116784816587713891067323856987059 0.05213539851741753238184920449249659668566891923546791 0.0890542402502829000756506307168169911392396898008883 0.656783512511453049112584295921024590825254563242197 0.1726383517428961883086700745959518599192961119115353 0.2659187364618012443609213618644915300137654412537813 
26000 0.05056243309545810045703916578430092698681619367562234 0.05114114112610234762985373692389945432523745694197714 0.08793394694390093792784940038287366803615441313013434 0.6378931622581997157891801897289241196631337516009808 0.1694684059337086299510668693790726990755501901730895 0.2606114302295155945828671745223559241821931209415197 
27000 0.04888985528896310519376229228316610431193112162873149 0.05016564353805317804835977625599330309569268138147891 0.086797650700842681092863750008659096124574716668576 0.6182870402366307241632560620647751647993572987616062 0.1671195692144516341037579695849579763944348087534308 0.258202568099237774010713125649729704491619486361742 
28000 0.04818258559705144751110538273164429767803085269406438 0.04950877529599469382983975042356039608648643479682505 0.08470637751813899168993465815802323959360364824533463 0.6062284281315616860379320851581752549463999457657337 0.1633870096041531014063397445057468360118946293368936 0.2497103469729548860491430070651652783908502897247672 
29000 0.04713326203047728786020890111296832714060656144283712 0.04873026075164218438715750883472033194721007021144032 0.08301685854469694648288553145976109703951806295663118 0.5947189872880942393667397238843363993510138243436813 0.1593513782811727928654050093215666095147753367200494 0.2442810796624839865672732669432676289034134242683649 
30000 0.04645676026252415177333399999570762162193204858340323 0.04744267086570984239606517916809647061882060370407999 0.08152920044099041405402531271229271681022510165348649 0.5888335694089361244140702622562599799493909813463688 0.1563502621706510525709720935139124264878773828968406 0.241272449117836694349966721040434691758491680957377 
31000 0.04543696464701848774172415236505262470245725126005709 0.0467182930793352323373341175583028928031126270070672 0.07973610968887666089493669249743668103747040731832385 0.5835227960748870373332806982258347261449671350419521 0.1540350349545458701056152225894457785670965677127242 0.2366125050833942412717653472342682619000697741284966 
32000 0.04444934261775736498642497274147444841219112277030945 0.04590483301655732961761200404404714703332501812838018 0.07878228736391701386422526873221094945165532408282161 0.578577256972627108086524444496845376306737307459116 0.1521757261719022397275036598274233767824625829234719 0.2343961474427680657885066789480887905483541544526815 
33000 0.04387464401229296380392477100462755856824514921754599 0.04475214560532722909066689724599807931326722609810531 0.07801417098399355479486664763366654540277522755786777 0.5679612863909592494955115571375614536009379662573338 0.151186370463092535922056645902866733877090155147016 0.2319442893649000112985501809159671893212362192571163 
34000 0.04301795366234847161498685598479685410211459384299815 0.04391192336625550068020967277304666964710122556425631 0.07672825894473002939747026396322127084204112179577351 0.5594781797246561814681078961264404370012925937771797 0.1483504170351534218744637624864957103909546276554465 0.2283429657330757935328495109028601461886864854022861 
35000 0.04208153171337339949561085102047730543972647865302861 0.04344406907447056538588829079083897255486590438522398 0.0762742888776313144409409010282541174774451064877212 0.5473265508025094046849236273377670158879482187330723 0.1486761417333450526330430527255366257577406940981746 0.2281806259173562047005935290999723008553701220080256 
36000 0.04143119729337439149309172368995657365076112910173833 0.04300781658019626770667834941841434215348272118717432 0.07529934980560205264965654287090401908244530204683542 0.543719374197561244844382338792243558600603137165308 0.1466863275091637499469724228995382020457327598705888 0.2243804927720625352579372074890429189508722629398108 
37000 0.04093677784676638682135707374143418491030388395301998 0.04257852818989430575952453289501065114563971292227507 0.07400807745786729183038506890701668794463330414146185 0.5301166963327917485142466713643472076000762172043324 0.1450047747501994969401492574512246847007190808653831 0.220974943434214552895789203390553012695818324573338 
38000 0.04014959805562819115975266986984237860269786324352026 0.04171475257538234936724799717389089437347138300538063 0.07311531483952917323326185089493733926246932242065668 0.5209989445078125805789828750569370185985462740063667 0.1434146231510998797053189901529179905992350541055202 0.2187621842616929979775204292979928766271768836304545 
39000 0.0397803917541048318748614451983991457950651238206774 0.04155992066484959877119254555155603014782172976993024 0.07227435984350699408533362511075637257818016223609447 0.5123599881737723436034119550708254564597154967486858 0.1410568738747568234988792601480867006102926097810268 0.2152008634634379021161650763493966564965376164764166 
40000 0.03935873985607716864424765294827590622617208282463253 0.04084218765538208027892383249202179484882435644976795 0.07129943226549974639750248753267136692102212691679597 0.5069587963855778025451005730506182089811773039400578 0.1397651123225633020057080344034083907445165095850825 0.211524457513520930366395823851721758046551258303225 
41000 0.03886457135346669569304109241592026791067837621085346 0.04015803825737863403335281727024597131503469427116215 0.07044443308900597084591492513805377484459313564002514 0.4979682691336241099873752280480232457193778827786446 0.1378354661451675066698684124499862946322537027299404 0.2092303482318690592561697197404591008762508863583207 
42000 0.03838955757578794222991628443120148972411698196083307 0.03940935017460895828156136264097675336870452156290412 0.06921785901374214897504742391443066651390836341306567 0.4952642555806709803755457505181070132493914570659399 0.1356959154793234350135956722827046405654982663691044 0.206276780122817345427188237549920302171813091263175 
43000 0.03802617898491824272494453776372047570930590154603124 0.03896337890804080251880769578121110896518075605854392 0.06841876263765522488586061020110484776068915380164981 0.4866682538442002953151151178889932680249330587685108 0.1339889776602720061152856922959131225070450454950333 0.2046717244912781649040286330309967866014630999416113 
44000 0.03780998468623047862376823635699452097469475120306015 0.03799132967339517332182883060931466445708792889490724 0.06694079387727359174400021055162390837267594179138541 0.4786947551758212441479819337919465738195867743343115 0.1317726172753721523221411351944887258014205144718289 0.2003899215402292139417278482582673859724309295415878 
45000 0.037416940957507441394117074853764570718794857384637 0.03780890806767997909567367333105725180075751268304884 0.06621121600842381893080746541047076902941626030951738 0.4710183790286803877096592774176286866349983029067516 0.1299794008665100097373945944867479340700811007991433 0.1976195955281412084205989315721652133106545079499483 
46000 0.03704808979832442832383875008783746807239367626607418 0.03719116387217389035050761278422548627986543579027057 0.06541694685996862286992293428200540006400842685252428 0.4702419040033037111786431289095489205465128179639578 0.128309561536788779002285672270478045220443163998425 0.1954236028763096725798312225386155205342220142483711 
47000 0.036413522051380870549343966510735803865372872678563 0.03688653538612311125657991679738234580554490094073117 0.06474032643215065907228407751650145485200482653453946 0.4709579525931660873522364291199338026672194246202707 0.1273462038010622574544291468745527140526974108070135 0.1941242569103319412954526332337756855395127786323428 
48000 0.03603777643320534881702060618635652389230017433874309 0.03652363352898390053979135565220826009635857190005481 0.0638956175186140464192772504825601487254971289075911 0.4669753794256895823089944380646088006869831588119268 0.1259896815648323874318190510046555630196962738409638 0.1922765624753796047922580966793582035734289092943072 
49000 0.03550319496301624067589614713869039519522630143910646 0.03585045012981800064278802703254811490296560805290937 0.0632774263305779422920721230538809720655990531668067 0.4666512412296198521763444105880935808272624853998423 0.1243303433897220893145302636484395009119907626882195 0.1904756772405979447696346487650664869306638138368726 
50000 0.03515488481809097645884761018653108521903050132095814 0.03554989155344736436470680536470201360543796909041703 0.06304135033465105700717151168688268114692618837580085 0.4614378492774216324360473523435999254616035614162683 0.1234092847351472000449524625553809897837709286250174 0.1893571872943279622419085819751138899391662562265992 
