1000 0.2398655343942830307568192874101420386523386696353555 0.2908837586538051920843732378596513399315881542861462 0.3848427441568376290703928227499019953938841354101896 2.325375494307562629575994450625842091540107503533363 0.798014740213122521510138301925607606790435966104269 1.14929961550491624704562615422176463653158862143755 
2000 0.1741708940168231266565042683613917517959635006263852 0.2151019211361662216547806225630523613290279172360897 0.2880675414729937933709137676263623006889247335493565 2.581157754256734810196019513917065069108502939343452 0.6142601193308046611659886671041874706133967265486717 0.8460049114757650322023001254745366850329446606338024 
3000 0.1433919902885821623725456572251424347541615134105086 0.1724113627230417949872916597020555684594000922515988 0.2424854647122362700655288578199808569024753523990512 2.261040308710823960218830319668370520957978442311287 0.4938831644599502236256914622369862399864359758794308 0.6996734117957513232632406341426900553415180183947086 
4000 0.1280119195671523160511007244366510349209420382976532 0.1482546255067052283943855248149468195606459630653262 0.2100790421877108387488375385032668418716639280319214 1.933174794156471547573565572530895906311343424022198 0.4264057862615590538467140457878912229716661386191845 0.6134859768868667907987073106834685631838510744273663 
5000 0.1155217521159080053377832784933243459590812562964857 0.1398001865633326689161838526920256242647155886515975 0.1924033421661103497596204472963599130252987379208207 1.642106126516484193122828727506856694162706844508648 0.3845842833400715300186650108527075531128502916544676 0.5735631221451564805803927105110062711901264265179634 
6000 0.1046056562800800495116040553233993648518662666901946 0.128507230260997644193891181751965291368833277374506 0.1761366699424771971901719502806571426845039241015911 1.444781094880437481058413351497904386633308604359627 0.3460643683120190809525407171776123504969291388988495 0.5341011799174295439189552592296195143717341125011444 
7000 0.09668165862015908559482868858681037238511635223403573 0.1198933810637163139165505508498821285456870100460947 0.1654743333844779939225929157875505381980474339798093 1.300556092778601570002401655035129124371451325714588 0.3270160083350020069326534455367294640382169745862484 0.5003512928263917843322780565351592940714908763766289 
8000 0.09101697653411395306952092962293754396796430228278041 0.1123583362650414391129970355376332946661932510323822 0.1537812140874135576393668192740626921022339956834912 1.278497149788405150240208629774940618517575785517693 0.3014872335971814953144848336918926179350819438695908 0.4659891727083424938166480999690577391447732225060463 
9000 0.08735953286059391260118343197627055474185908678919077 0.1073715205475129563916368742593210328095665317960083 0.1451938632462319671414868391123853541557764401659369 1.168313552437481584443147719643008031198405660688877 0.2915838477495116593158925449857932221675582695752382 0.4418345617278063891704420473871550711919553577899933 
10000 0.08422262731413466404307771248638481154102919390425086 0.1039179586104437655487680441934728037267632316797972 0.1357921817758072505151522094135607687803712906315923 1.112488235191119905821179048022173674326040782034397 0.274470662014297468332593016304699062857253011316061 0.4130128538229266377615218203134261898412660229951143 
11000 0.08121141511160786974235330226701279343615169636905193 0.1003424727991031747357381087581984502321574836969376 0.128004242573770663128499350258415745429374510422349 1.093866958893374192345916695590091194389970041811466 0.2587917249181122519971400691707330565805023070424795 0.3870557319230411123529411038246550447183835785835981 
12000 0.0781674392389417207232713523390454923855941160582006 0.09622871255215191926667009716944711783526145154610276 0.1231979985298035995067503223232563414057949557900429 1.039332858908897743474390729101486385843600146472454 0.2476002406935976593734503869992380487019545398652554 0.3710595954880501761861868320613311311717552598565817 
13000 0.07568091217306444806511888170885704596457799198105931 0.09332552631042908392565438102650432483642362058162689 0.118691247694959578803497023818946942697039048653096 0.9837534577950891142759069774026414734180434606969357 0.2403329333574804577930992058321102433637861395254731 0.3572314491390563197400175032836244781719869934022427 
14000 0.07321959491616023797883657658891465302986034657806158 0.09101219611308916044569924941320948619249975308775902 0.1141564085040895170007038857129533226952844415791333 0.9740074416022985243817158829138236342259915545582771 0.2314533323929444884846373664544216808280907571315765 0.3470638382392834330684300292446664570888970047235489 
15000 0.07150993751843125926739462225323329391812876565381885 0.08808892307335748033238296411662204832282441202551126 0.1096917467703011682284030582634759554139236570335925 0.9282762419762786618680772132705669719143770635128021 0.2238408502039472782634606934371035436015517916530371 0.336374245302266506956433145258955619283369742333889 
16000 0.06951872085040357469447628788183912718068313552066684 0.08460160560899780298312273033034536240393208572641015 0.1064347208874636423580196768756689351675959187559783 0.9197440961732230732756168678498909230256685987114906 0.2173626206977598682206160099483760461680503794923425 0.3261476657239502632487648803305546607589349150657654 
17000 0.06732784588393656248354098708963633157509320881217718 0.08242210767000361755024945634162669705347070703282952 0.1029888976045550697533455947185743184491002466529608 0.8950453835334173703381505093901182590343523770570755 0.2125242673597748884920877535109617895159317413344979 0.3141883296520613475129573427535589758008427452296019 
18000 0.06570609881823418900085405011668449049011542228981853 0.0813633396181000276062007629807038000535612809471786 0.1002913929688031930906322308771905227331444621086121 0.8663971489154624424267221727280485765732009895145893 0.2071632845516448330475253389315604124476521974429488 0.3030036788041933579901376916154731588903814554214478 
19000 0.06410476103699132002035386904137403973891196073964238 0.07985064160882371413424998807251142807217547670006752 0.09723414758085972029404532926410986704013339476659894 0.8448925744322670032125828509794729370696586556732655 0.2009963729442725331139933328539193269079987658187747 0.293836424819109959575245960561318270265473984181881 
20000 0.06260256379522962229901327305126024214132485212758183 0.07788214907516807622141295081030776259467529598623514 0.09505875390090469692990935920984263418631599051877856 0.8451911021814734820069466014746950577318784780800343 0.195779167638315870723637705796971175686849164776504 0.2861585975131182656811760361970087274130492005497217 
21000 0.06131197310300443586807465044807852194708175375126302 0.07642335377940185039182799039969573584585305070504546 0.09229993118057319627747271673090523336213664151728153 0.8411535267873673419160643338621241582586662843823433 0.1914974612360204986278655950315830125418870011344552 0.2790279836674390096190687821087195175095985177904367 
22000 0.06002765453685378145342937603046173933307727565988898 0.07514472427930354465615107872888955853341030888259411 0.09073482338899428515218087767935095655502664158120751 0.8129930137652563009180613218251920670809340663254261 0.1902884992647016923429572482495686358561215456575155 0.2751428665835021988861092828715371183534443844109774 
23000 0.05955478538031174966596321268541558424658433068543673 0.07362569777608699166012709222406407150174345588311553 0.08912187108975567834194238606149163217651221202686429 0.7865835317093423633013314633100065975668258033692837 0.1848753560801590915981234414244838148988492321223021 0.2686811336766686823709481685140687545754190068691969 
24000 0.05859915427098345606324878223625240991623286390677094 0.07180554642853329741204954431155194072289305040612817 0.08715419604498548445439256790456816759160574292764068 0.7723983165647552000536608940439720072390628047287464 0.1798786484407056059537386230595679137422848725691438 0.2610003670190131068614119297377484940625436138361692 
25000 0.05821927659854215383896888259818158672942445264197886 0.07027092544009567347192439165648458754276362014934421 0.08531644719029378653535290386034084519906173227354884 0.7509825774084586299237688289398562346832477487623692 0.1748665392899318969948015134452390384467435069382191 0.2570018746300882190398886389948174269193259533494711 
26000 0.0574570273132596597698415127886129027956485515460372 0.06890390999462905004843520095914044532037223689258099 0.08330850947946996519933183372730312044041056651622057 0.7430545276156482241100044439097160875462577678263187 0.1719892931412202955468926032778220758245879551395774 0.250648783212620612195938030186681544364546425640583 
27000 0.05706789153829975598831449577763574865230111754499376 0.06797834405520412938281815326546642097582662245258689 0.08212115380416549978448165908462286211033642757683992 0.7194108384773063283768208819868306136413593776524067 0.1694582798776215649413185923566338431101030437275767 0.248259572645057867174445825897421968875278253108263 
28000 0.05643463546370856329957902373928302353078834130428731 0.06717905086952780686085579323063576850927347550168633 0.0806768588691154223189842820129769052073243074119091 0.7185329914319842847737936086804921842485782690346241 0.1656590191340732684982832087494664108362485421821475 0.2422361190413889706502794871290085154669213807210326 
29000 0.055584144587559137515927077527466693140922870952636 0.06675714701229161273992804281895985241135349497199059 0.07904788855198220484150764889030860160801239544525743 0.6995153105312193226195810469292268862773198634386063 0.1642132148115387605297492076839027674850512994453311 0.237206802188274915003268240865086369240088970400393 
30000 0.05514127191802814049860037397265966063741871039383113 0.0656434703282048528097869163899780176052445312961936 0.07753843121936968507489475535554568352836213307455182 0.6860293784518618808777358497597020914327003993093967 0.1613602062798794654463040848524357784299354534596205 0.2321349492198810331568346182473661087897198740392923 
31000 0.05452587511120947985903285176734200945247721392661333 0.06489030117250380984430342332092145340993738500401378 0.07666968408810029258826151607464360893118282547220588 0.6777413658200996859275015704593414511691662482917309 0.1587082780108419306585145272525672055508039193227887 0.2270988402450441254578142324938028195902006700634956 
32000 0.05431978643604431832847003434883159656010320759378374 0.06340246032920924422530929362440410557155701098963618 0.07564602773013401839263987469497152460462530143558979 0.6600541579351632289320364610496483237511711195111275 0.1557412494726484955152780859100047905485553201287985 0.2222280754076799534494149335195345429383451119065285 
33000 0.05360603093981039458511771676751944681882378063164651 0.06249140381045114979178720614194642024585846229456365 0.07469588252353487772036266106878699133631016593426466 0.6451894861527629848564277526001831120083807036280632 0.1539747187698139464627098901838841982225858373567462 0.2194557812341042328632733163229495687573944451287389 
34000 0.05260664505454413368329327077566048842527379747480154 0.06170763056984012659829342758999182194656896172091365 0.0738338473814406630476268877938395007731742225587368 0.6500236473847323343607136625355025216776994056999683 0.1501833166491590441969997127280578297359170392155647 0.2147873159799248399780269291881040771841071546077728 
35000 0.05203932913061979362100801724255738633928558556362987 0.06076662363466701019407362541202566319498146185651422 0.07339783644174738164736799053700089245921844849362969 0.6340754787594477125036579456818230937642510980367661 0.148750164953682848729727035419490022150057484395802 0.2137215634284023870294918351353530283631698694080114 
36000 0.05125401360143523390457652444407443681484437547624111 0.05983481635223447924067747757947977049752807943150401 0.0726049845468461995835339657656692935461251181550324 0.6335643609693923457748705729830618338382919318974018 0.1473702227877794108685388652091319272585678845643997 0.210274946570701671346185698818764819861826254054904 
37000 0.05080843391125193048786555863327585313982126535847783 0.05936260474943470162194130920751966584703041007742286 0.0719063800867028602502675251051389437861871556378901 0.6281537137041532609191968328232746898720506578683853 0.1461052659685084975958258360351216254002792993560433 0.2059012665693874514116941398800264551027794368565083 
38000 0.05037309358742600767227669440739834527676066500134766 0.05878944610408705882131528627776440032448590500280261 0.07093047498981201235790199077779760727935354225337505 0.6166178155624557800798882234438735849835211411118507 0.1441115835186285862789742906464596217119833454489708 0.2038170897967490333065618615671077407114353263750672 
39000 0.04979788378158990282219072305569529390822935965843499 0.05820849941204924293334100997288071965840572374872863 0.07053777240345756535812955442810157080657518235966563 0.6110072426406464661638624769057770436120335943996906 0.143380350051112909258530653255903075660171452909708 0.203074306456768553184313516601910976078215753659606 
40000 0.04994633950258459083437604687782940260376562946476042 0.05792114959378438675865466075953769120587821817025542 0.0699529177876160348958554067999582315451334579847753 0.5999042691047078778112701391567185282838181592524052 0.1424413530670646265731404955801053802133537828922272 0.2001052575732018417193356155103778348802734399214387 
41000 0.04982536784515145525311253377198639213929709512740374 0.05773137166592115491104038327296876786931534297764301 0.06953090153316016692618042188689386762234789784997702 0.5918226493304634335825518964835367796695209108293056 0.1411407433422864491555327390304164225653948960825801 0.1990350533735554936127804676049279919425316620618105 
42000 0.04929879307194995351315666871905296630984594230540097 0.05714683645209934956368845807017642357550357701256871 0.06923701561640093796146881027775421557635127101093531 0.5803779077632537719902416917250320693710818886756897 0.1409209589012909517847203788587506778640090487897396 0.19677128558308984616832988667756154654853162355721 
43000 0.04913080558564938634964064378962689261243212968111038 0.05654021564089103691350471359022833439667010679841042 0.06794339487381604567761044302653949955583811970427632 0.5752959904132916507191533583842613097658613696694374 0.138286715692980876398626710610528789402451366186142 0.1928809028518355215561048618400086240853852359578013 
44000 0.04870453543196358742330782584661896805755532113835216 0.05604666895390765859341240459623456615645409328863025 0.06745977002700508460685414197088860532858234364539385 0.5642567917973316137165464001501646862379857338964939 0.1358152371591640396336240700914110846042603952810168 0.1914971361388759719712781073863716585492511512711644 
45000 0.04859295745291037194426349982157020690465287771075964 0.05564513406083094652511259782523556083333460264839232 0.06703375802805827265458795197194952208974427776411176 0.566883262772296792455020697509837646066443994641304 0.134838433509563312008138619146890846423048060387373 0.1890526979946206216810647773862719134285725886002183 
46000 0.0482241201227175551341670983046538978555872745346278 0.05514072354970435111377814914324080319829590735025704 0.06625885239705115953512621143617344898757437476888299 0.5567606482115439916601856706890316672797780483961105 0.1336383198096428601364888191782576143395999679341912 0.1871216510829797147820756017533305737288173986598849 
47000 0.04810834694252334858889674253090706912416862905956805 0.05459459529442593234561508647173511121764022391289473 0.06603930586200961595875081472373224755756382364779711 0.5539038782123384075588116981503361557770404033362865 0.1331640450737456670532964098097039595813839696347713 0.1862479105584177080829092962299675662052322877570987 
48000 0.0479280920160182429891912534586362326649577880743891 0.05436129327701071603263236267644664678755361819639802 0.06561352713036415525561621808758872020916896872222424 0.5469335756053036947006706913754214838263578712940216 0.1334464199954793467683402882761889429730217671021819 0.1860046115732088332597087346198527768592612119391561 
49000 0.04772185307706346151955176249082057893247110769152641 0.05394731692028921995904705913305043907257640967145562 0.06495061282923477377892204978615531274499517166987062 0.5405813291054853483440408024041090584432822652161121 0.13165051982285577325158202471877544326162023935467 0.1837868058430697176623951766272213603770069312304258 
50000 0.04760043733314290915031017671632529442149461829103529 0.05370655049142181614802772117445162081139642396010458 0.06484141887473401507730125584161307017438957700505853 0.5331141801017341511634631268101713885698700323700905 0.1301541033352233914114140511664174937322968617081642 0.1835511954706860649784569070042117289176530903205276 
1000 0.253843785469470874076054062173923853151791263371706 0.2933897523301205226254305402644462219541310332715511 0.4040307782037474556777190137779598444467410445213318 2.247824052952774224502230371314226431422866880893707 0.8212697858331905901370546818629492236141231842339039 1.224323906014939421010509490450601788325002416968346 
2000 0.1875150374014101148356908205228066321978985797613859 0.2140416542485496741019717140130929067254328401759267 0.2966085254463539045083689260629000727931270375847816 3.098452500105680540139554968170898519019829109311104 0.5893477650008075600712373343093020139349391683936119 0.9293233702161633854785770247897147555704577825963497 
3000 0.155092343024493721742422536191696735841105692088604 0.1771821489901405919157022922361122141410305630415678 0.2517795917749037908376849581593148741376353427767754 2.469772682674557598599129892846804068540222942829132 0.5004643892095247507956212729141043382696807384490967 0.811289827164018095828623700072057545185089111328125 
4000 0.1323476974717866058473296139719188602157373679801822 0.1539156882630701206923599932974155990450526587665081 0.2142224353475100344780350514195532696248847059905529 2.133933201280683714107233583945344435051083564758301 0.443321423704126662380204867974775595484970835968852 0.6782902796539304880155292487575735549398814328014851 
5000 0.1185200736956675033421655489351831391786618041805923 0.1355456984727883238143943817055614431410504039376974 0.1961477348665291807727198078459274199758510803803802 1.811915730653155661811042065334476092175464145839214 0.4062974200381685726353106491437472413963405415415764 0.6153792848509951803883874510425755488540744408965111 
6000 0.107253588843850346793611441609250789497309597209096 0.1260704064224354674491820893500459987990325316786766 0.1793303517494567914347365980565207621566514717414975 1.638452583031052426417589762408510978275444358587265 0.3662461548912706667301478202780629089829744771122932 0.548825390470029983447375343530438840389251708984375 
7000 0.1013449129104816451513518260618695876473793759942055 0.1145864997001481010201673002568689696545334300026298 0.1651056060360671331235229639111672383933182572945952 1.487432331585430304973956261438416959208552725613117 0.3376019418427220840210091490352084520054631866514683 0.5142226379400392591583097978702454611266148276627064 
8000 0.09421416618003569347356137772542261643593519693240523 0.1065175286360135002141844018375138603005325421690941 0.1522734961459518491491606922982882110773061867803335 1.327124004396457608296981678375203728137421421706676 0.3157463767505553101859038650500721701064321678131819 0.4745617439707095909073170103553707122046034783124924 
9000 0.08708210541898837591821749132270369386787933763116598 0.1009620555853541537099380201447651472790312254801393 0.1452925396573016308168204910322707235081907128915191 1.214058827341216703025322809494923603779170662164688 0.2947657333256149390812543564788228422912652604281902 0.4489241549956372579453529186865878841672383714467287 
10000 0.08342634022292547467749852102558705269075289834290743 0.09420089608200070277824189624027440004283562302589417 0.1381116509735219861725302042954055536938540171831846 1.131665007633689784376229692242077362607233226299286 0.28088855950666335577702546755229917607721290551126 0.4320478722456187509366742904859393092920072376728058 
11000 0.0796705161590072683506797562857926209289871621876955 0.08988254631087400288344231927273320081894780742004514 0.1303422572021938202757596059200295712798833847045898 1.07040739138649585956465648539648327641771174967289 0.2646963098197463213170129575635414198586659040302038 0.4085358614413813032315882234346560153426253236830235 
12000 0.0753075952448431958899301846832585738411580678075552 0.08657927452704041209783584337467132741039677057415247 0.1250720415802244948172937399899495858335285447537899 1.078451142094913392868726909057386365020647644996643 0.2556596290281773574523584841022838531898742076009512 0.387933986970666784327085863104400687007000669836998 
13000 0.0715957057915700974774905404607316938836447661742568 0.08246498747124577665849410115783690855550958076491952 0.1199098735955878050314996063896444411511765792965889 1.044934107055242478927052640624850710082682780921459 0.2513459075015946554058996614822163451208325568586588 0.3732071867922189235767995579839961806101200636476278 
14000 0.06843756891567553207690512845351449300324020441621542 0.07959554194226801891449800396838298865986871533095837 0.1142938701748163993917825100032903407054618583060801 1.008047371390560520225919416414939178139320574700832 0.2399834204449267381674751331566142198425950482487679 0.3569260861358701346357502615092016640119254589080811 
15000 0.06573086414176846893836839158531404336827108636498451 0.07669483687656540018342003414697494179108616663143039 0.1096155031716960384744353335095823354095045942813158 0.9857114903271645377767253004552827633233391679823399 0.2308033163932156850103351308778343309313640929758549 0.3422184203061664478564152941375553496072825510054827 
16000 0.06350229216297499315889473273100129802060109796002507 0.07558939363653315440116789783453477014063537353649735 0.107405288446438724859837397784811940937288454733789 0.9458313217735407842003819700593680863676127046346664 0.2228194988796411642092412316862315435628261184319854 0.3308043186367199979384425001516234488008194603025913 
17000 0.06193446049226727183730162665242779951313423225656152 0.07321393373966656202339250980593021722597768530249596 0.1039622409608210269673245901289604375961062032729387 0.9230836536310266598158447148847471908084116876125336 0.2172992347997360328555301392516874159355211304500699 0.3211279660622060465357315711676378100492001976817846 
18000 0.06018744983202410268695705178321198047797224717214704 0.07173208691997525274100869219218168382212752476334572 0.1017998148849991393527177931110916375700981006957591 0.8944898006365359021080201074038740216565201990306377 0.2088598579288743972638860146862072042495128698647022 0.3123081698843827484573208719265124955200008116662502 
19000 0.05840410337823733468657749073882357038201007526367903 0.06952904096960794982110144399345408317003602860495448 0.09966130886320299070012685566100074652240436989814043 0.8601572539194211914227033988211701398540753871202469 0.203737764178945119860914686471531354072794783860445 0.31036622781988000728732070288007349745384999550879 
20000 0.05683152917779952356173403700545510019992434536106884 0.06713154562933894114985181739152508839652000460773706 0.09756172365671927560788626379584265180255897575989366 0.8413743988703266329324398364875037259480450302362442 0.1971717670108773145842872079325225342927296878769994 0.3040533057320183295290684510892020853134454227983952 
21000 0.05526137291118966771150187826389110767877355101518333 0.06566136864265213629203226872177445727629674365743995 0.09330829557098200185272359949428810921290278201922774 0.8109855201243664250213699640212894337309990078210831 0.1905094035312917954830876782201798391724878456443548 0.2913788878621070441924788968490744878181430976837873 
22000 0.0537532113537264144730227523327759087123922654427588 0.06351833033046210543685460708784873418153438251465559 0.09082854986164891898490917135355893208270572358742356 0.8057987790428476877562478930538958366014412604272366 0.184904992987208197791071384585848136339336633682251 0.2819357507486222567678457034956451821017253678292036 
23000 0.0527458735620071182968781123290291645844263257458806 0.06220835499734340046009556379758009825309272855520248 0.08909323695062620341569761123201587338371609803289175 0.778032007137610311174168858938671178293589036911726 0.1805998813497148379442853657894652030790894059464335 0.2728781705382332795604711367376538078133307863026857 
24000 0.05212472709508149819502978786212032957791961962357163 0.06125178432987227519610938172855973959940456552430987 0.08733667767402468756906489671942850350205844733864069 0.767788662189519414546113457165077420540910679847002 0.1758963150326108095303744016657532256431295536458492 0.267242335916141065995646139419328335407044505700469 
25000 0.05100835873008663386068213714541474956831734743900597 0.0601559005858064758176853830534680511732403829228133 0.08605462788587657976661395020645528575187199749052525 0.7473362253265261796763598012294238515096367336809635 0.1723182300281103858689227964484658173205389175564051 0.2642759030192570494845628187308150813805696088820696 
26000 0.04999326802184970986497381841007214831051896908320487 0.05887756109880104810305441812023907743878226028755307 0.0841723706736591691568351997210228887524863239377737 0.7374546064919459202840860967409497561675379984080791 0.1675019230394724729709884925021867729810765013098717 0.2573618552525258766411255656469947439290990587323904 
27000 0.04903966909440803569273097280156736843537146341986954 0.05747936435989519957001268012086736547416876419447362 0.08173237646198972763034087257727478004198928829282522 0.7372538143153938378299497302670317822048673406243324 0.1646442679568450525743944154455355999289167812094092 0.2507688987159369103788816163236319312090927269309759 
28000 0.04833975182408814608788112654469415474522975273430347 0.0564055478508817921068710377063837313471594825387001 0.07967559743747532547731866198192918204767920542508364 0.7244677560654674332860439300851851385232293978333473 0.1614223104968234209901983486346033203062688698992133 0.2441066646550839652133994828187013581555220298469067 
29000 0.04777294941846246758662577862331044542543168063275516 0.05574952371072382407849246654940600365080172196030617 0.07894362026545727715765845763917774036144692217931151 0.7102507673119561892611378839390567918599117547273636 0.1583477688687735952094686603386364254220097791403532 0.2415937131748760810382239960780736964807147160172462 
30000 0.04708304976703491131798345707692998729498867760412395 0.0547563137282390266276246946347550093037170881871134 0.07785234146477033562134617908356837290284602204337716 0.6975770666212167662079308982914227499350090511143208 0.1558289337959897961449588776883246055149356834590435 0.2390631014936905848517097183947299754436244256794453 
31000 0.04618996111656272793996526500326371689197912928648293 0.05411026233609264251159872045893184377973739174194634 0.0769079420117837159149654438494714270291296998038888 0.6836440230338825447577166816159888185211457312107086 0.1533195390890304824404663519565872320526978000998497 0.2364028909893744435981267557056462180753442225977778 
32000 0.04558202267505003607935996565170277960987732512876391 0.05306086278271695585154925714488349797193222912028432 0.07481406351609177639468140075251767484587617218494415 0.6667692331238750486316173293754872020144830457866192 0.1499979703687088065141696374693580651182855945080519 0.2293785572686680993215657328732071107424417277798057 
33000 0.0446526898275273128615346640568617431199527345597744 0.05193146714143441922223952932069490628919083974324167 0.0730538846473498307390647202308464613906835438683629 0.6511578939930440629280626596564474084516405127942562 0.1477127007581360587336934825364309631368087138980627 0.2248849000250089403825197453823392379490542225539684 
34000 0.04329957565794035181575396056818938461674406426027417 0.05127977090578817564637159782947595232371895690448582 0.072232323086834340566410837813915435390299535356462 0.6432274197491009038330639357994300553400535136461258 0.1457594199482255932839988230020900061845168238505721 0.2230415746644996327673407532365956740250112488865852 
35000 0.04272133253251913635286968369542126566784645547159016 0.05036212570658264817569788052153967328194994479417801 0.06997480718293511774380326329048074285310576669871807 0.6390739933356755907048300791029049605640466324985027 0.1429274693273330396422636165421060638891503913328052 0.2187511566080797723672559523810932091691938694566488 
36000 0.04221608752082616767195284539215816010937487590126693 0.05027610884641181623278742389426820835751641425304115 0.0685177348079478770040483086301019710617765667848289 0.626248835729230483404354756782339563869754783809185 0.1399320710626992512890182443485720398257399210706353 0.2161780963046156172973569914441682726646831724792719 
37000 0.04133591240416743402592164059738966130908011109568179 0.04979634947858354758338226588032515707027414464391768 0.06758415045847581365754666235523551165442768251523376 0.6170762402349479557690445363782316690048901364207268 0.1376935445900308653305495198981844851005007512867451 0.2120944912792754685233872699590129684565908974036574 
38000 0.04061978678174136614666633014747443297665085992775857 0.0491223668615282800250598869290508119433980027679354 0.06621199159614272908926145902452908842406031908467412 0.6047629852020589937607736308322614604549016803503036 0.1349995161123385382120854966703227262314612744376063 0.2078007891089391792030678651759245667562936432659626 
39000 0.0402752662519326742794026786215200175433892582077533 0.04900277352596684644377286396710324822834081714972854 0.06519366751379923874941142020178475036118470598012209 0.5996706936848631472433863998094949465667014010250568 0.1338731079729968498028729387283597418445424409583211 0.203188807199288944160039255271144043035747017711401 
40000 0.03978482680335325367336441956811476927668991265818477 0.04844253605927445280744225025726379385559994261711836 0.06441100005103663072463827943270331388703198172152042 0.593200415410301354519895244976623871480114758014679 0.1313762527465164159357329659583157877023040782660246 0.1993601369279266953120919106390296349218260729685426 
41000 0.03920677862158200461056519782465645818092525587417185 0.04780489586255258981526360638480976916753206751309335 0.06392526305138998158955274120351930378092220053076744 0.5882579251081215380731609387865432836406398564577103 0.1304660153032038242832801183679336531895387452095747 0.1968568310842025860762623604149901268556277500465512 
42000 0.03900521612772399772367916750970273653820186154916883 0.04742673564684981755032954463258132449254844686947763 0.06327191794075421762521670848711252688190143089741468 0.5873503911020457186583157427328671928989933803677559 0.1293577837528380392788460856445809099568577948957682 0.1940003150380307292812223640687818715377943590283394 
43000 0.03868915313641943605870300408600126473857017117552459 0.04738387821681908584035836096148841534159146249294281 0.06277145123533366045020989026914648434285481926053762 0.5793232435817300662308712566606061500351643189787865 0.1279645467709008060458930264302601642611989518627524 0.19214664120152290051920900004756020962304319255054 
44000 0.03846260125781183514292235064990777004823030438274145 0.04639865953558947627414664124922971666364901466295123 0.06213087357884088923393509605597184730640947236679494 0.5708357335928405763359264057932307423470774665474892 0.1262053518014775906481679881854240932170796440914273 0.1895574517761597292377301685051271817883389303460717 
45000 0.03781096751358488576122245106159169836246292106807232 0.04571611416922010502698588488290631914878758834674954 0.06119638063656452140723395263788297882001643301919103 0.5645549211349042464914115002638794749145745299756527 0.1242602903895803315796587083796875816688043414615095 0.1876217211756126347676001953068691818771185353398323 
46000 0.03729016833314360803545181415052933715514882351271808 0.04529007998599534992216009490761940980974031845107675 0.06016306608030947047493098428505575725466769654303789 0.559312447801812001580389066557330579598783515393734 0.1220037286569769013349511833921301473537823767401278 0.1856451231368671359365325398971258152869268087670207 
47000 0.03679739769656075281298291367038100219133411883376539 0.0447467796045275267699168047358382338529736443888396 0.05922294930132175721620426886437904556714784121140838 0.5524978610544680557650765173605122981825843453407288 0.1207905741717801047157101503037868184264880255796015 0.1825751918853409226406762574934639076218445552513003 
48000 0.03651279349863379180727521872151797310834808740764856 0.04412562351529444888614058147002783272228043642826378 0.05878279391083690470843942273149185240299630095250905 0.5469159894619917730812334866197232940976391546428204 0.1194055219363682423085529227257950424245791509747505 0.1810327520537217114472705592476131641888059675693512 
49000 0.03606602981128337353415938548728547630162211135029793 0.04352713599199013414111194067435128829401946859434247 0.05804746673169196598189947290669099544402342871762812 0.5404536893469324725287374067139722910724231041967869 0.1177051186943915921762852244691899272766022477298975 0.1796916004755066029153435375187441991329251322895288 
50000 0.03563386004748704386814461830823574928217567503452301 0.04294994487845981685585333015309217330468527507036924 0.05740468173022846059272970321851747854680070304311812 0.5348746301906450873321456629394532455989974550902843 0.1165205186897411413399260407541824235977401258423924 0.1774238186131951277430245789146212587183981668204069 
