1000 0.1224470853091653794865001185498964986209102789871395 0.1310557804943756405642455234450416412528284126892686 0.2063554512245218524186781208773489026953029679134488 3.438069173085675849736025933012228961160872131586075 0.5701009343853649533268371230043669584119925275444984 0.5306166687878508692738366292473983776289969682693481 
2000 0.08556190374005360808033629829716382175774924689903855 0.09208188837518864584775948184391936024439928587526083 0.1424224365611407049813296951668029066695453366264701 2.282533159615483040697642147520696198625955730676651 0.4124920064833035439171016189874308111029677093029022 0.3793158551218203624244475896665207415026088710874319 
3000 0.07205020086626144949646039297719291027988219866529107 0.07681000972684138636682564527102812235170858912169933 0.119507855340711858851423209093578492456799722276628 1.878484818153880858563123390503335485846037045121193 0.3405639442113142710229830439905285288659797515720129 0.3187532941444507802563734094603020707836549263447523 
4000 0.06051908865593499710027847009186086069121301989071071 0.06496483262111137251047614238341765258155646733939648 0.10537832988575042146074146887091416147086420096457 1.580240734710616233907841399197735654524876736104488 0.2988549782729978743288194731331230968862655572593212 0.2735974942119806972912806480868752601054438855499029 
5000 0.05444187803935947200686777669442761862228508107364178 0.05854945774581814271373889080329888656706316396594048 0.09360092598701038427323880761199426103758014505729079 1.4225536154761998219051358227638104381185257807374 0.2666953062431003322716067949205154263836448080837727 0.2437046306180556552500654152182413270111283054575324 
6000 0.04944561046906996853729076429884159438188362400978804 0.05257330098318361803072257948388212867030233610421419 0.08447726295472895743742100180262433184452675050124526 1.267892356084912602008640813977535799494944512844086 0.2417054716866183730497683740390257867147738579660654 0.2276417315523952958409951985441210808858158998191357 
7000 0.04611040656385319557123022259081945861680651432834566 0.04973308755150260832816736834838255987278898828662932 0.07855350087138019517311567432860108795011910842731595 1.164515034495167114438757272054658642446156591176987 0.2229236640509177413347870547188911416469636606052518 0.2084929079830767448283266804476276945479185087606311 
8000 0.04408018764116813739638018991573442662001980352215469 0.04714738136448382160655795093673336992878830642439425 0.07413154378943059048410937211803783952746016439050436 1.080796627007751844616774417051630052810651250183582 0.2088102170787027109791949078254624794226401718333364 0.1945444446315468758917531164054359749115974409505725 
9000 0.04161755308893550739344504262040569386726929224096239 0.04482403583367544456383555970258036893483222229406238 0.07057183881576385431073483028852066922809171956032515 1.036923695285059682648191869969167555609601549804211 0.1957484306531223174817563439931156210604967782273889 0.1872621823700794429964347140304958827528025722131133 
10000 0.03905994777759709600276571105081924173418883583508432 0.04237847882305502442447093895683263298224119353108108 0.06725517378370154708859193770642548315663589164614677 0.9721205629911422067888741860297585617445292882621288 0.1863805520022073046590080358519969649933045729994774 0.1756107860084946088253046725391470772592583671212196 
11000 0.03715681025652939270125007034661912541650963248685002 0.04087221502474527622792333132750730584348275442607701 0.06501081055140602257846373090988123522038222290575504 0.9162553849152506936807591197968747565028024837374687 0.1774199709729835491351561740924758225901314290240407 0.1682447295974212789053132272032442529052786994725466 
12000 0.03535164497866283059816653114304507710130565101280808 0.0389957920175419237963454575229826915006015042308718 0.06138853647636012049890945167784916947084639105014503 0.9208487425776896811405354548174528872550581581890583 0.1697042642412248790738426088009482839424890698865056 0.1607514041626329715574698561719735323549684835597873 
13000 0.03395918996155138409203701199690073053716332651674747 0.03798149001189779670008056164376419872041878988966346 0.0588615216328859970154889665050479408137107384391129 0.8712953230614170834172731161526570531350444070994854 0.1630278841712816891333041185996322042228712234646082 0.1533581177370720016593002091309649870254361303523183 
14000 0.03274144131437849362904280239860987933298019925132394 0.03651292133292722730212730326837533567641003173775971 0.05561559039148184172148513260136581948245293460786343 0.8382699439191048245995779852890450456470716744661331 0.1568219008962283535034811302044666092569968895986676 0.1471184704740333916206168271556542492817243328318 
15000 0.03151733243987012733316305755637554142367662279866636 0.03533299331246688621915820124885776465362141607329249 0.05355574407769580823162041544049927210835448931902647 0.8394043908482135516206310010822733147506369277834892 0.1512184937171629082108478825396957745397230610251427 0.1419625088616708014310719906947433344157616375014186 
16000 0.03034691827534582030760352926168632592407448100857437 0.03377866161495354208502508476519299307483379379846156 0.05218281344017461382078326530276068950797707657329738 0.8146049861203591359488929146692726135370321571826935 0.1460752387650533994876153945363661534884158754721284 0.1367126758923572866572448622490831837694713613018394 
17000 0.02898129756274941340900687478804309549218487518373877 0.03277246860981500452646825692626375570171148865483701 0.05024462600074579484373568476207605471017814124934375 0.7990983246587639640527191142727048145388835109770298 0.1412943888045036605166345292095009256172488676384091 0.1324857911729510119049069150065633948543108999729156 
18000 0.02819290826087681397336287027199919208442224771715701 0.03162310802300239378871747446264617309452660265378654 0.04863943606176441957221522408016944893915933789685369 0.7711466390152420544244066258343650588358286768198013 0.1357333862303523570007465423592485365134052699431777 0.1280737358109922886844267084227588782141538104042411 
19000 0.02752808979476959617379075700299706497276019945275038 0.0312394145271322251176807690414838347692239040043205 0.0475065828214985563804090978878846840416372288018465 0.7509297014083791227357853048651747940311906859278679 0.1339637894684895171607203270824903995617205509915948 0.1246893833870702516668270767863369030692410888150334 
20000 0.02686377829380968644970106937869269714269648829940706 0.03046036512441558652036007349278579070528394368011504 0.04680586070314620961063038599714314358379851910285652 0.7258419398932764108061006791405844751352560706436634 0.1313460281483249720869141766166343643362779403105378 0.121735390109341056143383869719842849121960171032697 
21000 0.02668332089715414961313361217470907504889510164503008 0.02998503532173259491594658268653894594990561017766595 0.04522679966240710423177186043364184087067769723944366 0.7191938833614744002765972741286759628565050661563873 0.1285628745179362501761203413375156401343701872974634 0.1184257759931208234442461500746102132097803405486047 
22000 0.02595963311474019783635716618341859884822042658925056 0.02896970057245294546857238698889247530132706742733717 0.04403237319612362515034364660038157524013513466343284 0.6924610805980016161979839761642097073490731418132782 0.1260606035683602899803799207711918484164925757795572 0.1148404883381571647403985442226215241134923417121172 
23000 0.02524816019298808426481162646426437135005471645854414 0.0278911693178217226712841151844979314944339421344921 0.04251302219107339401698328167078511086174330557696521 0.6784107254796310916122176193354675888258498162031174 0.1237413028559485641874452800659245355063831084407866 0.1116945552629698830993131876410107139463434577919543 
24000 0.02445564906796139913484552930178494989377213642001152 0.0272725986021915725092493740580601446765740547562018 0.04163980557912412349086351756599633233690838096663356 0.6824596115663983832274816498930647412635153159499168 0.1208347480962012234284651095161944311939805629663169 0.1091558122682272870244035885278766073724909801967442 
25000 0.023996818300256169769512954066670307184949706424959 0.02645403486415192157918657017701136169307574164122343 0.04059933763687618046600872820373062666021723998710513 0.6685431954327572787763304951180742818905855529010296 0.1182339225194507675739631277767038852744008181616664 0.1059188073260572677511447484133277896489744307473302 
26000 0.02349174411036823387758558714932810573827737243846059 0.02569824867457923135237571245909071748769747500773519 0.0391924953453095050953203064281193945816994528286159 0.6575793946670276252639865399718388516703271307051182 0.1152357731490325335293165888439492761108340346254408 0.104536843060747437665158974390289259304154256824404 
27000 0.02306255642822165450110509250097878819474317424464971 0.02536083757822788720716073850719451954205396759789437 0.03860641618695222339015856588551045547319517936557531 0.6434428660437969233702043547751259211509022861719131 0.1132897091034441880246213391059129094173840712755919 0.1023217504168068555398126394384572535045663244090974 
28000 0.02259395683132118142100337992300707057324871129821986 0.02491908334587851713931528838119611179990897653624415 0.0384344917136613312224453168491900001413341669831425 0.6270110309776753655468771453396215065367869101464748 0.1118320493592349037888429054421468578084386535920203 0.1003312259747549326424349673547720129818117129616439 
29000 0.02213609589146324051477402947152306467160087777301669 0.02465092026362450424904087555033616041555433184839785 0.03769877891698438904697038114022245025580559740774333 0.6210203511587877870303228688975138993555447086691856 0.1099197391273157638444412688427664903656477690674365 0.09822807669454509154125096057064148169502004748210311 
30000 0.02195368036782533142524300590059382898289186414331198 0.02451709255712146609039003668228939858408921281807125 0.03735337745776042538972065015778767360643541906028986 0.6061666161264460500309250723383058812032686546444893 0.1073170388841224238187779457809334360263164853677154 0.09682179808792902430552868714430658769742876756936312 
31000 0.0215313311277738496883198430695283143165852379752323 0.02396299933386200533758287646579621110731750377453864 0.03704071944598919440279458266396250820662316982634366 0.5915304547071180734296377834446900578768691048026085 0.104842802321748119285930479771540291267228894867003 0.0955746701561380368708411951750303359176541562192142 
32000 0.02093082486634155505770779094609768122836612747050822 0.02356374715630120720240617791796378099888897850178182 0.03638742019684682682767419212299664366128126857802272 0.5805569028362174215877195004864574912062380462884903 0.1033750868431411623998253564160609840882898424752057 0.09449266447360887753546951003946752223328076070174575 
33000 0.02058952056292890189757058098940500912021889234893024 0.02318348812324693835077923931287102732312632724642754 0.03567509329302165654951924274318475482914436724968255 0.5725602875069032168353459766318991341904620639979839 0.1017814885118048910548011268262236228565598139539361 0.09329561515333132269489147328500600053757807472720742 
34000 0.02029138420864819518420478668130346733278202009387314 0.02302701224819691652314170883519839350128677324391901 0.03525289651777382820971784224695078080458188196644187 0.5653073678525603509414237946018033653672318905591965 0.1005387803067399521127233720518834303447874845005572 0.09249258255682266197930316287134644426259910687804222 
35000 0.02009877398788370699609740020058490372889536956790835 0.02286870439133669548238279780466575274999740940984339 0.03450550786634630283950127792313988805972257978282869 0.5578154090846715625734951460312771587268798612058163 0.09935612363974822442704796371382158781671023461967707 0.09147000220284256526864265224308070401093573309481144 
36000 0.01977683108696800311211933063454404546632758865598589 0.0225399091984064495891582069475589378271251916885376 0.03381796190163449306289775685152587669790591462515295 0.5478374634473388611480629273309261861868435516953468 0.0980222722833065177988056890234780382797907805070281 0.09042787084297499275209507654804674814386089565232396 
37000 0.01940437900918713679916324538893279694207194552291185 0.02219570090882002262610856596625197312278032768517733 0.03356595465036622240941359060495408073165890527889132 0.5422885826115744668666010519508802190102869644761086 0.09639438976093983599074087320612846951917163096368313 0.08905523681697515905322185686410207949847972486168146 
38000 0.01913904263621885808918643683690374857064853131305426 0.02203675044749647598568600536522721355936482723336667 0.03325627694089286529139054375547868147577901254408062 0.5342437973832442199150112582817229167631012387573719 0.09559950893353278402679151087850684120894584339112043 0.08834141424786653379270856198401951075993565609678626 
39000 0.01898500187672933118575627729762711481953374459408224 0.02193898351182032235921455856630934988515946315601468 0.03295623190121492979918474061640232264380756532773376 0.5244128024857663770952852233531160663915215991437435 0.09387575840755156700241689307628867311450449051335454 0.08669942536137150424071845175588713061642920365557075 
40000 0.01856447488228434770129765714330449810631762375123799 0.02156581509106845216139651446457525807431920839007944 0.03246249104386083369949201650472847546780030825175345 0.5200909761937275567564992195812578756886068731546402 0.0924997502089178747416704610972981726035868632607162 0.08539486099096491671756959176975421144106803694739938 
41000 0.01828296402624213390357584257256418069914616353344172 0.02123216306769408080255107616751697463541859178803861 0.03200407288669982517364978429064148457428018446080387 0.5150979147319181127994032476369312689712387509644032 0.09130284463069616468662830638391980642154521774500608 0.08436153615897999989643772991709802511195448460057378 
42000 0.01823464380922172590328387154628986266402534965891391 0.02130809985308368296474143370466958202769092167727649 0.03163268925553337290534168177447149616909882752224803 0.5059282982690064975014355985738490062431083060801029 0.09015909948576334093442441464105741033563390374183655 0.08323202975246186934704922116834424627995758783072233 
43000 0.01809795408592924149495978665413975505771304597146809 0.02098196722632926916232004848489323123317262798082083 0.03131704543249438550214813238581346155342544079758227 0.4984825332360462809460147082241121552215190604329109 0.08873805983798394336249399511062918577408709097653627 0.08237593390516914075192515115597657882062776479870081 
44000 0.01784564048574944006521271911563930601118954655248672 0.02058438992285528908061920366073804800066682219039649 0.03085990607556647654739886890012945386274623160716146 0.4914636388653415791788470201595373509917408227920532 0.08698348284988954043253465975293892142872209660708904 0.08110624572729201871258090245087046810112951789051294 
45000 0.01762523587792456914581748928655402508525185112375766 0.0203143349304846590824770620475892002332329866476357 0.03049324211285200210399192691929082243973425647709519 0.4864445646283359123542358593006440514727728441357613 0.08577006327522744573687565536324051151950698113068938 0.08011533249702542021521535844930106406991399126127362 
46000 0.01725370748672897720979023828552501029776067298371345 0.02006965629765904497968970372767660848012383212335408 0.03034208015197615987107828457863822890772098617162555 0.4792046325788871489895562327809841463022166863083839 0.08456392791424209558627089061699777516878384631127119 0.07936048286357631687448679208563007136945088859647512 
47000 0.01717931634163656929007617853860656609299439878668636 0.01989878572131904271446008192203436237832647748291492 0.03012785054662288118560743970658633017478678084444255 0.4760103114418421739917515467244157889581401832401752 0.08284990729587007124640803817916534512733051087707281 0.07856605782592794269216960809099070672800735337659717 
48000 0.01680083526124484619043665187265723659493232844397426 0.01958838569567758173998550750433134126637924055103213 0.02970356203448366711471781507342138084482030535582453 0.4713679628909825741419920702712786919619247782975435 0.08213065088934763666915711902150043499659659573808312 0.07763379656971047552342472808373230463985237292945385 
49000 0.0166507134609400241931646737686412151902004552539438 0.01934023662017294915899297009370672029149318404961377 0.02945615460558871060303286117804111299278702063020319 0.4654436640973489083968582524786228304947144351899624 0.08100366558028838102537396229085864263197436230257154 0.07777527198852323860181002049274390230948483804240823 
50000 0.01640974162754623020967317034018995158817233459558338 0.01919677278327314738013949571571181706985953496769071 0.02939884948128979950955597891942838728596143482718617 0.458342586277292873310484910831519300700165331363678 0.08057678728251914402876208282089365297906624618917704 0.07698903830559434341895743564299081640456279274076223 
