1000 0.1543873463373126916757006876768087977325194515287876 0.1839317726072727263918150583665855890558304963633418 0.1942079740236350696207462754316885877869935939088464 2.750014043990835996842184152377797090593958273530006 0.6036663012847669134786424138816585127642611041665077 0.4198915383903230609909714571292838058980123605579138 
2000 0.1098887119686370744957477907366438785174977965652943 0.1310167878501190594068594175158892767285578884184361 0.1360567049195211521627705414383413540235778782516718 2.02742551567917789309865306268676476975088007748127 0.4275375899897889058831959574469294693699339404702187 0.3083345668849753614347824343111525990934751462191343 
3000 0.0896588489697720903432299859037168943132201093249023 0.1040694505178700754604334370589935332418463076464832 0.1142431477396986141311101443929221233020143699832261 1.877811421754154967353467320378967997385188937187195 0.350529501816134383604655483379630709350749384611845 0.2565370225004507529127130427415437452509650029242039 
4000 0.07760403933045599897530206212614700689300661906599998 0.09256623058599219900803361724128670573463750770315528 0.1011267289929572461086560407339529632508856593631208 1.617175430441473665474361176563888875534757971763611 0.294076241404287369232825252729490728142991429194808 0.2251264268854305268920470983751158655650215223431587 
5000 0.07003917008806855584523249833028835098502895561978221 0.08400275021550102376357432865106034114432986825704575 0.08778675999735678932815599942451889603489689761772752 1.439718434422330691716679362812669751292560249567032 0.2544841162679936980202128476991063621426292229443789 0.1966189077448558592453500132313237713788112159818411 
6000 0.06419941341372597094311292995061357657959888456389308 0.07648890273220907248639824707603374065456591779366136 0.07876503231949255899634401711928433087450684979557991 1.288057710338934513721528829499618495901813730597496 0.2329345439310621198361053382774876752137060975655913 0.1837358244307480593140698491017026583449478494003415 
7000 0.05882120400421872336376946134584020597912967787124217 0.07114649508963710391209979075344271848280186532065272 0.0736733733077723507639568943650143495460724807344377 1.187387245059204673200241308972380238628829829394817 0.2105605994154405057928753502993757251715578604489565 0.1681412071273972458346343192281402423304825788363814 
8000 0.05534985394967283814333458905054818899316160241141915 0.06568923026353277796069709756898724606344330823048949 0.06926497782231716097972725951215089423840254312381148 1.112284078657707658680832418784945048173540271818638 0.1969722729495782190668566602465006099009769968688488 0.1589834044983669813919579735794762598288798471912742 
9000 0.05290125959594877958603416009952802312454878119751811 0.06152251222383125437361841257588590536897754645906389 0.06540851336385053889897495810190619636159681249409914 1.035135490651583455284229229320658305368851870298386 0.18637904922817307669716518220281997741949453484267 0.1496550863644470876417458607421373528723052004352212 
10000 0.05020544766319162126948206191501267170451683341525495 0.05757265514570060209163814869681718988658758462406695 0.061331215998308578959822331272411233271668606903404 1.000815055735281084575705179418037005234509706497192 0.1741113429274501947231464440979387120478349970653653 0.1414236400596290957120760092835531906985124805942178 
11000 0.04772478381775525479646855343818234729269534000195563 0.0546249622333324526466638744459647369922095094807446 0.05999062290745928430251094135017275732479902217164636 0.9602047169352296527309112428305581943277502432465553 0.1660709672389788594198218804609545884432009188458323 0.1339222275739532684796836287111077012923487927764654 
12000 0.04583237581429897028749463963603894001153093995526433 0.05256635871262763037037334980239311477134833694435656 0.05705917460273212587088865511975033228964093723334372 0.9115659531145168331884090506811446630308637395501137 0.1583903849582599910147300351082044755912647815421224 0.1270317755269006087024243403793555273750826017931104 
13000 0.04350242440091357569049708257924446996867118286900222 0.05035757895801962577919208378929294411818773369304836 0.0560882524226667040332544068859110808489276678301394 0.8730748888201003474044716023971801632796996273100376 0.153631434500834283793965599762554319340779329650104 0.1216758073417945711149090216862678204279291094280779 
14000 0.04124634811527021050779943066311172827909103943966329 0.04828327928459354922988079790446835914963230607099831 0.05380633669071630824403329115823702011311979731544852 0.849756780201027292389725359411656313568528275936842 0.1489547075078146112265967473953232058647699886932969 0.1187685346568102597256274231829475951371932751499116 
15000 0.03959815789911300035858968821012027206052152905613184 0.04713899565647180245442728931115627943881918326951563 0.05240951258223718528390087413593168008674183511175215 0.8179813375335103027476829629094368101505097001791 0.1433195755822928976400262510160210638332500820979476 0.1151958213737516786162335541421342099965841043740511 
16000 0.03838746312480385999054755853665543696706663467921317 0.04555993553863895381309890089682745895061088958755136 0.05161328651470033234988782355756598008156288415193558 0.7956969010758043490201714409426614338372019119560719 0.1390124615578842910587316697434978607361699687317014 0.112286766965665291063047794700713311044637521263212 
17000 0.03677853336893862727720078305282402908460426260717213 0.04381816643573583631543055111334794560207228641957045 0.0500160180896914077216608776610407005591696361079812 0.7607643224813153337766392925178848827272304333746433 0.1343199852061980167276886849458961137315782252699137 0.1094116902214189026790050821014155246757582062855363 
18000 0.03583524932756224960786147794300493529817686066962779 0.04285914512344452996994107613071278706229350063949823 0.04870962201079755626246386990274572781345341354608536 0.7338745101281125980305884703991381456944509409368038 0.1301536488331489173548606574914998645908781327307224 0.1055882465406058430323682148510577860633929958567023 
19000 0.03435108174651960310391242414684853656581253744661808 0.04189246991546502232693768505433773441382072633132339 0.04691210410718970363867113583522527875402374775148928 0.7100762835088586728588162799713501271980931051075459 0.1263709536338938907922913382209095800590148428454995 0.1033324244409033156985220323897944894042666419409215 
20000 0.03343465432529897491306636846120081685285185812972486 0.04094126015822163234571251511084710728027857840061188 0.04606499800946792717011124378145847657606282155029476 0.6850174412580150939771315987680821990579715929925442 0.123144710092653686102446425332246349171327892690897 0.1003744736050546361734296142709244037405369454063475 
21000 0.03227719473918287371486893905236925661483837757259607 0.04046572649137843723625711407632099536613168311305344 0.04500168682782511575050086484461875357965254806913435 0.6736315536118070729384131600792073868433362804353237 0.119305979923323492922074880867588930755118781235069 0.09788733310650074155139779494283480687499832129105926 
22000 0.03145613121783113084128057079791318528805277310311794 0.03950391202740722798461905918010472760215634480118752 0.04391444572902224433407348917757229145308883744291961 0.6573488987414553104599891641957043475485988892614841 0.1165722424263523949541942505148117703583920956589282 0.09677366827611915507320605733809770754305645823478699 
23000 0.03065219761774517916554701896236778679849521722644567 0.03872265883550471768788066653788071391772973584011197 0.0429662896589791059676153445190394108976761344820261 0.6558176716422084939978401352256298650900134816765785 0.1131730907800260176190127944795271730527019826695323 0.09424953057520515790798339497702507117082859622314572 
24000 0.02987579462357966068763895188531432012268851394765079 0.03829086903633540322385562550133730752577321254648268 0.0422977915255021153087067534159793069648003438487649 0.6407547110453200453700564609427203777158865705132484 0.1108663959807626646388695711153982159657971351407468 0.09290104416768082756865028762338631906914088176563382 
25000 0.02914125978966854132581128407342152542014446225948632 0.03739065017957276120493036002112585691747881355695426 0.04128837734565361675546425225535873693161192932166159 0.6298174275177265958006352086773205201097880490124226 0.1091499670432733645210852946316748557364917360246181 0.09179203581460475708128600100255134464077855227515101 
26000 0.02879867808704676502505040089352483789753023302182555 0.03613235128614459495488640122795587217296997550874949 0.04032466406566102080626253466311137430011513060890138 0.6157418479551498605942955189007648186816368252038956 0.1072483494713506618382448457027500410276843467727304 0.08987641210027841699237768219310495965146401431411505 
27000 0.02860763299733557787197070834683820805821596877649426 0.03552953795426093675828495450919053411098502692766488 0.03942381474262079095864674295468521592056276858784258 0.6044872213624291219509314376789888001439976505935192 0.1050114497828828611478862477268680919451071531511843 0.08728892566022478042290144370496385306523734470829368 
28000 0.02821019032041882855511817033283827882428340672049671 0.03520009631890155549232722040353671388857037527486682 0.03801543768035063858195588860910962836214821436442435 0.5911897077197048076336108324291274129791418090462685 0.1027411989954223679356198374590380950621693045832217 0.08520729569505557614425214629783056352607673034071922 
29000 0.02761953418584183406432402355795696635709646216128021 0.03443053559811824233596335397000753886231905198656023 0.03714301536804808772377272871323405922794336220249534 0.5868980338852659952349893890399812335090246051549911 0.1000875606142979072028039062847160067803997662849724 0.08407685392805542313749821853319232900503266137093306 
30000 0.02733815322250937478231001126482979657339456025511026 0.03381901095745133954491756962668080888079202850349247 0.03621953362425583912345000703325581525859888643026352 0.5689866023448701747933578531934983857354382053017616 0.09963745690865509060729155246804999990217766026034951 0.08294261513736157561825675099687060765063506551086903 
31000 0.02681926838281790346657257762680304225000327278394252 0.0331569728104742477965780761417491362408327404409647 0.03549869717985802071197505569433161554115940816700459 0.5561189707829080981684594098268803463724907487630844 0.09827234464769367870641460921410370588091609533876181 0.08109932525479611016902678141682336843132361536845565 
32000 0.02648852141965927756165819200590005877415933355223387 0.03268250479060707879241888182408892760122398613020778 0.03512536788395867389192691286614600443272138363681734 0.5477352099394129739682104962561481897864723578095436 0.09662180474955032335012327857071134928901301464065909 0.07991508323273605398517514461498301159281254513189197 
33000 0.02597309737977247482988143664761615525549132144078612 0.03229830475869183089126222309384051101233126246370375 0.03435886697642781246767539581055128650177721283398569 0.5416171956486944537864994253517636479955399408936501 0.09437480271108511532265287341525450415247178170830011 0.0782367762610735815784050208032684992076610797084868 
34000 0.0258723529754406865578490997553684493936998478602618 0.03158972429543975096689553683226847624609945341944695 0.03409970342913383415387384642314394511686259647831321 0.5296502232126159274874614701911212932827766053378582 0.09356110683076918780665728186951568545737245585769415 0.07695351540713381482473106481867475281433144118636847 
35000 0.02549872347687374504556271324895444507774300291202962 0.03149691549098355291373143270694523465635938919149339 0.03376885373928749830340430466979473322908233967609704 0.518015202120971614361405466198107205855194479227066 0.09251358324572524599425796601459559553859435254707932 0.07628013316452229854814975559818002182055352022871375 
36000 0.02518853697729858132126382844889755929784769250545651 0.03105495976616261342628994880643578113676994689740241 0.03335824005644947068925654232174338176264427602291107 0.5105029786742697256105016911931215872755274176597595 0.09051322149327272537425431025992494937781884800642729 0.07491233874384311636164188175079914344678400084376335 
37000 0.02491825704125235679462207344370128225818916689604521 0.03042322999307885543207325817344210960868622350972146 0.032706552790339730143245053697875768250469263875857 0.5045503709692561591449236346740292447066167369484901 0.08973833542342124249262692164963439722669136244803667 0.07388139138011104092303811194386575778025871841236949 
38000 0.02449746633504372331559555044794285194598160160239786 0.03010282977893441120608992826734873204941322910599411 0.03213032815142913665729931457781809456264454638585448 0.501426152307013380947549319177625193333369679749012 0.08861630012078733287445627547773696619515249039977789 0.07254456100364346530433128090731287329617771320044994 
39000 0.024274313453874530320089120995208364917061771848239 0.02971508674751942038272714812635610925894980027806014 0.03160591545570494050517991284354746284179782378487289 0.4959977760963963457942205170780880507663823664188385 0.08705833217195123773163908248440279180613288190215826 0.07152255259841121995102947508926582997901277849450707 
40000 0.02406359085664530983581963722445218323287008388433605 0.02924169093146559762344874593836818732484061911236495 0.0312504944383182705162362805678677446508118009660393 0.4886908498042028300815693003800177507400803733617067 0.08583735531752143845234809260702490973926614969968796 0.07109085156750396544694673220399216972964495653286576 
41000 0.02388562014130932459213350199656034078543598297983408 0.02887063383560137851505686488323698668523320520762354 0.03060810420622091490711871777236074976258350943680853 0.4812198697866338844306242222836900168658758047968149 0.0843040210731341188530869705519688039885295438580215 0.06988784917248458285318670618613268175067787524312735 
42000 0.02353021177297972870593801338751083207512238004710525 0.02850769836083819696884926291058359737462524208240211 0.03038366998275772675640804196262045877574564656242728 0.4773267819011645084767772595490953335684025660157204 0.08338604765921429891008991377998604832555429311469197 0.06928302534236207965966927377343687055599730229005218 
43000 0.0233682249714268947788595740325257033020989183569327 0.02790204513412112218968222799447831405927900050301105 0.02995562450162137030704309278994479370794579153880477 0.471303779779131754501184103922639678785344585776329 0.0830324421923366209191946091250358108482032548636198 0.06811997791785137682473143944106297453799925278872252 
44000 0.02291351127844545866563911312718815338485001120716333 0.02749111850386232640170737755863639151243660307954997 0.02944322291892235137899126035110342058942478615790606 0.4629826846728097225881857351703629888106661383062601 0.082442404739158931992648766950981809031873126514256 0.06724046525707901161714391893853282056170428404584527 
45000 0.02259572260453793372213780483309664148805495642591268 0.02734144074379060529373156301219394137547169520985335 0.02919011192692271663711616521558189774054881127085537 0.455133696160592453669327742127315161724254721775651 0.08147767294072148951865558821894275354225101182237267 0.06676700524105017171670349226952900778542243642732501 
46000 0.02242312347373420895183979920789463236019400937948376 0.02711113819315814549957437996907660959777786047197878 0.02888464452747194737550944301784916490305477054789662 0.4537163743548782198075023514016734793585783336311579 0.08043072443288335388088608479684182839264394715428352 0.06631027011146809621512827892519936767712351866066456 
47000 0.02211045514669551153845330863922935549226167495362461 0.02683347211000178617579215670924108749773040472064167 0.02867111964252198735294500236969739148662483785301447 0.4477642369849774103579987533096939955612469930201769 0.07945071247201051999292480132464078224074910394847393 0.06560542817133753362056824628978368707521440228447318 
48000 0.02189358064631948688057389105360295289415262232068926 0.02651989108242356366708413276112032974651810945942998 0.02844526168548622836064053865517964325704269867856055 0.4455076793867935068603307324774931430511060170829296 0.07859103176237235260904144540372584515353082679212093 0.06469823656939163486652433210366552884806878864765167 
49000 0.02176050704694606167904468840140763674639856617432088 0.02622100350394540368594964007548098194888552825432271 0.02825129628748175018638545425569974511859072663355619 0.4412842351255286211045032046529357216968492139130831 0.07749817550131578478646082394631910972293553641065955 0.06410365977457157850305253382616754720402241218835115 
50000 0.02167907145745310038426880913653427285225916421040893 0.02596636654586739119251407714034085572052390489261597 0.02795124185676825887618651526878021940092367003671825 0.436873536302077941439287941949309868050477234646678 0.07593831866048029727837452226846259861758881015703082 0.06338491228184944885722844690190136418550537200644612 
