1000 0.2167675044329048292658743829486311938126164022833109 0.1974705213254461349912808124096308404205046826973557 0.2445002686491101340774583297599242825981491478160024 3.134299798613565670238334526231938070850446820259094 0.4359538195408822961037995091793106894328957423567772 0.9450781179016609325404738028986173503653844818472862 
2000 0.1621970739277686958797154367917237038909661350771785 0.2481104196700447193072889759402066545135312480852008 0.2273682971096311539101761725611972053684439742937684 1.474199313202943178329785978153410042068571783602238 0.5360420080247343347507049671207823848817497491836548 0.9452672216423733826651774891924873145399033091962337 
3000 0.150952682925680610738993457642376228022840223275125 0.2029435112732181847877569250138130030336469644680619 0.175795676486311150597233350645343108453744207508862 1.140559628271946006772968873477225315582472831010818 0.3683429679076564657491839327452254337913473136723042 0.6771958712740754011212736263036759964961674995720387 
4000 0.1294536635229293250709363405359653143023024313151836 0.1357639661145514599669510344415179758925660280510783 0.1797936915361389846487695162724484987393225310370326 2.422596473083343614597987003556056606612401083111763 0.3117255365909232037982447977020328266917204018682241 0.7489197268994854227316081141108128349515027366578579 
5000 0.117516234555955099631938554766152904562659387011081 0.1048419236451943357756695293647730693464836804196239 0.1769581213937286152102813796549440894523286260664463 1.951683501256776960531245934671318309483467601239681 0.2414685959235964429346783799434916772952419705688953 0.6024211818964792213969977607845862621616106480360031 
6000 0.1041177935372285638659928252991448971442878246307373 0.08804674852527852885338520427804809287408716045320034 0.1519138259473429926658212194001684736122115282341838 1.847904356104615923128524357377244768940727226436138 0.2037027768135052693929294698182985712264780886471272 0.4807936361222675725917482386639889568868966307491064 
7000 0.09472769495266351449594280711985483378612116212025285 0.08609862974674855471053126765301755085602053441107273 0.1417588308067746051348810565340130551703623495995998 1.511507950485589961008188464308688025994342751801014 0.2098754818260866870005456469305826772142609115689993 0.4321743955726011275988735632624937466061965096741915 
8000 0.07703670410872799161311041266086974133031617384403944 0.07434100236883367977889624372833665688631299417465925 0.129227881754447861820177083369554082992181065492332 1.305559194816458734394147567225985540062538348138332 0.1637659433680833491193528511642441003459680359810591 0.4062815458580050970215178512967568735803070012480021 
9000 0.0725783512183266924731308775142757383491698419675231 0.08232073416540020777343788713209526974878826877102256 0.1187783922327251297359823264954137300719594350084662 1.125372047610186578047233862953646621463121846318245 0.1463549782124178331115362319825301540276996092870831 0.3818667032228885151960012800387289644277188926935196 
10000 0.06739016182145571021562492283751844013295340118929744 0.08519370677905380263508642105230173058316722745075822 0.09287860869358683078991041279226514859601593343541026 1.066579497444139741114954578193874112912453711032867 0.1313470969119066644395380297205555564232781762257218 0.3450794872794925683497004736954849590802041348069906 
11000 0.07163335638097223818519972138307849718330544419586658 0.07978935302209045747509575871592168994084204314276576 0.09486810895571411909285878746866949029481475008651614 0.986063104663270088921355610578345363137486856430769 0.111440911399464262965166433394514911014994140714407 0.335162824395026004100804281615744173450366361066699 
12000 0.07202206542357400201196174216455858640983933582901955 0.07467239514303700534029019711401709002984716789796948 0.08451660815134325385197073751686325238097197143360972 0.9001298062907582826059314784483689209082513116300106 0.1272355118424601966184385101743536949925328372046351 0.2859609637761885192518487852630926226993324235081673 
13000 0.06450023337532079580156508386012959022082213778048754 0.0721111888174935157128997778586132483269466320052743 0.08179802952687798967403107891493974079821782652288675 1.020690406823540432516665699136382272627088241279125 0.1250346293791115484793927473128327676477056229487062 0.2833821939024980169664902351911450750776566565036774 
14000 0.06606139390352661853187191121072885380272055044770241 0.05531651242754264611711095822599304483446758240461349 0.08637001130870541685386181790518023149161308538168669 0.9745538652348454122255859422008228420963860116899014 0.1152704570732083670599231808862050741026905598118901 0.2832520496747852417022007359692636896397743839770555 
15000 0.06602276817208400802811443797146750966930994763970375 0.05086925724462318955298371740691987241689275833778083 0.08308580700885237519282434243139690011048514861613512 1.01209047230680019896411486746146124460210558027029 0.1293200704884561294311009355118002872586657758802176 0.2776906171463466991883480006197970624270965345203876 
16000 0.06802585036408349202392007240569604675783921265974641 0.04726747048814800461445108890889965636006309068761766 0.08588891864994355110335790340347905669204919831827283 0.9322914935875184259755042714967743222587159834802151 0.1177267686718435097135765018960817940296692540869117 0.2723336852819986191292633143090640146510850172489882 
17000 0.06563471344815845630625084430875837426810903707519174 0.04958961612616800170632246590185499002245705923996866 0.08878550641602087546998050768265464682826859643682837 0.9903848860540819189928786470122901164359063841402531 0.1001624244263420588214831205564614435843395767733455 0.2479386746498619097653966919514445521599554922431707 
18000 0.0595209263984967420719541294354959504175894835498184 0.05015501634124624229788664241114215514016905217431486 0.0890589507545801769468622917369504676798896980471909 0.9092501556810527261597715265040164922538679093122482 0.1114473167277963935024409462826167072080352227203548 0.2695249733510286161330873205832503458623250480741262 
19000 0.05614643399533996767891133247707635689494054531678557 0.04542657744025402194240213955833684877916311961598694 0.08333882661969279101010343174804617660811345558613539 1.036249938446167877486962793920355352383921854197979 0.1179267805096856048139241333883031614959691069088876 0.2590672215299767259806106717290319352287042420357466 
20000 0.05252153375572938094416981444356729014089069096371531 0.0464608029781699105718753648602836747727451438549906 0.07772294293884667083126749007049305362215818604454398 0.9775071351191252800455488980446716595906764268875122 0.1121013035239810362835976426110207171404908876866102 0.2667353043712168510681517069604851144504209514707327 
21000 0.05656449202138540972145935165071861661090224515646696 0.0438741190948194485859604630634267508071388874668628 0.08450503963479892122027947731766062133829109370708466 0.9458010029907302109570231551938235270426957868039608 0.1134514152938951347382163896415629977809658157639205 0.2710966613148005526011223575988395850799861364066601 
22000 0.0581345347746856661928067065703285010158651857636869 0.04511411622012850885363372845093810070693507441319525 0.080723837818352202673900363388836964873007673304528 0.9034618095513209509923348294879730246975668705999851 0.1122433894294832407777609030452570237912368611432612 0.2611176924489686214316160051129855901308474130928516 
23000 0.057355597357352875299249831894665696552237932337448 0.04790185888867851612079088417794903165258801891468465 0.08368660829043302652887432666051203966617322294041514 1.035794569439627528539306366983652196722687222063541 0.1004705337041492547843100566207219515035831136628985 0.2552941934655362339276225142059573158803686965256929 
24000 0.06309875749165704921357601328568698306753503857180476 0.0503238804553389467944738821375549875369870278518647 0.08266100664852740018427373555609527500109834363684058 0.9911080547295530298397732427151396450426545925438404 0.1020102685636043117595162486865856266149421571753919 0.2470835663508335311829488753487815699827478965744376 
25000 0.06774963447503592494817548433361231730032159248366952 0.047728991304439501202938654980667543270556052448228 0.07809303582960279228913002755319006098488898715004325 0.94578635037940492902167402555768660477042431011796 0.103361092444050576888208911596755967821081867441535 0.2660955163178549657968310904188058430008823052048683 
26000 0.06962490243833646698503941560587371384372090687975287 0.05686075255287621407084995214797906726289511425420642 0.06371893216490941403665638348430277915213082451373339 0.8696141100176178906507561128247374426791793666779995 0.1041055314505606561533996440305216424349055159837008 0.251243564257938709272576990882974712349096080288291 
27000 0.06271993980346876443093730862932133618414809461683035 0.05606881406421544911927571687437765746153672807849944 0.0587649321024681841471527972420307861511901137419045 0.8350491846735391007977913901960675957525381818413734 0.1008951329875286175233729639433288838290536659769714 0.238723122275357732180911703168124660123794456012547 
28000 0.05739507955741758996780687782091057158595504006370902 0.05627438152100763927464981487003292670578957768157125 0.0605920618267725106126939463302427668622840428724885 0.8119958298615359397216312276057692542963195592164993 0.106571542479838781306640711765698625868026283569634 0.2385958329802248047721378171326378492267394904047251 
29000 0.05333313237697808081828280274416798079073487315326929 0.05504798269802846510611823473146930751909167156554759 0.05801508993505926796213287288672688646329334005713463 1.234403591612188303208719197812115453416481614112854 0.1084892258570593997663868666980757637929855263791978 0.2579218829886469516762641240870124192952062003314495 
30000 0.05377825198204224176493711169488864953791562584228814 0.05309362134818114328229862741714839557971572503447533 0.06149507410052712912817843640689297046719730133190751 1.183135332122718495371713198771601582848234102129936 0.114049427792713984339875027407273933022224809974432 0.2357839302958975319509608153945023900632804725319147 
31000 0.05785431269584046727705675151887110274628867045976222 0.05422900297345237048305625210398162039382441435009241 0.06564257988846800646111660434978141154260811163112521 1.131521445490146189540719978694482961145695298910141 0.1206906680702698878148858459280479138442387920804322 0.2434973453688498986555990497016033202726248418912292 
32000 0.05500862891530604340415626200833099090914402040652931 0.0516576124399464890286839003491481392416062590200454 0.06387753683550976466470460585211910142788838129490614 1.089063322890185483917020736743808129176613874733448 0.1524652903913358358391812868992687413083331193774939 0.2360039589242458952291501064757461847420927369967103 
33000 0.05755309881066253816891595783411528230999465449713171 0.05263106462918751078699152942674821531454654177650809 0.06338890593697679557740054523407025044434703886508942 1.046955341500308795201802658514367294628755189478397 0.1469528708167928981618774453288267523021204397082329 0.2317727955886669543618394673245575177134014666080475 
34000 0.05630034714290603805656701581761058861275159870274365 0.05539863798926983698918988067994018109629905666224658 0.06130354166434645515616460101360196688347059534862638 1.028405894812056505915193183042788405145984143018723 0.1354527891616394860393231963646698545744584407657385 0.2323909591490318273112420863202309817552304593846202 
35000 0.05698634475258796076637952780774565297861045110039413 0.05231371352528872812164537943468989311668337904848158 0.06693687372661325099077248013124119552230695262551308 0.9876623261051944854208711754850469333177898079156876 0.1246738458977997353086214320228020113745515118353069 0.2321038200341287415775712310583855924051022157073021 
36000 0.05622349442622219615334211439972023072186857461929321 0.05328299483841383668184877100970631147447420516982675 0.06654764066859052150832180491657474874500621808692813 0.9552581777191001902995934336182415336224948987364769 0.1193923294445441487805596725291223947351681999862194 0.2327695040155368483666313908497791373974905582144856 
37000 0.05596047519439171584714875357091656837837945204228163 0.05430937606831476279213815998303527265989032457582653 0.06719423319584989303277378774881256617845792789012194 0.9247043163944175136375117074472029798926087096333504 0.1191867542796420220002628909128361556213349103927612 0.2349044196491921580600536340055484174627054017037153 
38000 0.05348228876067418815839636832276671185582017642445862 0.05310809796701108561749497469217651257622492266818881 0.06588679825632476088259539132030440100606938358396292 0.896748249968809908370080685724445856976672075688839 0.1172072901062810742041841657878897819955454906448722 0.2262514870394237101881417667526008585809904616326094 
39000 0.05045939760379604294927217804367369780038643511943519 0.04942982685778611119222837079478782840169515111483634 0.06059646550902856312014171241697724212826869916170835 0.8685776660622129523173576282069063836388522759079933 0.1219444361164626599910846584118306878963267081417143 0.2249182158750740637116012285434685225027351407334208 
40000 0.04922469196294663622143748284154529670786359929479659 0.0496842079997933641670937107703842627870471915230155 0.05869587618535806172184125101276563896135485265403986 0.8396333047207000655604534899989488394567160867154598 0.1232506321306896885235302417649361217399928136728704 0.2291352596319232937322266097091016945341834798455238 
41000 0.04963696694160586378582675215476172070339089259505272 0.05665822591767733274500766504910842513709212653338909 0.05807320252343472084246775444249522024620091542601585 0.809954869228582353718644271101112508404185064136982 0.1222851087078632187382003573827837783483118982985616 0.2297553644514617491255957515416952219311497174203396 
42000 0.04535827577271339073949419154474504978225013474002481 0.05795823265986826734492021878653034150374878663569689 0.05387812061011400760159777492686039579439238877967 0.7868520073206756466747437139819254525718861259520054 0.1121184116359979698808891496186745939667162019759417 0.2180336424901847366313121373559980042955430690199137 
43000 0.0447772153063454141673287948327564222950059047434479 0.05411623780404019380096936574220389815081944107078016 0.05110326421448420867722729418747285023982840357348323 0.7662832640611970463299235101217732335499022156000137 0.1148846860223305290691991030482821400937609723769128 0.2138695891156962832700379542605340077443543123081326 
44000 0.04375027723894076469291739180100808681572743807919323 0.05375091521112109933336364354927727760014022351242602 0.05236826696312249480470672226284367667403785162605345 0.766715273891238133208668459328549715792178176343441 0.1234881989656508376017188602369323291441105538979173 0.2139921952797760494537245012924842058055219240486622 
45000 0.04496321643536040827985266442323730728958253166638315 0.04881164231923917748415709012832497393219455261714756 0.05112496535569402358680532287571463001540905679576099 0.7439036588323702170401537092647714644044754095375538 0.1295046640427443463317210003982182797699351795017719 0.2088719243277526870937368247416188182796759065240622 
46000 0.04490950264537574618991231691078613863510327064432204 0.04790758350204345978324400011361117179831126122735441 0.05387079851184955737964862865219117793458281084895134 0.7049189793256333356336051920720819907728582620620728 0.1355488024899792590702123085133479207797790877521038 0.2186579629251839383154414758747563496399379801005125 
47000 0.04729092268746805342787367133772225002985578612424433 0.04325912722547657191754944677741789860192511696368456 0.05279171399221643083902034791765611743130648392252624 0.6837357344112576147156234984691991485306061804294586 0.1437071598723918828735936562002173388918890850618482 0.2189823639365635987263751516262999530226807110011578 
48000 0.04591064782491825585453940755664703488037048373371363 0.04312146573592199984346733099283000001378240995109081 0.05136626187998575250996690678972900201415541232563555 0.6620645320127694466016271546138227677147369831800461 0.139384807764388404634149816463395410437442478723824 0.2151755282539094067044242730712966249484452418982983 
49000 0.04485866369599432538069162454408278506434726295992732 0.0396788771965976869291923504606822703522084339056164 0.04928747601059286863713418402888066793821053579449654 0.6475172075082023249157671396236679584035300649702549 0.1369770803865842349758899509915011094562942162156105 0.2122307156826160699899987832628411865698581095784903 
50000 0.0463567522072259232879449554476369854683071025647223 0.03980779761163842192696208158175785740695573622360826 0.04892500149133371428308218568925536118285890552215278 0.6600939067085843401446083877903703296396997757256031 0.1293159204248433086171989753188071858858165796846151 0.2070011352405795066416007224607831460616580443456769 
