1000 0.1222223602672719670474187417252842635662091197445989 0.1325324079980410732580026200722045359725598245859146 0.2662606361876015215813147396506366249013808555901051 2.360146442462854364215465996501563950005220249295235 0.7471612725948447538597621542244553438649745658040047 1.164963736854595267519729695493424515007063746452332 
2000 0.08680128147068564199468222036815134856624354142695665 0.09508012257271119129186905463702039753570716129615903 0.2006981063566423731348801334783971128672419581562281 1.540405032616726578890628540641216659423662349581718 0.5599017351713324623847280181454522107742377556860447 0.8495329546360320538823766856051378226766246370971203 
3000 0.07466130047814610086817513692758474519450828665867448 0.08109594109454950041824226880660120286847813986241817 0.1740679740738055086341678004413502378611156018450856 1.435402528143786953841211373461561606745817698538303 0.4905584542034973104859124637400213941873516887426376 0.7192188653114322159035781689695454588218126446008682 
4000 0.06509484693832765222218719736169134648662293329834938 0.07133721985075850360874397462773721656503767007961869 0.1517417722852360801010776145125724667650501942262053 1.260477404645848467754261357232081763868336565792561 0.4290294554504471332280046008689211589626211207360029 0.637931855424802598175312851047635831491788849234581 
5000 0.05812422514068293285811449971900444211314606945961714 0.06412903580147806587203902078941908371234603691846132 0.1348028307084159806286194696611779875183856347575784 1.093609627905429078223789596258086476154858246445656 0.3764655118573843874617800009385604198541841469705105 0.5638623619557449566223363002226420803708606399595737 
6000 0.05457103886428621162258518172138987978314617066644132 0.05896906637524963011852971797588374158749502385035157 0.1216250900958663952038411523726146867829811526462436 1.021648468033221263118193178343062754720449447631836 0.3405888857356212991861488248446221405174583196640015 0.524750598533290547420375460330177475043456070125103 
7000 0.05139376619262317166700023210457182187838043319061399 0.05409538996748762846732312692399347042737645097076893 0.1136873308802994120747433676177351458136399742215872 0.9460697724314137699655469226911463920259848237037659 0.3125640105485034920076471698369147134144441224634647 0.4845873508826301429485913785377704243728658184409142 
8000 0.04897553851508940759887605724542947172039930592291057 0.05192647339681430743187876171440553463298783753998578 0.1078252025333058797322517349814852138933929381892085 0.8924763428423833814357932214811341964377788826823235 0.2964780798203767816134581586373641926002164836972952 0.4544673382084285405077290348474505776721343863755465 
9000 0.04652643554254362359250954059297633591540943598374724 0.04881076581063130898275508398609368043707945616915822 0.1006781300180850287972014224513461755350363091565669 0.8305277928677668241122002135146118462216691114008427 0.2790487889891683336972966200661971925001125782728195 0.4244603716055241837907044399891276498237857595086098 
10000 0.04506459179577512859656116157858196658025917713530362 0.04721995685829755731678300523235236596519825980067253 0.09760738900364361760850261465205512934062426211312413 0.7883015920534976339758247154687609281609184108674526 0.2627720164282377576683673303659105613405699841678143 0.4093213931456039540311871161026857635079068131744862 
11000 0.0436129004462007782850347086672782026539607613813132 0.04541667781060159872954921402021799536896651261486113 0.09405562520012832036434132984559219892162218457087874 0.7618999738476949490080351867771213392188656143844128 0.2524941417912074669602055798645068307450856082141399 0.3921016357991976558486964948846420497829967644065619 
12000 0.04266434282106504601736148875323895168776289210654795 0.04362486131949121263717979689322756797764668590389192 0.08975028577407036893260998400290162635428714565932751 0.715944614864753022019996930858098949101986363530159 0.2398593770163658851112464462373985440990509232506156 0.3769248328222399986272336119830228540195093955844641 
13000 0.04151916022140839923672294732581722342956709326244891 0.04207093074250699731017675946087575056253626826219261 0.08605889551240725754703737859774292928705108352005482 0.6857588689975800787658292978488105973156052641570568 0.230033828021972099167656924945113416924868943169713 0.3638140887170796106391684743286418779462110251188278 
14000 0.04044304602978915302933637238025355031822982709854841 0.04107998349449525443571906192785636591224829317070544 0.08305410735349918908352858173960164833715680288150907 0.659907396556423648896743533454056773734919261187315 0.2197520550336207712335172617668099803722725482657552 0.3539844185938564970271384690914118209548178128898144 
15000 0.03941766101133752777266956897339600374152723816223443 0.03989296051177594996464963357507560459680462372489274 0.08075172481953482982327229000585333551498479209840298 0.6297458506305626023749622000025283341528847813606262 0.2128304031329109420242733791139855270557745825499296 0.3427926457929806000634632978663063340718508698046207 
16000 0.03842846818892442862163972075451034982052078703418374 0.03907248904016219466107787995634570421543685370124876 0.07755088531287230616629918208970728699114260962232947 0.621981600861045100703435040134792188837309367954731 0.2051815471544290903381036264563341831035359064117074 0.3287720493358632941444889136173301835697202477604151 
17000 0.03763205591481928074300972175691981647105421870946884 0.03793326820975231025823257331730520292012442951090634 0.07508510487002113232640971088316383941219100961461663 0.5959516510319309825420390491768074525680276565253735 0.2001186899519176268539763507980921986018074676394463 0.316790227158357195005617540362052864111319649964571 
18000 0.03717718516351500522611477246581745959019826841540635 0.03697837665069003598087953033068941977035137824714184 0.07325101263424222576553642913288477700461953645572066 0.5734796655911790721647444679653915500239236280322075 0.1911309550551302403393521059382642590662726433947682 0.3087116780124463032109957683069012546184239909052849 
19000 0.03633266551555827187695532111411100828490816638804972 0.03625704336113647841409088866393428673973176046274602 0.07085797753606798768388763676284725079312920570373535 0.5588535717909804175352987687386274728851276449859142 0.1862928339306345863909085414089616961064166389405727 0.298835338515774424119871358063171840058203088119626 
20000 0.03582722361497409035676394578606718255286978092044592 0.03578916175399897922163061116107574122224832535721362 0.06922188572223064512904753403654822818680258933454752 0.5512056856815782081770657696573323391930898651480675 0.1833413006690711956396490009413291488726827083155513 0.2919866321542625000402988721948105421688524074852467 
21000 0.03504347502546557844402990745946713246894432813860476 0.03521910624545551906172213656176506191286534885875881 0.06725211269691405409441170570872259304451290518045425 0.5358128797946928827252918714485474538378184661269188 0.1780903858030530818385350419474910665940114995464683 0.283070791749055600386225303721765556019818177446723 
22000 0.03505973814990311051350158760842035121640947181731462 0.03477154455967734645734329261557160606344041298143566 0.06645461107248467239158769281903715864245896227657795 0.5219200953927735562557117809934226215773378498852253 0.1748905163100929241709168698859500068465422373265028 0.2804943365953589315669319814716686778410803526639938 
23000 0.03491315710791197987036870234445196103933994891121984 0.03407242939514401684877918999316825932055508019402623 0.06498694912189914984904700462342574951435381080955267 0.5123708740775464916543564808382171804623794741928577 0.1704063127696459279460669891670399067606922471895814 0.2723914831386723488888465527502091845235554501414299 
24000 0.03441967116645886164518538391510205087797658052295446 0.03328437660984940960420559036281318299188569653779268 0.06333498482297756460935103661746836678503314033150673 0.5077835464869583441101588694444046723219798877835274 0.1685515563426390541905451961324224896543455542996526 0.2637889011352383708769540199279290959566424135118723 
25000 0.03391136201573916925770270890116986350903971469961107 0.03256229743880468194408084672830661077114200452342629 0.06203408482226818609041253844982310994282670435495675 0.4971564086058008421781934105254663336381781846284866 0.1647722015587501829766460537118888396435067988932133 0.2554311550596331976687846515572388739201414864510298 
26000 0.03345272784784155442979651853829814456275926204398274 0.03201914314024595484189233962624143714492674916982651 0.06097206787442696164296910416036112678739300463348627 0.4845952732215895553764730546708605629646626766771078 0.1623285887414290123048924915916124689374555600807071 0.2497067952605074161938651308711989429411914898082614 
27000 0.03290442501774021804390388257210986466816393658518791 0.03179391837659587090114199706136766110375901916995645 0.06002214925763433752542701932197743985852866899222136 0.4776142393840290880648816879139317848057544324547052 0.159945130570375505061763050929091178886665147729218 0.2442501499400345343616892598848089335206168470904231 
28000 0.03261947956557073378502497468245380218831996899098158 0.03127270582275727171272009484448428651148788048885763 0.05932569401923226148185702179260747612943305284716189 0.4689391967155737295117143986766805596744234208017588 0.1578188239685498395659286885450711679368396289646626 0.2396121744375185585448429295696293195305770495906472 
29000 0.03229362156203885844530754138659300878089197794906795 0.03107473608776251558326450194491563649989984696730971 0.05870951603865463787665758890743639142328902380540967 0.4625922146904026292183603752405929299129638820886612 0.154303412820815143794979211466777968553287792019546 0.2377008947194875722921372437901332830278988694772124 
30000 0.03180368483886785332430337421005805964568935451097786 0.03063980988017578967839830463015804440374267869628966 0.05763451564229778562281191617300279972369025927037001 0.4715923148921431520244791635310122046575997956097126 0.1518733119922614548732032330180530266261484939604998 0.2319351058110914937836688140548879744073929032310843 
31000 0.03161371760547334082430562599008716517801076406612992 0.03038047153791200230216001075544962617414057604037225 0.05689196224607945565350628110146136151570317451842129 0.4619684957220952281392502974943781168803980108350515 0.1502007958026638716306395970878639900547568686306477 0.2300711046964515793018411435322256863855727715417743 
32000 0.0311587521099812400563312895368506261206675844732672 0.02993831402794612590329427059127054278064861136954278 0.05546691807538702784848190507904774904091027565300465 0.4485951323756578779143947000029868377168895676732063 0.1489942014184045207959416340370850662111479323357344 0.2262464818518599891667558710039998004504013806581497 
33000 0.03120407244241217894207326283284587020716571714729071 0.02955730606376615885439828983194399114609041134826839 0.05494129120788430615385375052617256130815803771838546 0.4392604108053951817390841289023839522087655495852232 0.1460076995216310308218577232453050385174719849601388 0.2234984238945860936812132582773848810120398411527276 
34000 0.03095226314985234902458631923299892108047970396000892 0.02923510942259899108668075567302180317597048997413367 0.05480100983087362526618773958531072310051968088373542 0.4315830176911578247307254424525169156368065159767866 0.145248211941583415819081656628064536107558524236083 0.2208219918247835068965661403650457828007347416132689 
35000 0.03073203116026023102082557949404906239010415447410196 0.02888745184853025015097758784743398052796692354604602 0.05445798170762642000227934935274731742538278922438622 0.4251745543231102967987686952477943691519612912088633 0.1440050555289955081108383902477321214519179193302989 0.2171306318936136379554565148386480188946734415367246 
36000 0.03057325562323013383359720292892225401715222687926143 0.02872574436137240927043273557017766250964996288530529 0.05362872773784869225534494875662350210632212110795081 0.4182618891456667545238230776494248175367829389870167 0.1415708425668046479910765211851497724637738429009914 0.2152390422267417510217291098939540461287833750247955 
37000 0.03046172852579625668845630589998130233198025962337852 0.0283284657731775059030679495691851244032477552536875 0.05276929310662256941957186200109486406972791883163154 0.4112699560367740523963119014805300821535638533532619 0.1402461215081026620472804886108342259376513538882136 0.2109383406833760289000216994748093668476940365508199 
38000 0.03014216570635193009466208831359512743119921651668847 0.02805645669224122938375609679489963710352640191558748 0.0523503016810349215356696489509502612236246932297945 0.4015971056268632207917300414035111089106067083775997 0.1393866417935386377611279781763009566475375322625041 0.2080278166362028882490058795395881929835013579577208 
39000 0.02983550766139527825237458096008236196894358727149665 0.02781357281813140723941951259340354951632434676866978 0.05163996857607721855171396298234132160587250837124884 0.3955049494775384826233781410120826649290393106639385 0.1387428563201091797268743252558031997523357858881354 0.2046484391012835462144488912761275400953309144824743 
40000 0.02976813640406989799559376013576850183994793042074889 0.02757355439727200903714742722533381780181116482708603 0.05092340062358455609895966330336047889204564853571355 0.3913895543270322736830076071345985155858215875923634 0.1363094556203985590329312918567161716509872348979115 0.2025629628054935751045595448971425867057405412197113 
41000 0.0297992314305484261258578351436177023003892827546224 0.02728674434463235626856290969716178906878667476121336 0.05024582339130640923677804943192626296877278946340084 0.3855481695963305170649602915400322444838820956647396 0.1340234306353907498975033124599676170873863156884909 0.20076677178514191644473352305055868782801553606987 
42000 0.02965146953031157805763702584034291476200451143085957 0.02715260237376657732813868637716803178250302153173834 0.05001651583520297476102693147448352561923456960357726 0.382358220446814541047114710536902748572174459695816 0.1321877577247412806961965672791770032290514791384339 0.1971403783780327553793029413120585502383619314059615 
43000 0.02956547213769951714323284269747560415453335735946894 0.02684852037855878142029529120210495918286142114084214 0.04955230717014945341844511794704430940328165888786316 0.3788211273779995644922502506801720301155000925064087 0.1301090173086681205761672500131886920371471205726266 0.1952746787587249298838833547198312601267389254644513 
44000 0.02931179496734254639278376402405923428773348859976977 0.0266999438295521936094154002994116581248817965388298 0.04919831488047977329479149705138141257521056104451418 0.3752074240129356093960064089110062468535033985972404 0.1289078068456082687740600276060654039156361250206828 0.1915024196349659238143917083796452516253339126706123 
45000 0.02919375773301481605206833622873086042659451777581125 0.02652169076425054096505509390602206565290543949231505 0.04880874223482393831224121320822018077478787745349109 0.3679522121761210125419870597962557212667888961732388 0.1272233722222956335502416780336432111653266474604607 0.1898662730090694666359790385157246817016130080446601 
46000 0.0290532998368376067105118415456743719005316961556673 0.02624173821646444774867608113605443875826495059300214 0.04814351160666819875517301666190128628386446507647634 0.3658970565018884884850997041283449107140768319368362 0.1257024370674294919591942182313104581226070877164602 0.1873256465269894254410589645720719431665202137082815 
47000 0.02894861243408941395615166253946215491055227175820619 0.0259491452433603322105760621840708779473061440512538 0.04758018651153737603998997336696152871127196704037488 0.3634197059230940781739127576344117187545634806156158 0.1246311044669548538530107553712333867679262766614556 0.1852615901816066235616772134298102514549100305885077 
48000 0.02875359689836783243388907815168975545816465455573052 0.02565128776548564906098421744412574341254185128491372 0.04699565825525251140426562582175229465519805671647191 0.3593180556079958344736433040189638177253073081374168 0.1230841962959618382861455045118592721564709790982306 0.1825447209734326879410504923528790754971851129084826 
49000 0.02870898118434416251452349216899406769698543939739466 0.02544314627426724151588544129559688045105758646968752 0.04663602918557506083217572764865188617022795369848609 0.3545552917276340311697295504256288722899626009166241 0.1214154760094430838431836701396537847585932468064129 0.1810802726693955849084170101059854118830116931349039 
50000 0.02864025430455505550426855559953409624540654476732016 0.0253187233075112940264023847491969831935421098023653 0.04613625589470385972710639831129153520805630250833929 0.3540718767975380513177759839171798716961347963660955 0.1198539571377031856462915850036754505936187342740595 0.1787739386188862012328892187040807471021253149956465 
