1000 0.08405172579640190813599597008387576124732731841504574 0.2505022354351308707797341829293102932751935441046953 0.2829176199947620152868286991232338323243311606347561 1.47617465622979459282347602933072039377293549478054 0.5645584549648366750533405589163038484912249259650707 0.8650063418110439885820237004843136219278676435351372 
2000 0.06604523265571470157946944168347869208446354605257511 0.19445113789027024318693814830538713067653588950634 0.2073141438474823353431452169215454262030107202008367 0.9734195760042670056292127278574355386808747425675392 0.4050732833596158916685675555058310237654950469732285 0.5818501575323730974739940002837812471625511534512043 
3000 0.05444740178832138023730011743006595992255824967287481 0.1578374444594108548062206739959201229339669225737453 0.175852029757753500918237947459044079323575715534389 0.8061970911214019323040406994618223279758240096271038 0.3170273146412424572471687456154398887520073913037777 0.5118732458456680058816491707407436706489534117281437 
4000 0.04737680574503373251657478183729299558990533114410937 0.1368340910610449789869399669917093831372767454013228 0.1564516139065975302657827278318691810454765800386667 0.6459503245908930572352288357329541668150341138243675 0.2777469264118043825492320592074335650067951064556837 0.4404993679127409101042682493254432074536453001201153 
5000 0.04369890307958207611153294072647845780466013820841908 0.1252549975750438541934744796080281048489268869161606 0.1430401749973466184260705719166750782278541009873152 0.5873661102368555026842326938218974419214646331965923 0.2486418943359979310869572674547178792181512108072639 0.3971856875136321381473871600098490830532682593911886 
6000 0.04033804712352658543140604234522594850886889616958797 0.1154410081872693483423086141526070491636346559971571 0.1301014989788324954366350444390221241519611794501543 0.510919933896387819705249555557458052135189063847065 0.2304273365424766659706945146068868268685037037357688 0.3588902368843430489627355922666041010415938217192888 
7000 0.0385134883146441054094439356697554543984551855828613 0.1093965451772133626141890287708502427221901598386467 0.1229237779602336391103186222228949020518484758213162 0.4655600588708254409999343775838909209596749860793352 0.2201236447333803351758367561341600548985297791659832 0.3361742082087799654815506861238461056018422823399305 
8000 0.03639928574705440778624455401557558076319764950312674 0.1038231753268214411950226723491130798038284410722554 0.1154788827858439535786814859885662798433259013108909 0.4273118547078960476862281858689840419174288399517536 0.2083070745444603532952557861657183480019739363342524 0.3183618184397338788163816375442749517787888180464506 
9000 0.03412551909252297118610116645476271202142015681602061 0.09702486314659753272640054996833747225082333898171782 0.109887115804298155920617520442394976498690084554255 0.4123343525998927129897972387873039679107023403048515 0.1945820097075821879277967782484459746683569392189384 0.311507440655985702772238013502636988505400950089097 
10000 0.03284652256584036165282507874207951203970878850668669 0.09301790379912517618725886422992310542667837580665946 0.1036833458893539220430492046876036482672134297899902 0.392667402745141139565679400114106556429760530591011 0.1833247132722431500416113148155261569627327844500542 0.3016454071580775749830075765922643427074945066124201 
11000 0.03109433828858096132452841151017075560503144515678287 0.08784250285865475154240553448681261272668052697554231 0.09917057976756068671708894968208625186889548785984516 0.3731238161007410067307021178661941007703717332333326 0.1745370541354787255027957576514197057804267387837172 0.2872885828471326298528230880346967524019419215619564 
12000 0.03005236140372971560850241714429875727887520042713732 0.0845774517352864034578762558735931520459416788071394 0.09607518043830967447241093309928672283604100812226534 0.3560227206087591431756152193788267368290689773857594 0.165771641337736335168259738104268308234168216586113 0.2760252843597190507531416447939420777402119711041451 
13000 0.0289678418296813302381292930601230928289169241907075 0.08142343430941933161851600808667228648118907585740089 0.09259285235082614395251071962023026173937978455796838 0.3453289165734707306248951752536413550842553377151489 0.1591873823976430983725364326497597744491940829902887 0.269932201319230923735898591830917325751215685158968 
14000 0.02786474368713319766054082021050630757486032962333411 0.0783426657872376840891577749748098113968808320350945 0.08913398893677180224732591734548847739461052697151899 0.3329944057688185989432073930149869056549505330622196 0.1542062429448555320465625434467327181664586532860994 0.2580348374679694901945043589153172547412395942956209 
15000 0.02668863631566147351628008436985606266489412519149482 0.07501171445975606375162775957265992587963410187512636 0.08573028871759527403404246848062086883146548643708229 0.317739932580950190719841497166697763532283715903759 0.1476058399656454124358869947619687934547982877120376 0.2487785175368199759896817996329687616707815323024988 
16000 0.02600484843066261099499823263025977126972065889276564 0.07322921588684834985182991323737766720114450436085463 0.08290525814756984609771219701945810243159940000623465 0.3068861233404751123776156573885742773200036026537418 0.1423115063379017752556070577907298968511895509436727 0.240403305899095868201648801276704148222052026540041 
17000 0.02505060512245969650329743827477102513512363657355309 0.0704377955009188295130984069913893108605407178401947 0.0803635163192383875888254174402192120396648533642292 0.3033243962160054292629806499403954944682482164353132 0.1392620974100618349395767220366693095456867013126612 0.231690519019520436703779737996899967811259557493031 
18000 0.02422476785148365958799817308777502233851919299922884 0.06787017218957017841772343114126186947032692842185497 0.07834048595196239332812907646408362438705808017402887 0.2962958278177804501900098610445155600245925597846508 0.1346670249386411258166792309642900704602652695029974 0.2242145627225520612034936548950803114621521672233939 
19000 0.02366345835668540831147927012978460226122479070909321 0.06602929573553530149079057037786455452987866010516882 0.076534773963851206876542361545734394212558981962502 0.2859775891527078558595077045767496315420430619269609 0.1315289012378911987101838890201754850295401411131024 0.2167073322192870852149733720826141336601722287014127 
20000 0.0233173231752542617153950302646969738873394817346707 0.06505425155776654860947591507702725266426568850874901 0.07514821583503561131477371110021223898911557625979185 0.2785067664234188383005560996075189450493780896067619 0.1294304056618019834932163669716231879647239111363888 0.2113415670767870428080554071059715681712987134233117 
21000 0.02280014660053313851156527643920801651233887241687626 0.06382036467522339671812423717023321501073951367288828 0.07257581737627914156041645729611211379506130469962955 0.2717509730497382824737032797068891909475496504455805 0.1254193887761961461385163199566683545072010019794106 0.2061418264530987960714801532358109170672832988202572 
22000 0.02197822120654419026731032915655816850630799308419228 0.0617164087807095903780705593855149260207326733507216 0.07091589922362989353464210462441030813351972028613091 0.2677786817488012389054836959179084487914224155247211 0.1216741245441395580207614296464058156743703875690699 0.2013402925112350571332578419436742933612549677491188 
23000 0.02160637781927585487046054608245571060365364246536046 0.06031179399786859773928372405182862792116793571040034 0.0700562158178026919903066266348545809705683495849371 0.2629102643274609225443154414403323926308075897395611 0.1211714404342139942923929629703394539319560863077641 0.1971416820996500007866312348392412445718946401029825 
24000 0.02134691329949589246934476063910501864029356511309743 0.05963042749703153705734780254399396426379098556935787 0.06863902895558745791810238701113888737381785176694393 0.2577191015095678365434770512587547841576451901346445 0.1186527979565376394752791895659260745787833002395928 0.1922317728851119221250998841954427120981563348323107 
25000 0.0210058998866772595003722060719164588249441294465214 0.05869579444828102686969057560917306659575842786580324 0.06726512226065656509742772539706123779978952370584011 0.2524623556397382739130419437856289732735604047775269 0.1170008417018803953673234535814984269563865382224321 0.1904614500858551219141141797042138250617426820099354 
26000 0.02056230149890253885443898093643433355737215606495738 0.05715977512075831285944080457916971482745793764479458 0.06637500990597855117129411431364793827469839015975595 0.2457168698893305788121975072324509881127596599981189 0.1134477223333234671836535455147210171844562864862382 0.1871776203658758393503711014993484695878578349947929 
27000 0.02029869204605739879251013156602478915147003135643899 0.0564919880257601433368012684016479241222441487479955 0.06498574215831855914259724757431335717683396069332957 0.2425841199919244244124225465264466095050011062994599 0.1115225886013880672389150632006771246551579679362476 0.1838754208010401391189692771321873010492708999663591 
28000 0.02015101287023747181387678829161957949622774322051555 0.05601690453442741234109272623065134411035614903084934 0.06433709666883713506647934909921104917884804308414459 0.2369106396308911759304108995971560602811223361641169 0.1101265387620594022487956545330867186294199200347066 0.181552050972698942633842822402812089421786367893219 
29000 0.01993398108521104975082694453492049291298826574347913 0.05535312957816066416661011928557201144940336234867573 0.06311306547970011206341112500184387101853644708171487 0.2336765949140393895113679972874720647268986795097589 0.1067431685942971876212008626449989634465964627452195 0.177944935745344273635647723563746325226020417176187 
30000 0.01950629452714032142148512308232888301517959916964173 0.05413556150302542142771131637724035812198053463362157 0.06176705385340239061020117111722171898691158276051283 0.2308817921393932522783863647841684496597736142575741 0.1041506269243405701099098800699316313966846792027354 0.1735757727535253877018586038394332149437104817479849 
31000 0.01912905499244081991756273597449222734212526120245457 0.05288755180131992715593792879491541469860749202780426 0.0602685638623673646946659211015573376357679080683738 0.2258578651783453257662808225103567849600949557498097 0.1029643789635671183923062467491238436423373059369624 0.1703357034973366878331151388903386134643369587138295 
32000 0.01873479847019034822398178725955109058531888877041638 0.05181392465442629627182607142399373145735808066092432 0.05927610959237188466188894081509985767297621350735426 0.2223603476947957217403108176601023160401382483541965 0.100971170776559115875260427830362175427580950781703 0.1670924596877270128540346472156841173273278400301933 
33000 0.01846655345834167874383363941448443767967546591535211 0.05112014968398924881067620258623396267694261041469872 0.05823535905230310606551873651992590197323806933127344 0.22018159818293860116133857374176585608438472263515 0.09922337254058133212188683516807863327358063543215394 0.1650784020958224044867308777373438033464481122791767 
34000 0.01827748136777079363195859431495682301260785607155412 0.05059216471529921798746588269823920569479014375247061 0.05754948777750303956092623076934433612450447981245816 0.2149194830425321591925620634544458198433858342468739 0.09865065560386259259031569920916915350517228944227099 0.1613114452760675696709477891510609026681777322664857 
35000 0.01796526424520818133326121278370290923476204625330865 0.04992235939968617663495677010121465144720787066034973 0.0565153396681711974215158410250747778036384261213243 0.2108650474793421225480844274913216906952584395185113 0.09831866531845709002997808420576397736567741958424449 0.1589413728694140669249826314235463087243260815739632 
36000 0.01785513457456859201156096524087946164627282996661961 0.04957588828654408388393252764270169308247204753570259 0.05594027566070627349731217772821345590728014940395951 0.2073034731456032846364694391394500883052387507632375 0.09743448972201006271252410675942634554758114973083138 0.158509046355169046815564333485770731613229145295918 
37000 0.01756530653801663507955390774312176560556508775334805 0.04869624247558981828596746770088099509621315519325435 0.05547272407390325906739974963499673066280593047849834 0.2040801297144298366158417235016742097286623902618885 0.09658178489411463168957342612097605183407722506672144 0.1570818391785507556581476945600783778900222387164831 
38000 0.017393643051097473910089554090252494944479622063227 0.0482068727108217710494459523618004936906800139695406 0.05506183662720708124656688979559060470592157798819244 0.2023789650946115412354650922588383821221214020624757 0.09578006093945813553326186495784355656724073924124241 0.1557615440186647760368102155759117977140704169869423 
39000 0.01717089752865414562489295748071160829795189783908427 0.04761230465646381761153421371957072949498979141935706 0.05457311520392110843684189969149400667447480373084545 0.1991733828035811446023270465666143991256831213831902 0.09476052090606354206007641560738363750715507194399834 0.1531283591129633562887652972750451851879915921017528 
40000 0.01698442123408339490547456964580907978756840748246759 0.04714225224521537897958063136061301889867536374367774 0.05409024907436373841873610869568356207537362934090197 0.1956737047966615427170523552891090446337329922243953 0.09287857342604569787667886937576611217082245275378227 0.1516953220538705400619473168122297579429869074374437 
41000 0.01679737428910203928531571365700969522549712564796209 0.04653691122394456280614879854773402456658004666678607 0.05357654346175239139352152253903405210166965844109654 0.1916065682818662825679777855780727691126230638474226 0.0909675422273489225828994528266768782032158924266696 0.1492331664559316982740901427750834784546896116808057 
42000 0.01664641309233444622120391340192036011558229802176356 0.04619346498402823105938817642435179067206263425759971 0.05265376572522237220766168179497679346923177945427597 0.1885880268363465716630923696417454493712284602224827 0.09018530142898764472692398411202141517151176230981946 0.1483741190519999934003571306906366089606308378279209 
43000 0.01655615235159606468979946215791532182493028813041747 0.04589144690702732705015831973782702846165193477645516 0.05228465616569071203054630200823815755484247347339988 0.1858454897019567121825307093319068485470779705792665 0.08933983232105172312071186824233848255971679463982582 0.1468971707185726861838058129872131019055814249441028 
44000 0.01643751787874315589293744855475809529821162868756801 0.04566356964277352559861914566008422866616456303745508 0.05166449139065719122306712465797495781316683860495687 0.1850064337210933998619476203995048990691429935395718 0.08807870761109897850098249261208138705114834010601044 0.1461695321018945480486331267577782000444130972027779 
45000 0.01627596560078077318714127267457181247323205752763897 0.04519625686883497841687474042005057128790213027969003 0.05121280391579762747661201671700581528057227842509747 0.1826028165264782387349536824094897724535258021205664 0.08744216790429966622120875122115002398004435235634446 0.1447025326310804296716782529896860864937480073422194 
46000 0.01614138953748949512350015222938992565104854293167591 0.0448917487793252532245159500123854456887784181162715 0.05077573466982602620896879164202886158818728290498257 0.1799300623269580108360039816250974809008766897022724 0.08636425258534633241552834828635987207690050126984715 0.1431926822324961310082874418880827249722642591223121 
47000 0.01594239107941390870962011187123019695377479365561157 0.0443407556406231461113161794462822484774733311496675 0.05034245283761458874340110128398073641164955915883183 0.1764413607582715439641221633060297335759969428181648 0.08572517571999255933602908374968620819345233030617237 0.1414432490820431253099407481466087688204424921423197 
48000 0.01572504316446124303591549975500640812242636457085609 0.04376413152162765399423192611005895003017940325662494 0.04985012791593337776866238196527003623259588493965566 0.1773367029386510011513275811290135663966793799772859 0.08477030296413572455719448450750519441498909145593643 0.1394988230366872899632611770837087306063040159642696 
49000 0.01551481032829337943716973809496484371095448295818642 0.04321954594509544961037045100737952196823243866674602 0.04933063535207752473571852884492994206766525167040527 0.1760269744731864485683950002914421872901584720239043 0.08345655407380724938114875330330555414093396393582225 0.1378828392085417017305258233217379881807573838159442 
50000 0.01522739299308451747191103364115205565099131490569562 0.04242839101524920884290787564951941135404922533780336 0.04874007280708778694065818649916455029824646771885455 0.1760377388042413819612200254205447436106624081730843 0.08278351603914858010624605935690034641538659343495965 0.1364400329051141278423851799228572190259001217782497 
