1000 0.07063082861992113468149571964271871138407732360064983 0.1955339286972231298522258494121395244746963726356626 0.2475676523158000847155786258713128233921452192589641 0.7223943248514780278977422123265483833165490068495274 0.49245805850266830236178390578505315033908118493855 0.9370978062077267527587090545360126725427107885479927 
2000 0.05449211418811180907584052098002747044347415794618428 0.1483642234647120884753453487481245076651248382404447 0.1814733743003218767540080103017885448934976011514664 0.5108440301722938255276837415941315612144535407423973 0.3427882993261373084301069091850422410061582922935486 0.6658495592125561881669329467037243830418447032570839 
3000 0.04710569673517910893736438185386283805655693868175149 0.1269692498830652738553426139844759745756164193153381 0.151097623238401433708524845833665040117921307682991 0.4218890948501430368099574669260576342821877915412188 0.2795234390190697009587195154267647012602537870407104 0.5422099845663593576132119333799153082509292289614677 
4000 0.04230708785913917318412041587705196832303045084699988 0.1132365408050148587585682913303486429867916740477085 0.1347848205608242380508249996795555603057437110692263 0.3764390834458813630994215848613038133407826535403728 0.2378648035685466306267659558626448301765776704996824 0.4518646039064778978291275768341961338592227548360825 
5000 0.03853954028889431936166255765474630834432900883257389 0.1031087039360012469704926639513242747625554329715669 0.1231130875904595611166334780117725955506102764047682 0.3286769863184576977361596450410985426060506142675877 0.2143096379827615510251220126702875745650089811533689 0.3943587852790366219779376322218666928165475837886333 
6000 0.03549496307325207069370141994835154974907709402032197 0.09481858941271498024405683935356137226335704326629639 0.113037255844595675064216070554445892071271373424679 0.301676605204084006118907257398831234240788035094738 0.1965447049702470891282537687749787380653287982568145 0.3615608998683643724510617528666855946539726573973894 
7000 0.03280283508030907195583258245674684872028592508286238 0.08820308010301285353972448877168943681681412272155285 0.1025251373702132405357160399583804633039108011871576 0.2728877262943784985757718353216461082411115057766438 0.1795865757532206712050260391522193970104126492515206 0.3308541516970216703349104425679882979238755069673061 
8000 0.03066925904893516444632659435215460419499322597403079 0.08158988770751197442646258928267144483470474369823933 0.09783390441729173534276967419409665183138713473454118 0.253654485588965142946107217403195477345434483140707 0.1698876396413553269040385557131500604555185418576002 0.309067541006272868201994533099430384481820510700345 
9000 0.02928765596846984451018410227501886922141238756012172 0.07751140267823817600736707386643864481357013573870063 0.09415729968697825253467472914059577249190624570474029 0.2366817069436811429280825488929984601327305426821113 0.1589428128644741816048301802366538026944908779114485 0.2923321129694787692105371890161080727921216748654842 
10000 0.02782651069690092876755674929784012405775683873798698 0.07365323734670453631858191845260819263785379007458687 0.08935198676396932830688461801837974007867160253226757 0.2208636461542081248294244408270081692080566426739097 0.151799170006263062286623252705730635625513968989253 0.2771654209247867950937065789629443202102265786379576 
11000 0.02711170206229692717236499834715379719796146673616022 0.0716175323905383542902780731609357900424583931453526 0.08567739400635074009752187654265220828619931126013398 0.2102418288336332244457382162350356225033465307205915 0.1468345146723588182146105762804211281036259606480598 0.266195401990929745434082825950028450279205571860075 
12000 0.02598845051754551562227550307038193011521798325702548 0.06871020768628585261451197085946773768228013068437576 0.08214103159160157383234445935271672567523637553676963 0.201077365052151813112880050782305119128068326972425 0.1399489624668613182328132799048248102735669817775488 0.2546521267335509025012303674362357241989229805767536 
13000 0.02496983814546519732689234052913640482529444852843881 0.06620339611005345740942255525207649213825789047405124 0.07882552846694958632980986326654893048271333100274205 0.1933538039395725351648038306540122732712916331365705 0.1336245775562514354810415145857760421677085105329752 0.2432735385822125660939098737434171937366045312955976 
14000 0.02413293091927759771135738545849713787561086064670235 0.06369597728863954238680061478716787348730576923117042 0.07685356463088940300742860425864400042428314918652177 0.1851689130897770089767854703732830046192248119041324 0.1304989991915314620973473380693974377209087833762169 0.2349046935539954971127211622028418958052498055621982 
15000 0.02334072090817039553305796591164966713449757662601769 0.06163435201613199745430439480120554662789800204336643 0.07382370885127617111953757245146334753371775150299072 0.1773550125722291928700774174543219885435973992571235 0.1257511838723113911913537021902698143094312399625778 0.2268876552577554942078264660354491866200987715274096 
16000 0.02250266772445771725813165858171016608935133263003081 0.05942702307597195087701777600763808351302941446192563 0.07051879609080412736506204840480904749711044132709503 0.1734462323812303037975143110704934201748983468860388 0.1213377742816101194942100122142747409270668867975473 0.2172840184507292616070388974192084674541547428816557 
17000 0.02186975907812537316688154993837844841664264095015824 0.05767074008520437628554978527761765150216888287104666 0.06840656057548257388341468587800164868895080871880054 0.1688675147916704725477689622015198267490632133558393 0.1182263930611143343528965723998602754818421090021729 0.2160555849815903022438211972255928117192524950951338 
18000 0.02119084911780074800440921718031050957620209373999387 0.05574210148754662099687467655129147203751927008852363 0.06682922993322062202574841000002336954821657855063677 0.1646199466430156551553743923821393480011465726420283 0.1156119371263513116777931800938095108222114504314959 0.2089187906547307282755605514767971442324778763577342 
19000 0.02055733483784886380699131417509883945626825152430683 0.05402104978381117257995040932538888256431164336390793 0.06511410652643024743609859866788625026856607291847467 0.1608076138249709557563387959944201099915517261251807 0.1111997698512325619680228029617641283266493701376021 0.2031493425678518627725552617158122359342087293043733 
20000 0.01990244338876649552123930617814062671300234796945006 0.05221380282147005960378190365933637195894334581680596 0.06363849241786234582163393064258016806888917926698923 0.1561517417010130394372513507050825865007936954498291 0.1083134934162654345300453445632982152346812654286623 0.1990305733729309675629406267693966015031037386506796 
21000 0.01939521302836305515969689359373484549564636836294085 0.05095369579979403745217145065005137638536325539462268 0.0620354811415055942813972372773534402767836581915617 0.1529030695206022229275981752505408906017692061141133 0.1043872950572009738711407901556871280490668141283095 0.1929126954257275465190847943408591902425541775301099 
22000 0.01876133810546502079845355894643921246256468293722719 0.04947426906019182645695732303270375496140331961214542 0.06004367321015793750927681815543479615371325053274632 0.1486981071995094887572708836076529337333340663462877 0.1019381331482463980876869945324525446039842790924013 0.1887501563552329466032534896480221675574284745380282 
23000 0.01824757361897135612032242162755535375140425458084792 0.04826072152118304773441080472717867877463504555635154 0.0576614211792440389154365629892362576924824679736048 0.1452299090098824767611608924089416916558548109605908 0.09949913978302507478639667842790217378023953642696142 0.1837291847137380603578130783271049608629255089908838 
24000 0.01803364001787288149080594815143463449658156605437398 0.0476173771411960033423770976418465394885970454197377 0.05707602070073524975116316566847718405597333912737668 0.1426103890272564834351036802684298265830875607207417 0.09718835214488612555974820367277189347987587098032236 0.1812165064543393224480525433017774616928363684564829 
25000 0.01765919197935196396928385874358635732050970545969903 0.04652480734523920594735498131033768487441193428821862 0.05650306925569498129235859046337608901922067161649466 0.1392765027150137022003304962392000732052110834047198 0.09555123100798071930308706309342703377751604421064258 0.1773464786778457407567148942928447752365173073485494 
26000 0.01743634395316405195524884098184914549278801132459193 0.04583950177059385176599128237928670870360292610712349 0.05571040676003169398407591748900724581972099258564413 0.1364190551187685937863710433637365326831059064716101 0.09406424084120252127532791144859380949583282927051187 0.1742801921183781521771001543630319474686984904110432 
27000 0.01729905207743969509213044673245907034697665949352086 0.0454532371256897439851544714950470904568646801635623 0.05486452185851900484076393987864506129881192464381456 0.1337911261798156626766278382012487213614804204553366 0.0917191579541503848648029834089712153399887029081583 0.1713078621327019939618065136333058262607664801180363 
28000 0.01695416776703271609007684771891488750839016574900597 0.04459001610258382250769168715642809530663726036436856 0.05405439998924372977669823223112466337170189945027232 0.1314046757386599515777690291851165227399178547784686 0.09001266900131362219146914996348307624884910183027387 0.166960844326877377451386064155514077356201596558094 
29000 0.01658326583817473822659216333569309753670495410915464 0.04353917019280962880117434241067364553146035177633166 0.05332135214673318990023158196744912373787883552722633 0.1297073344657893621481451265631257285804167622700334 0.0889418781052657373423697348413519137011462589725852 0.1626237277890897892220845380450988670872902730479836 
30000 0.01622146540822695375055819289739078570278252300340682 0.04261174164036501126496137709098732671009202022105455 0.05242479364883706098528258834901016882668045582249761 0.128199953412069125318500407983979272330543608404696 0.08837340841766019789896942013274205862671806244179606 0.1609884531070776015064700825707433295974624343216419 
31000 0.01594363076413151130972234697374956269300128042232245 0.04180781003468405996792889474378274172750025172717869 0.05187824099335641962765395748813368470564455492421985 0.1260353121089266757818289979575787640442285919561982 0.08640711355215853234790907011486638111819047480821609 0.1569997110031207440249828577449875410820823162794113 
32000 0.01574993899570930236336905715804901362275813880842179 0.04140600524015544754000465142718123701115473522804677 0.05099901400114264220857457181323990624832731555216014 0.1235397319577519951696231367832545799956278642639518 0.08505719437659375549751856679381312176246865419670939 0.1551417207080887852036149912593465671761805424466729 
33000 0.0154950237001288180748774189234018283656268977210857 0.04077220582546006223497087918306025500214673229493201 0.05031667655481188833853367636805842266767285764217377 0.1222937323719209812199703278634554948212098679505289 0.08345897585465068537559406650072624245240149321034551 0.151692772803379338761634552434909295470788492821157 
34000 0.01538123129718005042829631276446455956374848028644919 0.04039567729103879386331793673037271474868248333223164 0.04953657596370104219333629219645942498573276679962873 0.1205006401132029395507319798064305160778530989773571 0.08322921226438967162112453346267670895031187683343887 0.1487284793046033969831287366303307351245166501030326 
35000 0.0152348521397342785907300577105671912647721910616383 0.03980942469193551260612791257986753379327637958340347 0.04909580995465097208446799900705137531531363492831588 0.1196830092441300640677612210360791777929989621043205 0.08277639852826278615724421225396945089869404910132289 0.1470834712303999870374078551282792659549158997833729 
36000 0.01487386521319511886798654231450766971533994365017861 0.03889647374341069388341274315479267897899262607097626 0.04790088648980357315782484250998862762571661733090878 0.1172351638127752797448712443473262112547672586515546 0.08117825872765830164074852062783271833268372574821115 0.1447850755752232267744173538348562146893527824431658 
37000 0.01473435126723398593771705749125300322077691816957667 0.03843383906416940650941260933237675345708339591510594 0.04771058263332936694053844003948761098854447482153773 0.1159801292024640538864542656238842965876756352372468 0.08040719503476347627593913761079313928803458111360669 0.1423619813037342986483885579063191073601046809926629 
38000 0.01459998468950706880583337516146813506168200547108427 0.03811056640408860148424219013718605708618270000442863 0.04712655733798054280808253330148360760176728945225477 0.1149342966624918630400248135969842877557312021963298 0.07921802362983494805176313061090276335107773775234818 0.1409165027871094788200750230755531333670660387724638 
39000 0.01442278095409229050408286615034270106150415813317522 0.03754720195009225818582395024780584691370677319355309 0.04679611819709248315436993931326625784095085691660643 0.1135107462901864235961003901653754155631759203970432 0.07867851893093329419218585202289162339184258598834276 0.1393979468937018038806338951496321953982260311022401 
40000 0.01412842155888197682541465019165349836782752390718088 0.03686227695640858095666174583382446172663549077697098 0.04583903665778250630276346999636416512657888233661652 0.1120586586189461283794618212672489221404248382896185 0.07766822879697702019613459942237732036574016092345119 0.1379506410204157472177951063163625633478659437969327 
41000 0.01396696296191519257575086804604169721244488755473867 0.03640203237159524375500074637457270654294916312210262 0.04522312333163520892156364734681961436990604852326214 0.1105989789775637032002162177257709174682531738653779 0.076543230641206877325969770015090531956047925632447 0.1355683932188442311438493839692576159450254635885358 
42000 0.0136416427752079844906856506518699756469459316576831 0.03565139092081312756956626083826300543933029985055327 0.04404659457276264908619787044607996051581721985712647 0.1092924402639075824643583381701184009671123931184411 0.0759404425101057656602963896741442795246257446706295 0.1338309259366363235217245800101615316179959336295724 
43000 0.01345575359620735887570733670462463926753571286099032 0.03516316626509751930073971112888919776651164283975959 0.04346048613190039783331060710414028847026202129200101 0.1086535266202361981035932371464358681123485439456999 0.07534421354071576239572064284666375044707820052281022 0.1322525657255636993066705980881536675042298156768084 
44000 0.01339185453729869622921085439704036446073587285354733 0.03509020063427076520631083152157447813124235835857689 0.0429046401754816039442750122412384428116638446226716 0.1083752707948000795805864812648700024055870017036796 0.07490197311334627262196291658247204736653657164424658 0.1312521690890790699332395241594184653877164237201214 
45000 0.013184049127032638629409774539552602234948608384002 0.03454465423193525506231861196826393722858483670279384 0.04249338841185380832751435423166874727485264884307981 0.1079824386656656772355902806914684788353042677044868 0.07384901847585068638608234506404137675872334511950612 0.129923808263010325369092405611848306534739094786346 
46000 0.01320532761472386923581585991410713987193048524204642 0.03460241848818583671699099756080553191850412986241281 0.04241303163512777044146699959026314274979085894301534 0.1078500808665965459174707410938687246471090475097299 0.07317173042253098272185134892664493122538260649889708 0.1290926679847467724212553216722731974641646957024932 
47000 0.01308157318774866304280626774086959684950670634862036 0.03422746473043066985927169662562441487807518569752574 0.0419978816993133890286707485955952634526511246804148 0.1068436307025605996924859548979913625998960924334824 0.07254023771062817179181014815014805208193138241767883 0.1269901270132268408964834258134679600971139734610915 
48000 0.01290601123694327248528135104396752375066625972976908 0.03373159588269735890148233979635161716714719659648836 0.04166500975982288098998346757839694731728741317056119 0.1056627221332406105534307619309153380982024827972054 0.07157806335512214673507183637646278384636389091610909 0.1254062699199422086963418357385968704420520225539804 
49000 0.01285280777658803134426776385371149480363328621024266 0.03365312863154451684160532558276468506619494291953743 0.04116341513486080722707171133945003305143472971394658 0.104740452357549570471244738262273088480469596106559 0.07144214327351027049535286614356799361758021404966712 0.1246266742803443002002164799457695210094243520870805 
50000 0.01278401031277275906848113744967987415179777599405497 0.03344208016674382806000809242874538540490902960300446 0.04102483094298287178461033877785446577490802155807614 0.1033174256462649855982383062524831984774209558963776 0.07078592037340441012519508257039291265755309723317623 0.1229953279069144555602031282370845133300463203340769 
