1000 0.06765455536630277735165488531277055983537138672545552 0.1903144161490529401878444432094639182651008013635874 0.2236045693026433721942126606196943328086490510031581 0.9211339802928396615334070973712954355505644343793392 0.4892606104463471352250189538857227944390615448355675 0.9067009865367310260061452231727940898053930141031742 
2000 0.05032107466662508352017615757822976974011908168904483 0.1410764795529894213762253998845075386725511634722352 0.1596692064092775011915166169518265348870045272633433 0.6642711103041974903004630859104651108282268978655338 0.3390648682496787631507253329976592226557841058820486 0.6279038287607172716267914247545434136554831638932228 
3000 0.04184181446819830786258221158591119603897823253646493 0.1164862126187827223627369900571526528665344812907279 0.1345903516049691391937752696361663140578457387164235 0.5408255364926000831717403660725551617360906675457954 0.2809920133357999924453383272515694102366978768259287 0.5172560910205897039730940645263501664885552600026131 
4000 0.03647246602205367979490733404412949880679661873728037 0.1010714709300449333810242857900618673738790675997734 0.1175977925761801562610934027142128854848124319687486 0.4590477928952258203604101793882108495381544344127178 0.2396563587015356378982951224276831680981558747589588 0.4453497702242907029272431240762841753166867420077324 
5000 0.03301570692495739123533803754950710640514444094151258 0.0918178113352242717938806251809502612104552099481225 0.1026491129618674284836184716629414737099068588577211 0.4310708382708012896653189394147176471960847266018391 0.2127623781315947290571338051945460279057442676275969 0.4120413907278842727049603111844078284775605425238609 
6000 0.02950486444499787835963602530831018100343499099835753 0.08255026811991704790695502033659458618330972967669368 0.0910144403125547620886587676936052559995005140081048 0.4006257950104486884230787363536663292507000733166933 0.1890826750146372653253734608114200455020181834697723 0.373553664493541798062971673322074650513968663290143 
7000 0.02689044301761226734532130890065193540294785634614527 0.07538594865386342987287771749693732203922991175204515 0.08497252894607579633469039356863383716245152754709125 0.3807158488934292406269919994965533760478137992322445 0.1774847097729771162833919961876461002248106524348259 0.3403699328572045447439085863461372127858339808881283 
8000 0.0254504175205693422623848048633177221233836462488398 0.0711751071778615103198746029422583347923136898316443 0.07925262166628499508968337325387487624084315029904246 0.3617187142328678476960093085557090830661763902753592 0.1674130676632901660385059280922170898975309683009982 0.3125166395785403957807788849487806714932958129793406 
9000 0.02449025288458749012540400114695815503296216775197536 0.06831364211538481989255617091161276732691476354375482 0.0755145196759491162539676932519139285204801126383245 0.3455216900386982070464587935010314367900718934834003 0.1550707438332191269117097884300271459778741700574756 0.2941357811860866117105364064832073722755012568086386 
10000 0.02345671532148163266580712365411143238702607050072402 0.06518694999659069830489797545136632095363893313333392 0.07297427063052515969454299774032968173287372337654233 0.3217339028415240887977602501912599564093397930264473 0.1473092448237112559621727475578367716479988303035498 0.2800154971244979579822823034795931107510114088654518 
11000 0.02217442684053865663526311675923796684628541697748005 0.06152810132110471941010586445497398955239987117238343 0.06958107946011140638358297150212194992491276934742928 0.3080067675355458341461978993836012818974268157035112 0.1414426364743747839910906552440827965710923308506608 0.2745212422430994698139584964113879550495767034590244 
12000 0.02122417249734052535337081295957473159319306432735175 0.05890055407724774435976929781721977974484616424888372 0.06648067592855336234691212768388446363587718224152923 0.2904724201101330236852483823728476863834657706320286 0.1373852269267151412910276872536563530502462526783347 0.2631504826557454012161182260731706605838553514331579 
13000 0.02051917345765427900001619428149712831555007142014802 0.05702459905427762657610570723454301855781523045152426 0.06390451908038119458772699857385113375585206085816026 0.2754334534701057054931813000697715665410214569419622 0.1328441196672315868185796153277955511384789133444428 0.2553966653321080769131236343216784234755323268473148 
14000 0.01987437501924639897978020191410264416731479286681861 0.05498822655864964057900474286855185823696956504136324 0.06213221918154525862240319944440614108316367492079735 0.2637696667901562249411526878128952944280172232538462 0.1290858325885205743583858395417962583451298996806145 0.2465164097894100756039369518046733276150916935876012 
15000 0.01913872162006248800637927751089328864964045351371169 0.05286203047844332068426909804204072429456573445349932 0.0604199456626898219464936058004100871698938135523349 0.2568186203565600065181276367987095454736845567822456 0.122935658515188523072297292065835350172164908144623 0.2390951520560725105139180529656428575435711536556482 
16000 0.01849092294397483175532811983110548226250102743506432 0.05088513405328205772791268050869728511997891473583877 0.05880562404674794001668489129563965889246901497244835 0.2475872891453542498353635956109819460380094824358821 0.119047066851677261501427692452770301656528317835182 0.2313171859880692375437388069725486161587468814104795 
17000 0.01793592880595771934853967927159246187329699750989676 0.04924695100707277381518094452883538281184883089736104 0.05766147911014621305056718734982634799735023989342153 0.2396259819459999154846316024580765713380969827994704 0.1154691570169409235271430237690371001235689618624747 0.2238435804729512422744496652482482090817939024418592 
18000 0.01764264967905273446536725586580862668029112683143467 0.04830107325695380001253156909690744669205741956830025 0.05647834475199559359589627713371662309782550437375903 0.2319716288965193303845064090595862182908604154363275 0.1116687858607671131325254736121888043953731539659202 0.2190997097704291641319428521339496285236236872151494 
19000 0.01748085174952538428437369671247791913515357009600848 0.04776071813917939596700256918437865749638149281963706 0.05569799107799231609202783403744785317712739924900234 0.2269388502676703022370484699732351430156995775178075 0.1093675174034119200298671020776808404662006068974733 0.2127146169239876235672629875561590040433657122775912 
20000 0.01705927985169853691500721579871191480037850851658732 0.04653143697468376591543180037513494085033016745001078 0.0545951521667409706426907743670451367279383703134954 0.2222866232731097592645276225797879021683911560103297 0.1074819399712320622491783239649265624393592588603497 0.206701057213948138257175388132758087067486485466361 
21000 0.01646857865572051224712138949024531342502086772583425 0.04500876914976418352584762276602514674550548079423606 0.05284780894610088849595191419494799589529065997339785 0.2164501892177346913261450425669529806782520608976483 0.1051027485017678531683139181440722609295335132628679 0.2017698849487219133668142526105704348537983605638146 
22000 0.01619254574138036684007935835788449807637334743048996 0.04404118673630800217535467139251537105337774846702814 0.05211410702249008716343213996891048367388066253624856 0.2115887306913118916674304559322195018467027693986893 0.1025907280943710846724458915502076195025438209995627 0.1984896710098448569274329211786778159876121208071709 
23000 0.01592580746168681893983932757602461904866686381865293 0.04330728898409479475905539333502325405333976959809661 0.0510439827621310546949904424218757981179805938154459 0.2065153070348112250391447997088789634290151298046112 0.09910799897603577323279468863637120534804125782102346 0.1924904867583324772896359242113639709259587107226253 
24000 0.01578646267702196176390219174712203908939045504666865 0.04269199712263732698227613852892670109895334462635219 0.05064003545756574043186092233537198836756942910142243 0.2015127064446404763512149874160606088935310253873467 0.09734574767132070008114575962454573243576305685564876 0.1885894944407246281395818671144937184180889744311571 
25000 0.01556034015353539991816252639755813191868583089672029 0.04199639245246774109371476133012457410131901269778609 0.04985637807068452294139652286597552688363066408783197 0.1968358976251353043587745059173066408675367711111903 0.09566955013117704556161813647663372250917745986953378 0.1860885148808715426279897925398998381751880515366793 
26000 0.01516337328089767783397153171759397238815836317371577 0.04100588331329935164214824799833181145913840737193823 0.04871268975027379288781259787655120163663013954646885 0.1931533882717911975888600006889816995681030675768852 0.09393143721738911972404416014792438716085598571226001 0.1820674340994932041611640075040590147636976325884461 
27000 0.01491869978202414470126995621468424246813810896128416 0.04034537048680612213386389997005210261704633012413979 0.04834987306081367687419017564742773629404837265610695 0.1875265482081552501070469823885034088561951648443937 0.09267751194064855821403000821212536664006620412692428 0.1766583094861612618077474287647810058388131437823176 
28000 0.01458040974794508478153582135480870185517687787069008 0.03935878423363505342665730202256213487999048084020615 0.04737678375313266649785986714404906194886279990896583 0.1819937537507080955111963410653075357004126999527216 0.09122328753732475750524598054336244956630253000184894 0.1722107120070132261683117438910706198385014431551099 
29000 0.01428994375689906289738647466799892349342826491920277 0.03872887165286242828606487996478957569479462108574808 0.0460326778862628874271689313757427441942127188667655 0.177671235680442121868984062249552380308159627020359 0.08987198911211636130516415554847498015078599564731121 0.1691867913686775163879891931140164729185926262289286 
30000 0.01399119616921235726862476553278291646620346000418067 0.03798231380762174212638803381947294468545806012116373 0.04520339344929269725830768035523821168908398249186575 0.1770127717717807078933118028474247296344401547685266 0.08847884453986091968805344568083093292898411164060235 0.1659169799322774512245065592352943895093630999326706 
31000 0.01378611883306477812184779327756012357042436633491889 0.03727681128896932651587857107666756917296879692003131 0.04460932226498525607780924577550063503394994768314064 0.1748269028984031502087703388581552133018703898414969 0.08672454129192527162348601288410776533055468462407589 0.1621287802979404177474266959824156231206870870664716 
32000 0.01352882258698515849712614919631015197865053778514266 0.03654094858036289029953685124352258384305969229899347 0.04417622799492363440442346811387608340737642720341682 0.1725918651114102900256432049364008207703591324388981 0.0841992181305514037696451079550996610123547725379467 0.1585798203470342586271198473402144202282215701416135 
33000 0.01327494166534940778588968482085141964432750683045015 0.03589913454502573968656455385972670057981304125860333 0.04339422842273030806551910136537042461668534087948501 0.1716935991033997461558064170916715340808877954259515 0.08234259445490381269756397300541017614250449696555734 0.154507305497163092408490978058033249453728785738349 
34000 0.01306536818756907929419455163463914537658183689927682 0.03526624305606200267479703909512256387870365870185196 0.04272908564254794242827503389370313868766970699653029 0.168601435658445247752238935201596348179009510204196 0.08028770106727738666517728977067847040416381787508726 0.152429852631141907166141200025144541996269254013896 
35000 0.01286695169786197360637134768160394493463627441087738 0.03473984874837420665130271330012234898276801686733961 0.04227956587733047621983245058230327373394175083376467 0.1658223891351389645351524851357716272559628123417497 0.07915803544114930272813717912483433281067846110090613 0.1504409433840590550274327746871350086621532682329416 
36000 0.01265237828419888605148608835132550964885922439862043 0.0341639276686606506500045333379889100910986599046737 0.04160225103940692159109736997235629019087355118244886 0.1624534789423034323674419759919729244757036212831736 0.07821398674951224292447964081542721714868093840777874 0.150489588266121965035005368649390078417127369903028 
37000 0.01241773843577048317793039625134277059714804636314511 0.03367630462992501718159053802903457608408643864095211 0.04062719936545912190428665386465745257282833335921168 0.1610181394221146472463300838851019136654940666630864 0.07766041444358623905663396164156253576038579922169447 0.1483310912388772531792261941130384172993217362090945 
38000 0.01230475048787113267514915174866141356346815882716328 0.03331397439997136825982448730953944249222331563942134 0.04030427087527727184935750354144445850579359102994204 0.1599770347074031598264736223069526488416158827021718 0.07601422439245212436104408987302960554188757669180632 0.1459436440582645694687483062246258214145200327038765 
39000 0.01208512543351751417284976755986414254095961950952187 0.03276439398990703314817982821915975932824949268251657 0.03964444153040506600932466746423088466144690755754709 0.1581194943627167758454015941693704405679454794153571 0.07479845059215505219542925383069409406289196340367198 0.1429459147379057507563394902039277667427086271345615 
40000 0.01194744264545842125250574902034506052928009012248367 0.03243670030384454598131505238811644886709473212249577 0.03887649361052791463174739539088164974600658752024174 0.1557842733522439829154521140353040209447499364614487 0.07393174839337609940064866345665883784477045992389321 0.1416908272574716268221457077247649181117594707757235 
41000 0.01176969773364876257379884032933103910067984543275088 0.03200992966779770044320209930466258896331055439077318 0.03840042449408576884838724570248036371822308865375817 0.1540165089442159903671989915063811338313826126977801 0.07300987086887968358875789648410048471305344719439745 0.1392889719967247619454055185261864835410960949957371 
42000 0.01150186429204700552714120973321620944318510737502947 0.03132523028914339037592751667504753498860736726783216 0.03746336726179091596302078541469438022204485605470836 0.1527570429992238882152414194970369010206923121586442 0.07197449372462424940110519225311414004409016342833638 0.1376385166823263791975638994924402425112930359318852 
43000 0.01133734018422262895621396286069404446550379361724481 0.03094720051630621905504705312223157065432133094873279 0.03666085368349267742751635551501365739568427670747042 0.1500410042458233336070587762844930068695248337462544 0.07082387351174584591274830877583035260158794699236751 0.1358340430577092411960514126145760371855431003496051 
44000 0.01118626898215881788832109502637712772354916523909196 0.03051352650365846180658779655814338838126786868087947 0.03634232514319873957563664969294681128531010472215712 0.1481397669451163621328910330321448896029323805123568 0.06929774073124704206324761535107370491459732875227928 0.1344084613858522895071551800372233742564276326447725 
45000 0.01108929569205252969567109628742929139377793035237119 0.03022549958936154908075203372186390282649881555698812 0.03589151502480123341566262129553877002763329073786736 0.1467736192481999546590809915813657937633252004161477 0.06856098377523742943201240027106813101909210672602057 0.1340546689878884352095655962955333961872383952140808 
46000 0.01092998842647282801444490489203853478272776555968449 0.02986259403202176192633444593016456281020509777590632 0.0353221320606502596813741894771210283465734391938895 0.1443327142158367013647724333424982035012362757697701 0.06782646627652024371129928226320515705083380453288555 0.1321490461269742644690372221361052140764513751491904 
47000 0.01073747312098847852807179028417072785828167980071157 0.02935243220718593561385616197423331641402910463511944 0.03478093963374923752130351249645112687858272693119943 0.1429333752140583872015716301873133886601863196119666 0.06658286474816293238411816710065060931356129003688693 0.1299938069536209793767254916385667229405953548848629 
48000 0.0106826016694293765844071234134837755647140511428006 0.02929922029482632103129932047563821484459367638919502 0.03428068206653917595686507403807130600625896477140486 0.1407993345936726270375537878321026141748006921261549 0.06585331126022534608708755565764647599280579015612602 0.1292007304756969345336343676922119527716859010979533 
49000 0.0106108757853059832267769908333010508982852115877904 0.02914437543829078590049402180950366414435848128050566 0.03391342623338439737386415182007759483440167969092727 0.1385169961929473537537394964291870280703733442351222 0.0647580251555408807983909257044441432071835151873529 0.1275795890289711307356455491368585342115693492814898 
50000 0.01046591954539802064866874835649679376103904360206798 0.02871253204474152095131644045478136462179463705979288 0.0335580762487463938952784309188714928495755884796381 0.1368919947322936853497180043071068666904466226696968 0.06437968079569967441098390578679833140540722524747252 0.1260152233480931030143836271695256812108709709718823 
