1000 0.157302740972006158159165328802586714118660893291235 0.1545135135020863217323585855900169860888127004727721 0.1728888710347644184730413544071048193018214078620076 0.9108694368054183913624086144089631034148624166846275 0.4263784411862337231943851506565934528225625399500132 0.8796324682211435203168722885003205647080903872847557 
2000 0.1073583818307223928671710957982732281834614695981145 0.109413507587003304880155125922147618666713242419064 0.1265567133905277531492590895045857735112804220989347 0.6583048966275436805523253724903298689241637475788593 0.3126056423169343259540597229628744457841094117611647 0.6392951763421231685413127776573816163363517262041569 
3000 0.08863015532406143858813220293146883932422497309744358 0.09198555201567685457928044354125596271387621527537704 0.102869959926305087022466600715775442154154006857425 0.5239024000768585919438416476090480955463135614991188 0.2524619478050759659095315240451284921618935186415911 0.509432572796014679968479993421581752954807598143816 
4000 0.0756592434515999941277864665467589588843111414462328 0.0806988608743224349934995351385502715402253670617938 0.08805032611509302452855191961633707364853762555867434 0.4707376970507189711985518432157959978212602436542511 0.2167256068716226996909157698212311515817418694496155 0.4522751452785949306529926505771044276116299442946911 
5000 0.06856958526116478999109333722361547813761717407032847 0.07320474969442591459432368231063925634316547075286508 0.08075161119714932843370938653215773683768929913640022 0.4369696352203913653324332533323115512757794931530952 0.192990680247089128651659731272793862899561645463109 0.4071482798703258808184577560718153677044028881937265 
6000 0.063488090648669741192840904053795725303643848747015 0.0664411188296663757883188904107552019695503986440599 0.07331037049403823851415756829297265539935324341058731 0.3951875216506949872231641701647575359857000876218081 0.1753256574701105426436096787479179681668028933927417 0.3710457527867213771476193745479932317721250001341105 
7000 0.0574199434015972892927427186082756094265278079546988 0.06113941469024635651444816129840287288743638782761991 0.06680652816784905202517974923126509168014308670535684 0.3701322564439773228487425699162471914860361721366644 0.1607975888835506136725038428547662761047831736505032 0.3438516568132354939374504404492327580555866006761789 
8000 0.0541017762761270945631394708313921526610101864207536 0.05758547363282178337229679811193339133978952304460108 0.0633392361691468034357315082527595251349339378066361 0.3446032826033088737995371819700096693850355222821236 0.1513145297855048911355065055506230464743566699326038 0.3185626940433231116820214645635189754102611914277077 
9000 0.0510641361193076949236916567409494405183068010956049 0.05398130574282907405230230030168669941303960513323545 0.0594311662464342335168677403794967872840970812831074 0.3288390310211728110982316169996764187999360729008913 0.1425175873994555657297590711696244625272811390459538 0.3012865998786398662027431749610428823871188797056675 
10000 0.04835892001707493644108138385051542940118451952002943 0.0512015257788371629248959891744785721812149859033525 0.05546917831826223951584308759221730866784128011204302 0.3114947053739635802734140451741851052247511688619852 0.1343376000026728170908332793409556416008854284882545 0.280734076135745092640859724153479248798248590901494 
11000 0.04611690644151232263355552447314789077381647075526416 0.04966308708095831418589103690985897543441751622594893 0.05287627488590451644057707607238238978197841788642108 0.3014466293166997297144418799241805118072079494595528 0.1271117721940460588037503236735759060138661880046129 0.2702354564345157484142861264997392822806432377547026 
12000 0.04470006041900399248613232928983851621751455240882933 0.04727037571151434835990136872074796059450818574987352 0.05021711042809153745610688604483762276231573196128011 0.287957236939486596204087337502741661410254891961813 0.1222560712643600308282198704801224664606706937775016 0.256948787404567722880222371828473626464983681216836 
13000 0.04321092190203875592146394099546391487365326611325145 0.0452771956907505625900640586212198002158402232453227 0.04911681858756945147641455318154868336932850070297718 0.2796256659522550561407412683667672581577789969742298 0.1156960690350743924478425436741524379158363444730639 0.2438368916246678375276714378916409486919292248785496 
14000 0.04225705191405074582139183778095592458612372865900397 0.04375573378336595439683188654700352060444856761023402 0.04737211828466781544954601612662514753537834621965885 0.2685226386176805732353394667866197664807259570807219 0.1109117981784687134944131919889187543049047235399485 0.2321115447318317778557317590526487549595913151279092 
15000 0.04024788572984401320288246409195842545614141272380948 0.04197078751241336173213544204207980925502852187491953 0.04586115838964656798355822887869326365262168110348284 0.2581129158618470600299391048970676365570398047566414 0.1080699090777391723410894366907974983860185602679849 0.2226919048788116485689762141797487515759712550789118 
16000 0.03880467301083147685594894847616043165317023522220552 0.0407022305340945984626513463183750118901116366032511 0.0444537441969846857879307498034870960168518649879843 0.2557894689661153374499527601848569702269742265343666 0.1046895926240068196966226908573016629588892101310194 0.2131402744805812143582190651414087767534510931000113 
17000 0.03850660261241717672144393991295885371073381975293159 0.03929350902820092265941686465735571687218907754868269 0.04346509553381333023153111801140102699037015554495156 0.2476832085674795363305781062401855763255298370495439 0.1024189066964879858893217555448895694780730991624296 0.2069812830712120486909011418674708693288266658782959 
18000 0.03764607817748204548317122845879634240873201633803546 0.03785777569507918341641270962294463231501140398904681 0.04202220906933407865355947947982873103001111303456128 0.239368171265946420996854199225722936716920230537653 0.1004344076902655110141381576693841992664602003060281 0.2023597231331954878304950698475472847803757758811116 
19000 0.03642836688970606159651403378740841532135164015926421 0.03700307536118251577496166861147575133372811251319945 0.04085100366452060165466672950196347358087223256006837 0.2324450426027503781637156138328847987395420204848051 0.09780162043823219060662867152533550552107044495642185 0.1977477481028409329996600035661558081301336642354727 
20000 0.03522609153629211164857797447536036372639500768855214 0.03580601483088825078205568244738010719174781115725636 0.03963579431136358814815158838062991719652927713468671 0.2249668631711857758715506980240483869692980078980327 0.09399959349259981720617991227118004360363556770607829 0.1941620989263712881696486572957738303557562176138163 
21000 0.0346324813438050223991370325099525828704827290493995 0.03517835137781108238743646605961590267952487920410931 0.03815987419193257255668966579364997926404612371698022 0.2173142629636498514826168856894916814326279563829303 0.09107303080927180659841224663608727496466599404811859 0.1883118031453972687755795203945474725060194032266736 
22000 0.03353151903144957455979663710210481042395258555188775 0.03440152619654491363877530513137870116224803496152163 0.03712214121625198391308153751666498720851450343616307 0.2129615044167269802044334045532103516507049789652228 0.09025210215557156114983723693701023194080335088074207 0.1835820066382798414547769180749092754467710619792342 
23000 0.03286382419532252714493812673079986552693299017846584 0.03331140521089967211927477565291955130533096962608397 0.03648561525894257799395139010845134919236443238332868 0.2064287383639182439615906636265485474268643883988261 0.08772762231871436784723470442282078352036478463560343 0.1781841804901287354293091397261505903770739678293467 
24000 0.03209339723360279042073568700477181891983491368591785 0.03249339917738550121800418860051884450967918382957578 0.03572614429905810962481574680205120841947064036503434 0.2024136286119889875710717991319498310076596681028605 0.08508026748141742866385394197803471172392164589837193 0.1747111947267778508577741949925332676230027573183179 
25000 0.03119172264680344007008693223842454855798678181599826 0.0322547130589531191241297550936772964291776588652283 0.03529460751132265923542936057744068278907434432767332 0.1996969944509611910213970828453788897149934200569987 0.08342631526570354065139821508889639289918704889714718 0.1722688521390052026759261150079538538193446584045887 
26000 0.03085540683987309800769959378802242966344238084275275 0.03171758623650960123925199828087695408385116024874151 0.03500460067460418880848534162186780349657055921852589 0.194495845519254060857622379288045522116590291261673 0.08229219840298139804354252829776683597629016730934381 0.1686881714905815302015532411439302507005777442827821 
27000 0.0302844306792912796254778340365731992278597317636013 0.03122227451453433759987724123441399370904036913998425 0.03456642241734042568832669869993701183830125955864787 0.190782461977458116318250719301019557860854547470808 0.08087902059700911833834899300477161432354478165507317 0.1650209239953033270694371034692515820552216609939933 
28000 0.02959992248066254117566794765159521318764745956286788 0.03056736210070625651662591486246167704621257144026458 0.03397377063757643421581145122545297709848455269820988 0.1883140914274673943627639097209147678313456708565354 0.07840482746592325382500865416091073711868375539779663 0.1621320375014017657903844099598344996593368705362082 
29000 0.02894574380057883218030090072964144454203960776794702 0.03010802438193658863734209797657914720048211165703833 0.033103714305101936864672226845662805772008141502738 0.1851849012819040414236588035223896042680280515924096 0.07735535620662547398818315383395294304591516265645623 0.1599633935223137808084989050505519969647139078006148 
30000 0.02855928518045400435235408979905979975910668144933879 0.02956119660171173714344411767585008021796966204419732 0.03287993690133423627648223512565106574356832425110042 0.1800541791248019303500879292889713667591422563418746 0.0762280678311235591827939306330819135837373323738575 0.1570888657931871466052857477802007224454428069293499 
31000 0.02785663660943343089714430323156069135848156292922795 0.02928387874552927884229727977655199921969142451416701 0.03206212454265518254086127225566116294430685229599476 0.1766576164376931914014919738908915292086021509021521 0.07499723302876117110474067650738305701452190987765789 0.1532456877273335821640224199691182604965433711186051 
32000 0.02758886750774084432793076954171240799951192457228899 0.02866185207172471361322901688140074583088789950124919 0.03143175462053141809085619363950403482022011303342879 0.1732673294650099217201894008510976163961458951234818 0.07410912709679442899473895273176893283562094438821077 0.152431822786998213538974152048144361515369382686913 
33000 0.02731773178448277328777497180434252754821500275284052 0.02810703154063190418296869395320403128835096140392125 0.03112237515829963604691141190045078346315676753874868 0.1701907389807112129943410944177273336208600085228682 0.07326432933368301987289835860983622239928081398829818 0.1499980107753957689608334882813700517090182984247804 
34000 0.02708925289252817695045895581007489028024792787618935 0.02790881517008135546465460302689720606394985225051641 0.03045263716245114321969165299686110870425181929022074 0.1650440863648081794639536218349817886519304011017084 0.07266380722676396133126626442066964273180929012596607 0.1474081607803690041228828269681550011682702461257577 
35000 0.02667507058023033043899613879490484436018959968350828 0.02775562649859161815183447932775528954607580089941621 0.02999794661142440888023112579435780489234275592025369 0.1637526615532592510218962492118954799025232205167413 0.07172557791632906250360026886858655359446856891736388 0.1450039841349196453521280120169123506457253824919462 
36000 0.02645454739079896242773173170581557656078075524419546 0.02757187067697049804723891715946271219195295998360962 0.02945532895288776679875645918282867086190890404395759 0.1623785636615644076648961105502344537399039836600423 0.07161144660075472508103553923031192596226901514455676 0.1431118785423303417785479557666761252221476752310991 
37000 0.02609134309526296422123055069458574806162687309551984 0.02702374336901377465667607475491296398217855312395841 0.0290701625656934126442455324293434593130314169684425 0.1596625472326606090544848931545018899669230449944735 0.07106199393852411318374005452791486447949864668771625 0.1417602738060148334062237143737839062396233202889562 
38000 0.02573711973528158795192200512802482847973806201480329 0.02676654780877081067062708916864943731184212083462626 0.02885384142539379029322504834759177683167763461824507 0.1566416123538755872845931044201606141541560646146536 0.07065164114943713946566687320038901987118151737377048 0.1396275041808725174110250230596896869883494218811393 
39000 0.0253853488862236383209812322359066882881961646489799 0.0264567345454982348149916083004939970635405188659206 0.02849194966023085514800010885350101119684040895663202 0.1537277024179561164189504463006841206151875667273998 0.06988986078931512592221815538540141687917639501392841 0.1392128710179397535462962609553727588718174956738949 
40000 0.02524920232051735230411118864751740531460200145374984 0.02606038846449081968746641375239692095533428073395044 0.02810422224019280536054076879287633161652593116741627 0.1513606818476233710930043199760497429906536126509309 0.06864247899628711251145346886048947965264233062043786 0.138521651312720355182003112437527647671231534332037 
41000 0.02482903401417773609737287433124608426737722766119987 0.02590730219877821145247080627388447382486447168048471 0.02775110375055152107793394154755528546729692607186735 0.1489123418702669529188522407059380725513619836419821 0.06745564063064930205405400967522133726106403628364205 0.1361082103476200726003848134881835107989900279790163 
42000 0.02433842945915833075658468807184187099323935399297625 0.02547343729139880986626692446761488497486425330862403 0.02751038190625646273767429018930474882154157967306674 0.1474338114107335112297827994787269290100084617733955 0.06705389968928274767887096757812415148691798094660044 0.1352858184898054082532332584309919809584243921563029 
43000 0.02410568829753219676126005637656346536346063658129424 0.02508321662722415073333874155347977819019433809444308 0.02720863889868694358282845673774330563787771097850055 0.1460269959527629002028975904736718405274586984887719 0.06651876873238446544075964592113159312702919123694301 0.1335141630413939787467821410094082068553689168766141 
44000 0.02365297383143853419841648368787678791136386280413717 0.02490726770264652492511666184715757310641492949798703 0.0269686477680887680509816666657441075471979274880141 0.1434579806979978357976777264548573498359473887830973 0.06593784022259632765218485481173438245150464354082942 0.1314162268024260628909152467946874764948006486520171 
45000 0.02332961415238807176571037872714331484758076840080321 0.02464196351447825652713975903840282200008005020208657 0.02670274719503572098013694478824131550709353177808225 0.1426916511607996458394376909639689188225020188838243 0.06465371043823723985717122700322967432384757557883859 0.1315840398122758624023433821070838689593074377626181 
46000 0.02320270645944065993282945034592579247600951930508018 0.02423861179858376079138159494424931139633372367825359 0.02628678414355451312516280711062410802014710498042405 0.1418120393652667903417342182281757345663208980113268 0.06380578869382163281081827427287933574007183779031038 0.1312680116959213592040846274588972164565348066389561 
47000 0.0229115904201061751727449980822748365483221277827397 0.02410463683610268657747156308135405566872577765025198 0.02612963126661717395641658812782681664543815713841468 0.1412242075675339821554500965850031946047238307073712 0.0630774053640402832007056353746943244686917751096189 0.1289703313523365902677634067807765916313655907288194 
48000 0.02295344823550436345574899277971470112902352411765605 0.02375573753351992692636513067327985737620110739953816 0.02584453977654875242169916962214903932704146427568048 0.1393666063115898628521713981109897417809406761080027 0.06240192009857171297380830539414109381368689355440438 0.1269391047981105277871714809290182301992899738252163 
49000 0.02275550082619444584420642738870066423828575352672487 0.02337715239697519807784552737378591658057302993256599 0.02543197889500707175634646416140238756042890599928796 0.138707833558564619901021242043270831345580518245697 0.06161928634254707740932179363402276806027657585218549 0.1260669801383980043532617720813959749648347496986389 
50000 0.02256728599142157698201522925823825360680530138779432 0.02335259243658547687619514779400198278835887322202325 0.024946453702087696971607163470840973218400904443115 0.1365884110717080169927284752362517394885799149051309 0.06076275360327161366590553899513782454278043587692082 0.1250913762081968578257192351022020204709406243637204 
