1000 0.2297828399431807278421088097664082283699826803058386 0.1690814180008731758736483311023057751754095079377294 0.1809252991882838809976951147118207074981910409405828 0.8875736631537714126007759807279740016383584588766098 0.4430144757926301568140125403116869051700632553547621 0.8628039552106748355107986026002464541306835599243641 
2000 0.1522714024561084739410252164582004752446664497256279 0.1185369532937648359672503511896834993422089610248804 0.1306708796832030373779144974411003943259856896474957 0.643957342786745144094708720450270789115165825933218 0.3151393037144126423141233389602078318603162188082933 0.604987562570573290639600050333513081568526104092598 
3000 0.1273635577566264133139457143117923010322556365281343 0.09811059586125191202650918861905005030621396144852042 0.106370184076173056844552122085501011383712466340512 0.5283766321135788082458302483690459894205559976398945 0.2607871336929755821552531780405104200326604768633842 0.5011803938155558322989184538709395155819947831332684 
4000 0.113816365011141704152003960304195828712181537412107 0.08538062370883229813361926449633010349771211622282863 0.09228526128147272008015291125393453341985150473192334 0.4508000537041268516004824395970729256077902391552925 0.2206921477340904932517174491524158952415746171027422 0.437721862481033761296984885280636490278993733227253 
5000 0.1007179005717366930799504948224054601269017439335585 0.07762808499247849525074297027948944105446571484208107 0.08195780680389224551250608452601653652891400270164013 0.4259857710754588946283367284495469107241660822182894 0.1977456868530866240438442077431702159628912340849638 0.4055962995292690945127629664757051841661450453102589 
6000 0.0889039384984876572936142273551052284119577961973846 0.07027656104877157129223437873055679858680377947166562 0.07304634835668143971331052466400279854497057385742664 0.3955847140697811944900878777797714747066493146121502 0.1762371988665455637990695306194233182850439334288239 0.3699110725767297244476108225574861876339127775281668 
7000 0.08133369629835236660608116521231636397715192288160324 0.06466224739842266501228633390763178567794966511428356 0.06870203217314535389196325856908664775346551323309541 0.3767238419821980955520032002814545535329671110957861 0.1650879745365753753326551120372833736382744973525405 0.3368148997652070197981067495307527792647306341677904 
8000 0.07659950338913946760351081355366886782576330006122589 0.060594028164230107053435728237111845828621881082654 0.06323001471282587133504547033391318677786330226808786 0.3573317720841164581689359397431715592574619222432375 0.1549783938486028257480904557485956729578902013599873 0.3071064849653047550202648874329014461181941442191601 
9000 0.07259484913085031003622408021791478915929474169388413 0.05712883142451059310471125039787576582739347941242158 0.05940938587293746107504690233402921961669562733732164 0.3410180432937907707099424448049518332481966353952885 0.1446015707007653870611128127388056441304797772318125 0.2897179571223922172338357400311892320132756140083075 
10000 0.06972844986978041489840982394832202828638401115313172 0.05437672362182313192307875002184935908644547453150153 0.05671237989202108767923331787697005523796178749762475 0.3177616380297672731599766676735541182097222190350294 0.1380940117053321506546256433600738944278418784961104 0.2747125524594822974680345673004211448642308823764324 
11000 0.06566361028694080200613335251969004957572906278073788 0.05118354759613012312352000807158525219620059942826629 0.05431723836189529231827056651726870484253595350310206 0.3046336560055090667052755254440299381712975446134806 0.1319047525493605284524576554128216798744688276201487 0.2684992850057000022070703010301784274815872777253389 
12000 0.06341197247907622024548938630128525062445987714454532 0.04899399264357818314314708431356226725483793416060507 0.05218377509283116235321671114166797167399636236950755 0.2869348350305303720476999412847263215553539339452982 0.1281504964327000300474638377901115404711163137108088 0.2577060553723762431610738027343288081283390056341887 
13000 0.06055399834647911832096324295793277059374304371885955 0.0478305323799169574538060322604904328613883990328759 0.04986879045835031667351371249818914321849661064334214 0.2724347738404705646759421805436218733120767865329981 0.1242036067149853417464037963480194548537838272750378 0.2497629206852736293996333077904736796881479676812887 
14000 0.05847953956945026216418959813525546564960677642375231 0.04614861918605727871464379334642824659340476500801742 0.04855235519833418089894459292177320008931928896345198 0.2602689775297796395247401646244611583824735134840012 0.1208064382934301323483045412232605997360224137082696 0.2399859014768807284758529371759827597543335286900401 
15000 0.05645951897975511953747546761706033180416852701455355 0.04440848710222801368766509452767898835645610233768821 0.04719846796092051235849032346514331237585793132893741 0.2530284895148551588988424659865117405388446059077978 0.1146091341800135430807313155487925371289747999981046 0.2327747645425767862906694938285312446168973110616207 
16000 0.05471850758598224988190619408334747220123972510918975 0.04265719605868454314043496794495169410765811335295439 0.04586534264411944682759470805211154953440200188197196 0.2434759593036212465031560212014305477623565820977092 0.1106529124115659044498018691304874749903319752775133 0.225587270412428395838992482846929732431817683391273 
17000 0.05321315879582296372811824405890668288066081004217267 0.04124313542292049182167671533827402186034305486828089 0.04490866793608390507882687642249308623831893783062696 0.2353234476928234149929524895994426003653643419966102 0.1071948650767368557037008229559926775209532934240997 0.2185027676439048378734340133400237959904188755899668 
18000 0.05233527182378608568968860088876926539569467422552407 0.03980413923900699176136250279078865332849090918898582 0.04423176451617287095914587968792375249904580414295197 0.2279062660703697402900073931686364403503830544650555 0.1032374146227494700710897689022171874739797203801572 0.2148667710926268069088380940900862015041639097034931 
19000 0.05141825241423571314839497357895847784448051243089139 0.03919338981649899202074679299689918821059109177440405 0.04348843592318497849787952910793897842722799396142364 0.2225157338579660670644169706555715038120979443192482 0.1014279096129498649846438669552828315545411896891892 0.2088640086094958780489226277121694863581069512292743 
20000 0.0502213563489165053314563016972904563317570136860013 0.0379864202752229997854299583387449601445950975175947 0.04268949792779828773060584942711237488310871412977576 0.2177982152084072636598214081637969741223059827461839 0.09977117034151019589412233770642224328639713348820806 0.2030208848637101331141346580166917590304365148767829 
21000 0.04867715190242742201974252697072031992320262361317873 0.03724867468227855744170875194887226911077959812246263 0.04165405246484976724491780530890139289112994447350502 0.2123886673004675930864944277676187311953981406986713 0.09734511822320798627854480586374386064107966376468539 0.1980957635088238646877420792713486719094362342730165 
22000 0.04774184836013796799276151343327523335346995736472309 0.03652014804320255798790830804867457715090495184995234 0.0405271539461813446104292493754606141465046675875783 0.2075536749644955453040400319975056220300757559016347 0.09467737467543444840421124064633318084815982729196548 0.194578293508747731131508160173915200630290200933814 
23000 0.04708994655554501601444532601914438885160052450373769 0.03575679958274912528438005572539726273362248321063817 0.03947424746445598972051241673519861308250256115570664 0.2029163717214445225058006005980359987006522715091705 0.09162405385570252499877110657910961322158982511609793 0.1883956831405987541523021702727369586227723630145192 
24000 0.04693812936057088326880426185083727830260613700374961 0.03470335352372952185054247667417293143898859852924943 0.03891444522247137434613076592548885912492551142349839 0.1979674502560982434385284528532977788017888087779284 0.08920926096254978039515933646574907811555021908134222 0.1849530194063088298826952673992174425166012952104211 
25000 0.04609848160512780333795523207696120948639872949570417 0.03421475494507619368204573429004256013286067172884941 0.03825187516820581878530132570459532104223399073816836 0.1936987749960337249068931600448628671529149869456887 0.08800973772082601016234371799074054365519259590655565 0.1822312575512515712923338959128294334277597954496741 
26000 0.04526338509404297399493668878356356088943357462994754 0.0334455151291282008231813688281519603151537012308836 0.0376692795838535047798362187521092891984153538942337 0.190296407569774615056528398182589256748542538844049 0.08676124867101703862698252808782761746897449484094977 0.1788929624407710453255510724135390887568064499646425 
27000 0.04464706537822293581666498706039813981760744354687631 0.03294795504510943789176877390112441190694880788214505 0.03744285677811214204865897237084482185309752821922302 0.1845560602390816708228728215690495062517584301531315 0.08537321027602411821488814780423126649111509323120117 0.1734575284062038970947462399041505420882458565756679 
28000 0.04369577287432516831867002245204378851894944091327488 0.03201186104755383933086567739556560496794190839864314 0.03651507528951677281084061722771227920247838483192027 0.1789006196007821637602693345958648762916709529235959 0.084154833694784301712725049088303919120335194747895 0.1690603342186968250705249305898547618198790587484837 
29000 0.04271409137608128106424615344494100099836941808462143 0.03146149954038584966667661986516879579767191899009049 0.03557322673064145886464367148083187686324890819378197 0.1750216212370044638238063966495516865506942849606276 0.08329068080208048988413715996159680798882618546485901 0.1660320701181843733350643188551032380928518250584602 
30000 0.04195649852953256922391241448555554427457536803558469 0.0307438936693283319852450750919725663834469742141664 0.03493477631229745453467542236347664896811693324707448 0.1745671314925620841158708518303654955161619000136852 0.08193397874498374970495461963593264442806685110554099 0.1626257498706966085215462961000021380186808528378606 
31000 0.04144522341405380481171361918557582981748055317439139 0.03012257225269734096681864023159480581171010271646082 0.03450318265600385329728151499739663421451041358523071 0.1723228938785184241616220066073417171992332441732287 0.07995009188409323876834235503285874813172995345667005 0.1586083341922890287508567455643238020002172561362386 
32000 0.04086760917338466372232888557114449668006272986531258 0.0295530377029599048715769469067304875409263331675902 0.03410054726146655149871347346979266745847780839540064 0.1698535728304592825590926125078894415310060139745474 0.07785894971799869771698606249477059293440106557682157 0.1550449344054691852199355517338830168228014372289181 
33000 0.04015033454506517945054966216289482616730310837738216 0.02904358371888099211150890792410006469026484410278499 0.03340709612623515015672123751322430962318321689963341 0.168718073270639636984484510673354407117585651576519 0.07621313888459977615525081998115730641529808053746819 0.1513103530478419781553269668483707732775656040757895 
34000 0.03956301452827822931005157143513617512553537380881608 0.02856302022404338823389493510346293092538871860597283 0.03281437274391043772337655040627346636483707698062062 0.1655871384298125338250477073254174342764599714428186 0.07428471041440683044415138960858691064004233339801431 0.1495758492622894643517706542157341687016014475375414 
35000 0.03905934513450377383177408545378295201544460724107921 0.02812478315835726739094213577629943756619468331336975 0.03218825956092282372921495672835057177962880814447999 0.1629647103681967009613682992319461106944800121709704 0.07316307360677158556932662622496188475906819803640246 0.1478113052731504026559043382671454480714601231738925 
36000 0.03831682988948326570868775815814633034506186959333718 0.02768473967063108432697365185459759118202782701700926 0.03194796598934435443294002458791691623218866880051792 0.1599931554344991892902113836405497693249344592913985 0.07233487266581616571343082630618503969799348851665854 0.1479350297596480739563970865924069642005633795633912 
37000 0.0377775511416694854934579961974749906516990449745208 0.02735510710549108218483417565014548245017067529261112 0.03139080947190386719941905188657749192771007074043155 0.1587681959522731071796043320065727755263651488348842 0.07188147610139953073532222485586551385949860559776425 0.145968628530766447184106870960107471546507440507412 
38000 0.03730260750284986345597353779579563592960766982287169 0.02675906422765943504327797348996131887588489917106926 0.03095372278860876945950117000022627777866546239238232 0.1578287977603434162821765054940392758453526766970754 0.07016890157346658816225459104343187277663673739880323 0.143230349777162367509004102517078393930205493234098 
39000 0.03667784036655499081710607271744617463582471827976406 0.02642114172963153160768226112437018215928219433408231 0.03058650241648491187173447298369710622978345782030374 0.1560431223487348429979906447306881034364778315648437 0.06910984363101605981689412941393335643169848481193185 0.1404168420844368151296230676217113852999318623915315 
40000 0.03628575332221419907875389898599394200573442503809929 0.02602876202370553509439640108708013954696980363223702 0.03004001533113956613414740389605972481490425707306713 0.153467020042918743751893251303641818594769574701786 0.06810323911592664837181100925822541114484920399263501 0.1388843870447470714191455162800359346420009387657046 
41000 0.03591623440259195628980882879222047421308161574415863 0.02575051494908120338897582288911758396920959057752043 0.0298268402061654089927179942659529743309576588217169 0.1516623065496690189296038683841594263412844156846404 0.06735769566656753635792423060002498402809578692540526 0.1364840730166567827615986888134536059169477084651589 
42000 0.0351550820212765209777944913627223399998911190778017 0.02516772000205173858096484394014646923665168287698179 0.02921647702429252550390367023508408905740907357539982 0.1504870096428494166473444418330451810561498859897256 0.06678404248368439490181726683748486550484813051298261 0.1350784422249151554395584645673622503636579494923353 
43000 0.03468784531881751361648410711402412687220930820330977 0.02481293140008406066654563990048210087024926906451583 0.02869873885734844489555554845200413538464090379420668 0.1480327548451278814914096673693855166220600949600339 0.06568231338114218892501637928060809201724623562768102 0.1332256910339790185820139922778793106772354803979397 
44000 0.03438534375969363299620565332936905633687274530529976 0.0244248582234065062548889965543530422564799664542079 0.02861678560502815929465227594297171975767923868261278 0.1465194101999321554997577840562250628408946795389056 0.06445539418069456232809801704553009926712547894567251 0.1320289039782117400048536484669092772037402028217912 
45000 0.03399761663833566202526674168704623468784120632335544 0.02411612408986460470654137645818426705091042094863951 0.0282998058350737702010908782707110376009040919598192 0.1452144387421169385583418626195495448882866185158491 0.06375479149855105970301494267005182337015867233276367 0.1316220070087580750340782581586651645011443179100752 
46000 0.03334563348882206293424747441112021562048539635725319 0.02390227524860910547806203130249969035503454506397247 0.02799149254820870010766840213500827871939691249281168 0.1428153416409631514785889827567899601490353234112263 0.06295342917408374267912397545532421361258457181975245 0.1298805794709303516827397437238822419658390572294593 
47000 0.03281635311482265040494937617665538454048146377317607 0.02353319440049738620659427676407027263394411420449615 0.02773219474456042886319716549853309217610330961178988 0.141400611239116343829371955087559342700842535123229 0.06193422110720822128224791018602513048563196207396686 0.1278431271630989609668083151206019465462304651737213 
48000 0.03249215264789174261784478192627290127347805537283421 0.02338800169420695365436887406401789135657054430339485 0.02754819436483903176421253813921374842266232008114457 0.1392342484188695555678751819561611569042725022882223 0.06136567166165353468773894715648786757355992449447513 0.1272243609843099867767659411077474373996665235608816 
49000 0.03199341200077419292502139101797009601568788639269769 0.02337774046955422528124425400608554781456405180506408 0.02731321616489338543538227879747815052269288571551442 0.1371445245238274015327131077901512412609008606523275 0.06030756678426400725000168165368386041791382012888789 0.1255541823818756555963729176772503137726744171231985 
50000 0.03160378086531993125640207197013520357131710625253618 0.02303290704729266787575362590567706888577959034591913 0.02691125133458532780648085613872666499446495436131954 0.1353770058624773390501972586408285792458627838641405 0.05990076893999129385541546621851693998905830085277557 0.124133813767672446180790300773733036976409493945539 
