1000 0.07223950216182254310375845593461541227497946238145232 0.2023353666868692873496765258223284433825028827413917 0.2405426675615912843084155323114536884077097056433558 1.032952133946018157244911561676303790591191500425339 0.4807108337048566714896392915168377157897339202463627 0.8908446150377361783759960767170582585094962269067764 
2000 0.05900927415040232503908143764370652917250481550581753 0.1617937262454833997215751170695163807522476417943835 0.186721926581579474258227105409879698072472820058465 0.7025014399240858237963985866159077886550221592187881 0.3402032287698688439031569075154948222916573286056519 0.6482377568922219174241648731449316755970357917249203 
3000 0.04912971191483507817405356789264292416419266373850405 0.1332626030469511499822535260939559975668089464306831 0.1554925907905687905798987336059013841804699040949345 0.5733629377419337127901564910015252962693921290338039 0.2712944905774807036213415456504804978976608254015446 0.5293716653004402630886687797229228635842446237802505 
4000 0.04391112356086204118185223679859952028436964610591531 0.118569173432887833675801990407361330426283529959619 0.133697325485220021252857555693616120606748154386878 0.4976344322186245335481666329791039515839656814932823 0.2350159548300226754040127136180515776686661411076784 0.4618342950639602822288879574452735710110573563724756 
5000 0.04006103227057158181273412329848060409176468965597451 0.1084102564495606977457544187193327900331496493890882 0.1177836581128352287230567387033008941443767980672419 0.4546991574595664045905542283154687766000279225409031 0.2064786370261511687791396510438524103392410324886441 0.4088858515616444211653209006573916894922149367630482 
6000 0.0367660699234993186165461939024501347716977761592716 0.09924779072964958265474534615524504488348611630499363 0.1095359749741107130999325479370209990293005830608308 0.418215148495347090759708535978589338810706976801157 0.1860366018650766544822701756278782170284102903679013 0.3805476450380340440416901404141469811293063685297966 
7000 0.03458281108241254675117926260796696880106537719257176 0.09306619924211774819221114352085777454703929834067822 0.1027963044592211192747072297237753701892870594747365 0.3912916230990662369343315724057319471285154577344656 0.1742451874376373421903548693867591623529733624309301 0.3470864450475437131102447729791293795642559416592121 
8000 0.03265345579592033456594484842894221543474486679770052 0.08822872133032059951008446718745403813954908400774002 0.09602454079857142378243020988670686222121730679646134 0.3774240605109338294958186421634849239126197062432766 0.1635860311794936455652297105367587448654376203194261 0.3259259105240626851944605452127134981310518924146891 
9000 0.03128143916974161884043958981038713318412192165851593 0.08418782641140533816914628267857878540780802723020315 0.09162768432726473348087477613366225170921097742393613 0.3540330613635821265883316805167524421449343208223581 0.157496013414949631795537558776043596253657597117126 0.3086313292216246179230313556596243529384082648903131 
10000 0.02973582527063860896132977632705385317990476323757321 0.08025522670027313297579432682660183218104066327214241 0.0860974628183528991421996287569662342775700381025672 0.3342453515157325297647676609624767252171295695006847 0.1486410076556701422321538422210984720095439115539193 0.2957155480837404544058183430976782801735680550336838 
11000 0.02856197164594636460076032720423189203984293271787465 0.077045535537853306814754916070908663527916360180825 0.08273176677903846063254255163710304543656093301251531 0.3174463812635289656507130151563700337646878324449062 0.1417848918026052137199332150996333723469433607533574 0.28082798289373601464177093722796030306199099868536 
12000 0.02738118985720095468342004212114471073391541722230613 0.07350620983311753130846812748222518507645872887223959 0.07965708868315611683983985119583692835476540494710207 0.2997801386546191363031716586862174267480440903455019 0.1353640230595294623318998114558375789329147664830089 0.2675504677635619824288115004007337915936659555882215 
13000 0.02678712056191021800299087267382969201889864052645862 0.07189114130639345070291224698566523443332698661834002 0.076986209582740614213044148816944556301677948795259 0.2916455604392599032233072964270803595354664139449596 0.1284567462892821244072527261947946897180372616276145 0.2533297491315283117725969813660569229796237777918577 
14000 0.02570495522494997069317930818432849093824188457801938 0.06877635764299587074028455996321795851144997868686914 0.07430170853039653199349160589415319577710761222988367 0.2802038538720044434410412492741926371309091337025166 0.1242904797071555280784521668735465027566533535718918 0.2447204342304309446616767190207930582346307346597314 
15000 0.02462820780142236658615657006465848866127998917363584 0.06570408997225084734103038239250160756910190684720874 0.07208398271917531561798087730297268649337638635188341 0.2704727254403189902476345451987072010524570941925049 0.1218127232371314733547088340892550206717714900150895 0.2351403586012991679140117853852309792728192405775189 
16000 0.02402640084584699060848273204776814893079972534906119 0.06376879289151162190184404451875899155766092007979751 0.07088628400513240020879880687321161758518428541719913 0.2649978393492347803958846669258875294872268568724394 0.1180423352361633838287038357484082240489442483521998 0.2277303667015062141771317497096482895813096547499299 
17000 0.02316298730693636890200627718311432445830178039614111 0.06162806365676528086867394171100009714336920296773314 0.06794701323506495023170186076111320971904206089675426 0.2512647097739968231322731789800783985810994636267424 0.1140256185916385545464440086360635717710465542040765 0.2205804529329184837476134778411207548742822837084532 
18000 0.02263857781684242277168918507090911163004420814104378 0.06019373629187888975265014433746468824892872362397611 0.06615690935481307681758755129264315542059193830937147 0.2466568846743542299607956577722767121940705692395568 0.1102138911337306281289032637571434491974287084303796 0.2194531685415525065882460381549989847371762152761221 
19000 0.02223929410973161437611064598918186874243474449031055 0.05885578469266000438119023664695905750932070077396929 0.06483999429631048379784295787597869775709114037454128 0.2367002572570646923619643378633448094205959932878613 0.1064517959932055710955229807512800732638424960896373 0.2126769360522885424805107287826722028967196820303798 
20000 0.02179179155217224847878557288105572098402262781746686 0.05757553068639233222826600069876867848961410345509648 0.06367944328574110130229603971008245366647315677255392 0.2312404257187176796501520970039678104512859135866165 0.1051630040604907826137033761970673850782986846752465 0.2065757216502402186754025481540963937732158228754997 
21000 0.02124740626813109727036754832696363592958732624538243 0.0560560035417926277897366325875250225863055675290525 0.06232459381882678058740083690270061822502611903473735 0.2249377726115740515805451263386949278810789110139012 0.102389728800736280140489149748095343284148839302361 0.2018598185914303057270470856399136039271979825571179 
22000 0.02085282220636264446029563019574526450128360011149198 0.05517562584456389903023068414789076285842384095303714 0.06078424064254589072298605445521246792850433848798275 0.2178364775100234586996655189450322609445720445364714 0.100306677707603546895968188445991131629853043705225 0.1984427028972894990424156655417498029692069394513965 
23000 0.02024224680603545855818610737369978025412819988559932 0.05348628560729551593053133183575109654839252470992506 0.05937856933641454214363344758786933397232132847420871 0.2130246996774918775578505289458597360408020904287696 0.09839431496457164631047869612912037950991361867636442 0.1953304180459191205976223620899290267516335006803274 
24000 0.01975597818418353667330687999798000120676988444756716 0.05218807450997220892573505435230174498428823426365852 0.05809853784237301418713660464132608751697262050583959 0.2083739399459273479849009610975762996076809940859675 0.09687258839311962526621643809754402809630846604704857 0.1883264941245504499691722222198819736149744130671024 
25000 0.01941871279634774665261121810028166478900857327971607 0.05133817077745645045247827563394960037612690939567983 0.05719067735105039307485640283357231083982696873135865 0.2051345568320286201166070816359621176161454059183598 0.09372950238629830232723726818333531696225691121071577 0.1844225598651547722440623838791040611795324366539717 
26000 0.01906341142309336902056836164642827924353696289472282 0.05043207700713187655180372997998361483951157424598932 0.05605447855831201866292148872084055710729444399476051 0.2032547312772930508885556311060582856953260488808155 0.09201731374891981022685243443715030764451512368395925 0.1818193001838613353019196566817683446970477234572172 
27000 0.01876960560829633215912349772369616118794510839506984 0.04964502233692307016100489155951969166835624491795897 0.05495227026781064453859332319396457933180499821901321 0.1967309278231212609882845934738959670085023390129209 0.09025476481880344255460295668780368316674866946414113 0.1769518523660237251750098827485224717293021967634559 
28000 0.01836440135828764596766270785627161998831979872193187 0.04867034964303642807873515399585961915818188572302461 0.05365391653893765010630706457916971885424572974443436 0.1944481142279958940953304633025844339044851949438453 0.08781528099039020490772190427608556717586907325312495 0.1728663165278816276043249294813719529884110670536757 
29000 0.01805065617185321062679770505454701634562297840602696 0.04790125326301157519053009435638923463329774676822126 0.0526042358262663463444326183288124454406897712033242 0.1896949746053324391167589982321040054102923022583127 0.08580513089322366505483537235665636444537085480988026 0.1701044402551525497617381649240186902716231998056173 
30000 0.01786477057376566569844367812075480728140064456965774 0.04745244060053823041884536737544664219967671670019627 0.05165671397878995829724383011261057419005737756378949 0.1866677748574778287484702415932602548309660051018 0.08417347925114199082719662614593403304752428084611893 0.1699996283820737154925941889138663043468113755807281 
31000 0.01790804864601486811255027804118400425181789614725858 0.04758369861078347301999572939446014885334079735912383 0.05130330045097332114682818320072765772010825457982719 0.1834946850274556150780375096687180302978958934545517 0.08212056612273492147265280607926207778746174881234765 0.1658052121350875129468342705774119849593262188136578 
32000 0.01762430374721555518306118515853286865535665128845721 0.04685174303057263709253719465019916157189072691835463 0.05034284689358792729699048316971410343967363587580621 0.1824602837684034534876647420942319399728148709982634 0.08112706160692547698552734569688027477241121232509613 0.1640763535639689040250988744107374373015773016959429 
33000 0.01725981182436948650222175837692928368483080703299493 0.04588464279621213176866764693606626224209321662783623 0.04932217274357102005546255561740931483427630155347288 0.1783074483801086465643544534676045998367044376209378 0.08005256740394401443261041331767025042154273251071572 0.1630334249585499640686995365124190016103966627269983 
34000 0.01703327734060932998786741868202376792851282516494393 0.04524739912685404495405251147632785801988575258292258 0.04891285748589607581396430761866422898265227559022605 0.1748959919071102551535023400530732828883628826588392 0.07940741094072366194119710902654674100631382316350937 0.1605060198202251635102863827619934511403698706999421 
35000 0.01672297751822963634750908012288617143781266349833459 0.04431179533925899242331118525750621728320766123943031 0.04842277154023959767045791682815725209820811869576573 0.1725929295534901244371563805435343397221004124730825 0.07843196992757271422284709103123212514674378326162696 0.1574996609655319101874360737669533705229696352034807 
36000 0.01650531678848162339094814924506104958368268853519112 0.04375550267001765984543437508491603438187667052261531 0.04771421629411010718557176364662542056294114445336163 0.1689215143623500687875037609697592699831147911027074 0.07756654880767173441887289350726852887873974395915866 0.1560091548263416361721741057455581369595165597274899 
37000 0.01619748639151518267906271469208645541471014439594001 0.04291128882472295978913671803123275338975872728042305 0.04700752745853729605774373387361286802388349315151572 0.1681350343890436846330631304180514007384772412478924 0.07584250308174498907012959364459803168756479863077402 0.1549348397366846537422623020230361134963459335267544 
38000 0.01603503466679756738341386130414223387674610421527177 0.04247327793489897935751424713768376051348241162486374 0.04636716854161721088658761405487673812331195222213864 0.165572691876690854774424772888341550469704088754952 0.07488874708678767788363377436167134248989896150305867 0.1544001459913057369113982553177066847638343460857868 
39000 0.01585953968280892198138031824738991559797796071507037 0.04202079827033238992664023435386067006902521825395525 0.04586257345362162105831174002679162526874279137700796 0.1627904011554743329332926513042245630913384957239032 0.07436768423839640972371764840453955969223898136988282 0.1528142161757430384400350750762065388244081987068057 
40000 0.01565775562865220858992218368882509693662541394587606 0.04148279313664257461201790438964920326725405175238848 0.04543938315049574688597256236222143854774913052096963 0.1619879749706845441519116601813976785706472583115101 0.07331918126740811901830051702799728730042261304333806 0.1504582505744631199402208329707342215897369896993041 
41000 0.01543706459901492182536431778741570219892764725955203 0.04092124650677745548442735754046672980166476918384433 0.04471593568321050790254143729451907773864149930886924 0.1596069678426038715576221888037267149229592178016901 0.07274634237003798787338714956773877418072515865787864 0.1489354895786696307189399257620010530445142649114132 
42000 0.01528083958071369574433125138046563051830162294209003 0.04049834128956176397469727754052648549532023025676608 0.04433074215474317160493858067105144016295525943860412 0.158305735193902792363584292045786128255713265389204 0.07198787202064344545402591046823204123938921838998795 0.1464314502267580469244351651370017464159900555387139 
43000 0.01511974796541427010187466552920687590244597231503576 0.04015167032229805144934826552360895846049970714375377 0.04359660657824400147600458002572487714587623486295342 0.1559271399075646489780586773088444374479877296835184 0.07109744824927942404788885552568977743703726446256042 0.1454429457491386877202163216415975455220177536830306 
44000 0.01506044157140990827981128896001505879098658624570817 0.04003214451707248641587773806127525944020817405544221 0.04323178732220343791346653210261319344454022939316928 0.1536650556472526428481535296088900111044495133683085 0.07072167355202366260122706642654577535722637549042702 0.1441791120731874406368051497184801235107443062588573 
45000 0.01490249842080140927110659936766223765403083234559745 0.03953523803867233262548312559825358647458415362052619 0.04304807005944418205913275937701811812985397409647703 0.1536026208720570129329183878263975771005789283663034 0.06988288813648909447533413147324310443764261435717344 0.1420073840614508733719810462670096740112057887017727 
46000 0.01453402489123845207437586441595600561527135141659528 0.03849574530601337667612329290767192446764966007322073 0.0423777576824866263177616319823837187641402124427259 0.1524958122984322930060100201310469003601610893383622 0.06931552056902735285302211837299424246339185629040003 0.1405513349192292824860238756312647012691741110756993 
47000 0.01427522509887852337639204932176473228366830880986527 0.0378009002170604572347193967490897037464492314029485 0.04177366036332637602319635232450689699135182308964431 0.1520633888869896189365753594313623864309192867949605 0.06887128131842497508907250877707717506837070686742663 0.1380553924343200472666260553156192258938972372561693 
48000 0.01406397576329132870207364557069151800305917277000844 0.03727447094935141459312220001132143210043068393133581 0.04121620975712946905039082111377179984401664114557207 0.1495748049173229364349315198556844563881895737722516 0.0680797830857069164489409236751260579012523521669209 0.1366233563544102145529551828317949002666864544153214 
49000 0.01395492584347782960076008980723760721787130023585632 0.03698993711666554004471180183699630106275435537099838 0.04085492706916722952854457637239526945904799504205585 0.1471036433817616347497631013041541336860973387956619 0.0673902026394834311143092024642964332770134205929935 0.1342053267762576259850134871576265993553533917292953 
50000 0.01377170336608716499763628571262330524405115284025669 0.03648401939192337971863103369962733069087335024960339 0.04046568750634987710155122259125803907409135717898607 0.1459124643925572505743582310544503854998765746131539 0.06603003100623916041576411464775198112420184770599008 0.1336151560140432844464575268261796736624091863632202 
