1000 0.2973711068104279238086522924033872072868689429014921 0.2576059988453147776388089951193904880710761062800884 0.2478049434529655323781625539392159396356873912736773 1.45827594314140923377302871966065822562086395919323 0.5169871271894651022760745762152367888120352290570736 0.8271035980625771676468839521678688697647885419428349 
2000 0.2055098789237533370182669026360322561686189146712422 0.1861795252026713834420492202359476152651041047647595 0.1779140280286052966347365780763745135573117295280099 0.9395991442818840949494953174170319698532694019377232 0.3701525473044094566592212419697816017105651553720236 0.5587551535549258769643675426319617827175534330308437 
3000 0.1626241157254615588625143787759874669518467271700501 0.1511104448541031110590446284724919223663164302706718 0.1470372037966466916887207580511010007739969296380877 0.7684963304367588799391984577535907874334952794015408 0.2896600852006849890043008177720196272275643423199654 0.4818084880254097097224390972014518297328322660177946 
4000 0.1406372130857212172336560482288625451019470347091556 0.129533295481850985040499571465666406311356695368886 0.1293317448926990222363500593338869748549768701195717 0.6227869597506566297275693022683640265313442796468735 0.2487277978346665570992708726993924983617034740746021 0.4195148405812777835208367271935259168458287604153156 
5000 0.1279664529346393548665155107113555743580946000292897 0.1166503134335346668332524314171116941452055471017957 0.1150803857161759454982592060234836139898106921464205 0.5713174097038451012446971799541017844603629782795906 0.2234899905730247940746765675235074866122886305674911 0.379504920265658758811444517533573161927051842212677 
6000 0.1176306259496994892940584243046231449625338427722454 0.1065229195186969489005535810521863027133804280310869 0.1031660569078454968913196275470678386909639812074602 0.4972289348537117284454987797825964435105561278760433 0.2080279258705939767051589991964100079258059849962592 0.3453323536634773658954202651960585512824764009565115 
7000 0.1121273855581032863923222897550857624082709662616253 0.09952681470361483112834627418052946268289815634489059 0.09754116356714516079980375334868014647327072452753782 0.4531501273222438185212575939564416671601065900176764 0.1988566005254708951013528639428784572373842820525169 0.3231735337987690063641862958654371595912380144000053 
8000 0.1075267702354546138591171247633759833206568146124482 0.09437561727611883546191443722372937941145210061222315 0.0914068785914414908957211121365293848839428392238915 0.4208785598823125289095429396590830606328381691128016 0.1876646045934858166010341176677123087301879422739148 0.3067124028365919312291015819127437680435832589864731 
9000 0.1028302947062728225186781921829393127154617104679346 0.0884206626925111274160591981474688338948908494785428 0.08594399212049965120315724378952104700601921649649739 0.4058752172946204965313637264001656035361520480364561 0.1748438586282309334347462650982585330439178505912423 0.2992001441674357687446495629446374664439645130187273 
10000 0.0985031795147272567841293527957091669122746679931879 0.08381591756812068719391384252759280570899136364459991 0.08030918310856054503687811649270678060474892845377326 0.3892550111932247920102506677508813481836114078760147 0.1646087784241562508564084635342972262606053845956922 0.2887806445163288289153854376811736415220366325229406 
11000 0.09262542546698768615139399362767846923816250637173653 0.07878864491261247017680167947784042326020426116883755 0.07732010581401492562439664926743354556037957081571221 0.3699004412407559013711757373021882244756852742284536 0.1568106619252492831733183931142150413506897166371346 0.2733926659565189686452047618248073490576643962413073 
12000 0.08903107700211439360434440698499614086358633358031511 0.07533217690255514095091626119993222232551488559693098 0.07429557736876616031649863194918914643949392484501004 0.3500208237418710105275879845843078896905353758484125 0.1487135298597544144405578972478743082774599315598607 0.2622392642049528911358646093843205449047673027962446 
13000 0.08581847190224546549869137634924953772497246973216534 0.07239411477770217214069503955387041571611916879191995 0.07096977173295046758790330376776012144546257331967354 0.3391412727120540465252252620986794795499008614569902 0.1423638539770897420988233356142771413033187855035067 0.25617378327060211373072430574016067339471192099154 
14000 0.08247820307569366762352356878262860107042797608301044 0.06963203804008461285672462043327968217454326804727316 0.06744863591523512339506556123591707319064880721271038 0.3280594299462309517204094966302818647818639874458313 0.138011433691721294904504978295900485818492597900331 0.2454737955536701357438103890395986184103094274178147 
15000 0.07821438154333358809924044846573210065798775758594275 0.06739596937766875081431009256172082189095817739143968 0.06522493168518621208575849687583136926605220651254058 0.3123140728823303369134783968874558013339992612600327 0.1327575293887686166786898933622751428629271686077118 0.2375735228196025893042993976100873965151549782603979 
16000 0.07581740559338618587096421050364192240067495731636882 0.06627095535991502767408228846690576574474107474088669 0.0628397663417323981834786833511330428336805198341608 0.3010037117528188926971616234951056867430452257394791 0.1282025695169413076441667156957215922830073395743966 0.2297492887590383293917005447237755788592039607465267 
17000 0.07373099076981097999754308919273526612414570990949869 0.06352351776365806308120029802233297289149049902334809 0.0603400959921597330544624799425479366732361086178571 0.2960573790782716543381562074310764387519157025963068 0.1256577259881019315972952229976122850985120749101043 0.2220244749120401045819079427490194689198688138276339 
18000 0.0713102471437921467484958963634067430348295602016151 0.06103667718260588224212263505630282622860249830409884 0.05856700313650878904442819393449948250918168923817575 0.2904185817454327227932209254390727437566965818405151 0.1216307155525213185462657210222925385778580675832927 0.2140486207485129986817116651276471372966625494882464 
19000 0.06954835957267722597248708546469053715100017143413424 0.0592014529176695397327486770910898172814995632506907 0.05758150690069381195951162336066353475416690343990922 0.2795025537658541651519616272336676843224267940968275 0.1189143696935288603067689544579010885172465350478888 0.2060367110934616920398312900353232635097810998558998 
20000 0.06795231661947423055174883829709919780270865885540843 0.05831266277835806351908035094488980121241183951497078 0.05671487682828198084879732510099614728460437618196011 0.2732733742297491273491854418820068417517177294939756 0.1162163452300393865385423272651443937775184167549014 0.2012550226208142804308360435117108977465250063687563 
21000 0.06641302350071529629697278038213958950564119732007384 0.05690597472641614612757338630133485679607474594376981 0.05520298230542182496888748040320127330460309167392552 0.2661392180098296873997157363511689709412166848778725 0.1130755975064259527502552940547708715257613221183419 0.196506007324510672873213099065559106293221702799201 
22000 0.06402483449027915570400453990074218779682269087061286 0.05566809541271207654585472489328079603865262470208108 0.05443140381671682550537762906861516398748790379613638 0.2624127818771011123714659990513453635685436893254519 0.1097258884259561544075489876448603610015197773464024 0.1920348056374997803565866233421743913822865579277277 
23000 0.06343696058900799099572031386484738391118298750370741 0.05395359981668100614088552646752106056737829931080341 0.05294047205030359910780143710418155222896530176512897 0.2581399366972590904856926785626569653686601668596268 0.108812496477093142085447972922107595650231814943254 0.1884633417234039262167302752892794615036109462380409 
24000 0.06203565935731565424265921381008492829778333543799818 0.05317894086254274479188272964358397132400568807497621 0.0518115007637480786461333000236795243154119816608727 0.2542643027752637113075590696853467420623928774148226 0.1062134598404987701121028609296814693152555264532566 0.1848365110747731264342723356275399737569387070834637 
25000 0.0607687994262356936906875788662052428890092414803803 0.052103395629684585740572710585438720443107740720734 0.05080814860376683449405760609196569532741705188527703 0.2495480533385636071340733452283977555907767964527011 0.105150201210168959639504153436018185630018706433475 0.1831999242969945725372123146446057262437534518539906 
26000 0.05933527980939822831277750958545169623903348110616207 0.05070529031874402658722710522665177990120355389080942 0.04993612317993248665405842459663610100051300833001733 0.2424321814388339745678039444110041245039610657840967 0.1026668280609009115602746516071608340325838071294129 0.1799157067876897232245247612580918428193399449810386 
27000 0.05819140927017619420287216670806262897031047032214701 0.05022602885172404795120705729705168351983957109041512 0.04908984597341248379802217463585556345151417190209031 0.2387836323512591132559165427173830664742126828059554 0.1013576018469618987970118188790547009148212964646518 0.1774636083913834952425049931723499696545331971719861 
28000 0.05806405013904931085286557045088695616641416563652456 0.04967917986733936033387796712967876544553291751071811 0.04841749540804348050411368489798213943231530720368028 0.2334066995736780282609101194735146123093727510422468 0.1002939557639150638100079826475763411508523859083652 0.1748743947656409388266693025193454502641543513163924 
29000 0.05761105934013328231751939131899398205405304906889796 0.04883615286685911327201601618563930884420187794603407 0.04739865432984382578683992329193763737293920712545514 0.2309559810317595804368294085118229475028783781453967 0.09735866440076380334855184889297774475380720105022192 0.1717459127543825889541159041007389873811916913837194 
30000 0.05611084174236911591273973751170522916709160199388862 0.04760218864858794257728289399389520752947646542452276 0.04637924004507720717808126088821385479832315468229353 0.2284269939673687270731633827680617798705497989431024 0.09547975112176207475463661500381107316570705734193325 0.1682128646287572251325978522906723355845315381884575 
31000 0.05508566021412776240255798447520430016766113112680614 0.04609571576919360162132997989214988621142765623517334 0.04520886358567733290253357406052181488576025003567338 0.2238119415935375941458266788042230643895891262218356 0.09430645503892957775291059491218348398433590773493052 0.1656234760502107852884849659158561507865670137107372 
32000 0.05435686929773914176949769876123763623354534502141178 0.04538110045843128021635570421010719144305767258629203 0.04418586817297468691934743054150480645603238372132182 0.2203876058219569649738621072709854331606038613244891 0.09241317911440773536066364129970551744008844252675772 0.1620859192811772424861133448659167299865657696500421 
33000 0.05337124616857973124426891067817457781075063394382596 0.04465375038429271919618963535003608456008805660530925 0.04367766739579082206857080575290730450888077029958367 0.2183271659963608273804982345955849609708820935338736 0.09116899546813873467384584797779112363969034049659967 0.1601396723901682072829528308277602377529547084122896 
34000 0.05285077430621320170476217480126646108828936121426523 0.04392646269736678888630124033276569406325506861321628 0.04317475865845310180316418864621130779823943157680333 0.2137093320538237287516862908387516029051766963675618 0.09040336024945041572422168088540850305889762239530683 0.1565101828867725188156696455865635186910367337986827 
35000 0.05191728221853854892970238192606569072040656465105712 0.04356151448687987661715238091320046009968791622668505 0.0425945215410886062824043912788951615766563918441534 0.2096344723148897249245022761376944231415109243243933 0.09037245295885070383369889676639097331189987016841769 0.1541254534946666934037496146658874351942358771339059 
36000 0.05138115229800925635103027964978306130205965018831193 0.0431434599495662890978003953940111969700410554651171 0.04222664497788217295257020937604419685840184683911502 0.2065543604116932344930048642828168681262468453496695 0.08914611255868677188314271389590892624710249947384 0.1536502622280046258430733288613545539647020632401109 
37000 0.05079322881467334363338249174357752480091221514157951 0.04238931943374962210029695958146689349632652010768652 0.04187333789261178653101722751950219958416710142046213 0.2032976313503651872557952476339160341467504622414708 0.08805193636600827451126147910054342560215445701032877 0.1521722419710159015685891140123864317956758895888925 
38000 0.05011969721296550254289472146884687475676400936208665 0.04211340754903615510215111536473919784384634112939239 0.04151451529676128392469438427303529692835581954568624 0.2011366218120010054853279493625173302007169695571065 0.08751050373051290537146276043989345794216205831617117 0.151068367762718466432289229905983063417806988582015 
39000 0.04951859145545642178979760944512733544797811191529036 0.04167745653625541330449888813292069755789270857349038 0.04111105900966793795701611537174446908693425939418375 0.1980954697140296191684542825850456893022055737674236 0.08645190889137092472903432099906595453830959741026163 0.1483620850727516954061175127876914814351039240136743 
40000 0.04890976656375470733845558027330646666541724698618054 0.04122962985968722014024859939818057341653911862522364 0.0408155895030907647392658284257738188216535490937531 0.1947226830255335587393323779070719581341109005734324 0.08469705980932342143341047882576511085517267929390073 0.1470613358000666199073983367306972525057062739506364 
41000 0.04818104367910704272307399580188569387928509968332946 0.04071883921466089684856296156134636277101890300400555 0.04014592801146348736418263507264025946597030269913375 0.190963383785560695377579720766192394876270554959774 0.08314995685179418351902665140773507346239057369530201 0.1447172407115514080857198928042883778743998846039176 
42000 0.0476532557081343660342347308411792283777685952372849 0.04056283428478564489656483897650485204167125630192459 0.03956217802462988289300066871434502502324903616681695 0.1881170059071724569787435049628143701738736126571894 0.0823130595435063629064856294270668968238169327378273 0.1439921479062893426803483240550285415793041465803981 
43000 0.04764096141211658598166311939792194607434794306755066 0.04015002596412704376519983706650407384586287662386894 0.03918339191678066039839327394656010028484161011874676 0.1850515122640061822513165082360053759202855871990323 0.08135808619952937681152902241188407117533643031492829 0.142390389645902229210370007472796771708090091124177 
44000 0.04710169092491370896236182325145236404750903602689505 0.04029305058944548281114916322975805229589241207577288 0.03874181661065002608466761001293487964858286431990564 0.1833022316102743411002232512552190257792972261086106 0.08019766867968355234381734944482111870911467121914029 0.141713317569095780898576729389670703085357672534883 
45000 0.04657848375642989931843325653038068168143581715412438 0.03990058680113758873505593050001749588773236609995365 0.03830245451262348541806549047372687510915056918747723 0.1809599417366357457248333268085005443026602733880281 0.0796938584541440311456088167740841043951149913482368 0.1403351383386192350851209842410582950833486393094063 
46000 0.04634136168361861985104735439655598838726291432976723 0.03931674977465607721810588945365871893500298028811812 0.03829456524501746262904747046540432364736261661164463 0.1789305569319435948368599356705921366028633201494813 0.07863330809616584805014005352119532687993341824039817 0.1388764220579557940048230982310606407281738938763738 
47000 0.04583267164538519519516833466976635236278525553643703 0.03893245633454196426664309545195852280130566214211285 0.0377706036448133813757403656058420082786142302211374 0.1757754454422602671017890688109908126079972134903073 0.0778807898342684649966487578365281763126404257491231 0.1372349456866485618622463274474121419643779518082738 
48000 0.04527952135240295043950740569438373483990289969369769 0.03864945227592317688152510381238702308337451540865004 0.03743861086372066727517024867233352836137783015146852 0.17624829880426764284551480188589778208552161231637 0.07704827335917411451626790608315786812454462051391602 0.1353623367441670195099713905340088615503191249445081 
49000 0.04446483964882221400741375838538971265734289772808552 0.03836075585558370536741219086751542022284411359578371 0.03709788850110549026948343794007900697806690004654229 0.175002558895342495722913071787285588243321399204433 0.07580207603471086758831383456413988142230664379894733 0.1340726143712564919971679672228148660906299483031034 
50000 0.04393458735459454983810975714497715216566575691103935 0.03790960637634026978546480414478114795429064542986453 0.0366192020631346582263049901223572746289391943719238 0.174802980713015076129606545363159852968237828463316 0.07519569576436212770832170568247043718201894080266356 0.1326931990911992738661675378386561874322069343179464 
