1000 0.0772728276239861708445957021174077539171776152215898 0.05924030281282173743688025148446119061418357887305319 0.4591672609075003115054487007329342418415762949734926 0.6556047951471182777516931439176772755672573111951351 2.250431048461595233455348474826962501538218930363655 7.368655583108684071092647771550332436163444072008133 
2000 0.05535784305442129075893863826562935059882875066250563 0.04211348568628409520480499438066512851719380705617368 0.3429512684293539324031311471552285752295574638992548 0.471830138912056449657312154344346311063418397679925 1.573405858576395891889991573986407047414104454219341 9.400751345641174193737410469395854306640103459358215 
3000 0.04491098370959628542750836921459978157145087607204914 0.0331437533179361388079443677401325629716666298918426 0.2781723612403657383117944190686898764397483319044113 0.3795010875089043949942753386483929034511675126850605 1.336583442155859113311365538034891642382717691361904 8.608408709073267294810405392269103685976006090641022 
4000 0.03962568033869263857993142825819621322125385631807148 0.02880978532797211691752808839644961480530582775827497 0.2398976519024177300227909995222752570498414570465684 0.3364336526733710546106532329746485743271477986127138 1.150235956881954957017367979776878428310737945139408 7.456784171139531249960369363449785851116757839918137 
5000 0.03679560433800072999976156669366122997644197312183678 0.02624726582352772358677826889522544107080648245755583 0.2137309977866511491651673251834786526615062030032277 0.3024592642495184667040825782224899853645183611661196 1.09135849993655279844325528548765191771963145583868 6.162356616519953186016100854516253093606792390346527 
6000 0.03412671663154766014329315193531755312505993060767651 0.0242488556542973560921176972432489193920446268748492 0.1932078234501022276771269037265454926455277018249035 0.2779216601643221520238739852270981600668164901435375 1.017710418855308844164782311469963360650581307709217 5.763602355554462242179930564489609423617366701364517 
7000 0.03159981038648131735399170877398589141193951945751905 0.02267706613082193279099744304128094540828897152096033 0.1785065420999558884911952161278492212659330107271671 0.2565004491488476713796119954569263654775568284094334 0.9401499569362140277129641363629275474522728472948074 5.117358165955327229182381110206279117846861481666565 
8000 0.02933204341218428365904843588274353294309548800811172 0.02082571199074101781612651171360361956885753897950053 0.1695906151198839673267934266553957911582983797416091 0.2417406012151702120058444425709787140021944651380181 0.8824805350089271067373294932245642030466115102171898 4.765292885178731596348966625953380571445450186729431 
9000 0.02741987874399529830860759542499049956632006797008216 0.0198519721832247892548108320412425520373744802782312 0.1617555228155821718240238091257587882410007296130061 0.2303551228877969295823647383203436334042635280638933 0.864719526227302675268088921756159948017739225178957 4.379445145190706525830520723374661429261323064565659 
10000 0.02560853640511938948611404126554091931211587507277727 0.0185472899038414032949872566752302915915606718044728 0.1518365887769806679214379049880356831181416055187583 0.2153966382932168625565167233149033165773289510980248 0.8082184900600841173873636891222815847868332639336586 4.011082308295045856152277741202283323218580335378647 
11000 0.02469186482010545470366707707099429569552739849314094 0.01778957964814162421486750352561667654072152799926698 0.1451895533021137417272047528959966200545750325545669 0.2023721658389354917704323552629652738232834963127971 0.7643944566108264658229123900134993618848966434597969 3.653631513107370507812549087489628618641290813684464 
12000 0.02338882070572760022805661010714128877907569403760135 0.01698929547857514011192112211162674739739486540202051 0.1402934383939849685566433196148850015561038162559271 0.1969202122294542485486526853244448886925965780392289 0.7475500055903057842294698320806389801873592659831047 3.5346037161557376628587268108105945429997518658638 
13000 0.02226132384339686858828024143552859470673865871503949 0.01641628663345886307824909693120485343342807027511299 0.1326337985985398052320117720515035841799544868990779 0.1892432440718494845272815846337621792372374329715967 0.7162982838104760498123407819193175782856997102499008 3.2905237243564927581730705785645341165945865213871 
14000 0.02134152907546777173711217111262694601236944436095655 0.0160405127930767334089068613597883761201501329196617 0.1250597096307007257835796146250295635127258719876409 0.1796835282938090500108032840365090976320061599835753 0.6797595053108389130799502075852558391488855704665184 3.243062141843958954157828289410758770827669650316238 
15000 0.02067037588277541734344520691496471798132006369996816 0.01547151612315615571889381276229902262286941549973562 0.1218793280813964353606745558145085794876649742946029 0.1714735527006964122735763883520476724697800818830729 0.6705947979567862654018059465066414759348845109343529 3.119758869800373277418256701132293073897017166018486 
16000 0.02019055757287549314536560796096154035694780759513378 0.0150117369780861904185741443826240804071403545094654 0.1198415182802627634763709130183428896998520940542221 0.1642165595788011769597071129456189453321712790057063 0.6465585793297113633782205455169389551883796229958534 3.024039742105914199080812787556737930572126060724258 
17000 0.01969754569957282522758856575101349406509143591392785 0.01452606846128542591939028375339071352811970427865162 0.1161862831313816650288654221123696430595373385585845 0.1605517164723299296962867599436464161044568754732609 0.6279345646027118789606405457881521670060465112328529 2.926982445767528356146344736821163223794428631663322 
18000 0.01891777531050119109316647036944658566426369361579418 0.0139333042027343708080133906877795535450559327728115 0.1136862786201071278294563206279210731963758007623255 0.1570001941713731184486080999507251476643432397395372 0.6310723547024104441213049332404239066818263381719589 3.010046142947568895186297166510769329761387780308723 
19000 0.0184786371117057741678634495696709194589857361279428 0.01347209040653232873752201967723629572049048874760047 0.1104760174615967803157736033814462217605978366918862 0.15146646647530712075774544239648022880828648339957 0.6085567923827032733039357759174947659630561247467995 2.917235245430496182574356400785120513319270685315132 
20000 0.01805534127082317169008332264495964025741159275639802 0.01305845168776606600085846273881506895975235238438472 0.1077083226340495456180637590115622970188269391655922 0.1474518298034950258552748525442410709729301743209362 0.6011674684367383581840883766123084797072806395590305 2.836682169702928949959683246895281172328395769000053 
21000 0.01782715785035827540452055359893046571073682571295649 0.01279877188436848637313617352284644823612325126305223 0.1059316421368077144481070067660866129699570592492819 0.1444587239467096583613080554298058189033326925709844 0.5834443334484148678282383615467665549658704549074173 2.738145456987241914241504314730946134659461677074432 
22000 0.01739784797366775879235735718236766089717093564104289 0.01265213942783758985344386323312892983494748477824032 0.1034664742070838476986735683660345586076800827868283 0.139340603648281514026670280248509925513644702732563 0.5667379031273402603023983670205154794530244544148445 2.802527541975877512338624630849892582773463800549507 
23000 0.01711537418764392653697887971414592911401086894329637 0.01225881240914148384021860370765577563645365444244817 0.1003498794476929051444472930365581220257809036411345 0.1353572624357296769361099983419727266209520166739821 0.5584900534935478525096208546329989985679276287555695 2.813514775357484183843440050942774632858345285058022 
24000 0.01680388700485355593262503000329122215816823882050812 0.0121069153057403567425498371740166803078864177223295 0.09917925866117009540967597303051661583594977855682373 0.1326868943511799621957653744219740588050626683980227 0.5505952794888307798922173763589427153419819660484791 2.770161257995098183460822016677127521688817068934441 
25000 0.01634461687676635743227885992634451639560211333446205 0.01164999067309797876113616321019916810541872109752148 0.09633390271403499232190327170033405934645998058840632 0.1297154814840215128566441871171832644904498010873795 0.5420161657546294579467643925951847450050991028547287 2.788184672118820737769101514302860778116155415773392 
26000 0.01606421467481677501967763342649586633115177392028272 0.01123015315560469891780740088471635118594349478371441 0.09526094303101903367289463378519975833569333190098405 0.1270573263988443558854301088101301786537078442052007 0.5281637250224371600082831634814795052079716697335243 2.699192764062918181320813171275574404717190191149712 
27000 0.0156692238668382804208360379802367212676017516059801 0.01097171396356104268011522149400827075282904843334109 0.09448067309868874357408436923111416660958639113232493 0.1243928318865372282514395775587789927385529153980315 0.5123697603071238924421840210676748483820119872689247 2.620464709865680804712698148684069110458949580788612 
28000 0.0155312708311096383779367183404496177701048509334214 0.01089670766590014262626757079663319949247579643270001 0.09403295480594461070616204428906925727460475172847509 0.1209504526489983607535341411653995180586207425221801 0.5038538735734974070715544436360744384728604927659035 2.546476659097428106408311787589582309010438621044159 
29000 0.01524497565764932159164288206706916461996570433257148 0.01071538358531066660152486968646257103898733475944027 0.09243170591316398089216758993114098075238871388137341 0.1192806228032664127172799567455641067681426648050547 0.4985514600733602950737802933511844116765132639557123 2.494233903966784465008194038304623063595499843358994 
30000 0.01511667491832085761832744907895431651922990567982197 0.01056070647036570639389822887782566240844062122050673 0.09093421670037268085567570483074284481972426874563098 0.1172377789532867270789096188210454130285143037326634 0.4919599680642791033995109284404634308884851634502411 2.456766158308012368456652030346276660566218197345734 
31000 0.0150152735501378141639932349560293545209788135252893 0.01048363874779284306229412779970511238047947699669749 0.08958558099271346838462322034746243559766298858448863 0.1153495709682866224158378359865295692543440964072943 0.4843830805681204395988278393891945938776188995689154 2.43002456178674093156127922199516433465760201215744 
32000 0.01464328903203391613190866536731160607587298727594316 0.01033252976668313643494824440732804404774469730909914 0.08818641384435107373338446831723125285407149931415915 0.1131833915888903888257864711885947173186650616116822 0.4768301506853761896945718967710803326554014347493649 2.374359632728540875313757996245556114445207640528679 
33000 0.01459195147182224760844926727057502269246924697654322 0.01016345083947787218916938671575689312476242776028812 0.08716928206692273349342819574459007014866074314340949 0.1107684557683802137515957121627341308567338273860514 0.4698532891156584777227894766937765780312474817037582 2.325986950927256954315888726192440572049235925078392 
34000 0.01439315454934379272603357487539388337438595044659451 0.01004472266875162251420884954034029590275167720392346 0.08612734257961214988423776298120948524683626601472497 0.1095526814909809361055443091559347124075429746881127 0.4628202246728076426414855842894624515793111640959978 2.27409620786636642577813183230261984135722741484642 
35000 0.01418113785689623531043583202701507950393988721771166 0.0099083787689782080399051580540947803399376425659284 0.08447572119821893361864056579135784375012008240446448 0.1089552904506255350439267344520022362530653481371701 0.4524487382051627880330795655750009132134437095373869 2.247627791353211763967362424310181268083397299051285 
36000 0.01392773899120692184700495783872264965452814067248255 0.009843982114258593131066947101021069599369184288661927 0.0825316618369310645554289863901065160689540789462626 0.1073402617953353141398166979703088230735374963842332 0.4428348614339706270802334703295954909663123544305563 2.196922805402357439710087083639677985047455877065659 
37000 0.01365626783997267541761642343361993212624838633928448 0.009755176197932493296632470904800049638083692116197199 0.08207165281066083759508797412784986136102816089987755 0.1053879577405463959638822271647207173828064696863294 0.4413220797649421567993531512197336041936068795621395 2.192841728852575705578306641818642219732282683253288 
38000 0.01350847550527643316872641963272139165042062813881785 0.00963421556482811493204472660586978882690800674026832 0.08094596566827099657628549755905567053559934720396996 0.1046730592357228532016198002674300937542284373193979 0.4318934727951012147941119156957512359440443105995655 2.204800175744863548546459419696930126519873738288879 
39000 0.01330235640462846357925605095956500534271071956027299 0.00945052692387866768823634355811691420967690646648407 0.07939509237456639011387650103901414411211590049788356 0.1033016835945564958139679043180869655316200805827975 0.424685039942519433446566079481954147922806441783905 2.18736455271636022913012142865341047581750899553299 
40000 0.01303669775272121338441784184694616222088825452374294 0.009336622372100343434128232999319463303322663705330342 0.07818607771502851408419385026427050888742087408900261 0.1015790630788508912472315089126073672787242685444653 0.4154419373354998821753006343904246477904962375760078 2.151702271284309195189393681957312765007372945547104 
41000 0.01290539825322455583832482106307337765827014663955197 0.00920687364336134550239825130937831865196585567900911 0.0776073287673269761289488594124819087483047042042017 0.1001299070890131075024461794475971743167974636889994 0.4107013155239745563025374752719187654292909428477287 2.166876877296211335042000478701140764314914122223854 
42000 0.01280744540240311612607436962674167801878866157494485 0.009092747173099262558582252767569453766327569610439241 0.07646873122740461474982189352123107539682678179815412 0.09842251322157762861932064207826087454122898634523153 0.402594893831635337367886445791853589071251917630434 2.117833662621883140508155518588750965136568993330002 
43000 0.01275574948720396362142142331064231797199681750498712 0.008984294403570937419993905348469809268863173201680183 0.07496795881705081378607686756754269197244866518303752 0.09794490976833512670482332143628845244620606536045671 0.3980354406508940018002973282307266345014795660972595 2.08797201999970254886543341577009869070025160908699 
44000 0.01249641145537060144360500544072345441293236945057288 0.008851440689400624276696855595447654962981687276624143 0.07370877473098924604466954460524341641303180949762464 0.09712050101985883874573931770490808901286072796210647 0.3934108919672423135889972184431329083054151851683855 2.068896475319702507296784621537710791017161682248116 
45000 0.01235000521266644255368149498894303484064494114136323 0.008677102779052921147564668598317627612459546071477234 0.07286710451099627346502199745637007310961053008213639 0.09625714724928855688812360039130489042236149543896317 0.3889877955360314157849666027999546713544987142086029 2.045643124291384343065025586128058421309106051921844 
46000 0.01219660558219820878105737246149820052210088761057705 0.008549187579020194667923232545447831398632843047380447 0.07234025663951651053242084682404211548600869718939066 0.09458427705593684388330963375146609450894175097346306 0.3853068846307554935065597945254012302029877901077271 2.076975397542615623530659618722893355879932641983032 
47000 0.01206111133944713638677635487300721095493827306199819 0.008455826116992755406718477832750391343097362550906837 0.0715348160439971932493302859967787554751339484937489 0.09362954776878603596406650672046012573446205351501703 0.3804396858561138654395566982557852497848216444253922 2.060683466470712354220301554263983234704937785863876 
48000 0.01183192509045441553010681937085912807106069521978498 0.008367067572902273775827322599418778281687991693615913 0.07070955385938714410424795267506858920114609645679593 0.09149604424958173794657934757568185091258783359080553 0.3791554202147296440605570011506131322676083073019981 2.030691119249615661903132779464442592143313959240913 
49000 0.01176781428234425292147325792582734926838838873663917 0.008305848886027863821049290350001514937616775569040328 0.06996417391089194643750189678277351390534022357314825 0.0918456051182957564668445094024917807473684661090374 0.3767111206165224303592676396990057696712028700858355 2.018671366255879288898952839126366143318591639399529 
50000 0.01163815443377125196282382679074940412533578637521714 0.008212554988339160983011491643651647009960470313671976 0.06914118941034406873465643916798484269747859798371792 0.09010295152032145326209981381349045648221363080665469 0.3718155286934701334901343106054127929382957518100739 1.995930636935493302278575578068142704069032333791256 
