1000 0.08591767098797914326154499808918529879520065151154995 0.06296487690598904226420198110281134518118051346391439 0.47073897891985326338046106975365745483941282145679 0.683929802559661226529080790825787516951095312833786 2.313555631722684457866889840005342193762771785259247 17.43496148258754971892281471212982069118879735469818 
2000 0.06172529873507101295216454792114113558909593848511577 0.04473910612201220167476927239147421744291932554915547 0.3388050376269610329212945976085080701523111201822758 0.472834857213827656704802776532758912253484595566988 1.79119832816796793338760818148358566759270615875721 11.22656421899352086665041516866381243744399398565292 
3000 0.05046778455240644863067592945649053604029177222400904 0.03574952231738449477517027656758852316443153540603817 0.2698595355132552422539136266488313253830710891634226 0.372105692615857890044117964323255876024632016196847 1.496479098025828803055978233338407790142809972167015 9.000131419750764414852706174485774681670591235160828 
4000 0.04392247730971729458457840887530831963658783934079111 0.03012540174580935625594840712032640439588249137159437 0.2416842769956871124931727448648111078455258393660188 0.3316627789516474546270899392830244778451742604374886 1.319588016292312195325460433270592375265550799667835 7.15524470024028501954210801372369132877793163061142 
5000 0.03982315106932912069704656732316294664997258223593235 0.0273229401443308899919852400159370198196029377868399 0.2189831616337351956542208591960374519658216740936041 0.3051386294372418357928166549042359179111372213810682 1.187852255098356236669501773128843069571303203701973 6.03684404283533940617847979304144701018230989575386 
6000 0.03720678391221597277246642236636642309122180449776351 0.02465642028856373234210449044145896380086924182251096 0.2002709053837755112192995504694081887464562896639109 0.2764296374084487230239539495846301520032284315675497 1.07516278474904345319358711652313331796904094517231 5.254862768863700732847182850449030411255080252885818 
7000 0.03401717622743066936209072569086142578953513293527067 0.02308859702277743449479825623565920622581870702560991 0.1847035483920763645679635062135659495652362238615751 0.2553862279304829893471998764065133968870213720947504 0.974892291161418980585239707492561933577235322445631 4.658762167723837140445586335602001781808212399482727 
8000 0.03220713111330153354845825738883569044901378219947219 0.0219975001885081503472747690292043998283588734921068 0.172463622266676086395090217173731161892646923661232 0.2355912158249744775214990638589895866061851847916842 0.9226256437488830663474527471468178418945171870291233 4.550980829567981209883564819307366633438505232334137 
9000 0.03066104317330610517691031041004334767308137088548392 0.02068235436649879635606175207890311540381844679359347 0.1641071515117872514839033465383622001354524400085211 0.2223500653160635627628724866888809685860906029120088 0.8658290333674516776711616028450180237996391952037811 4.490614584722349997367857321606265941227320581674576 
10000 0.02899914952695484464109600564879487549774239596445113 0.01964605601111758394483879520270308560725425195414573 0.1555608753059655125969545225173007452212914358824492 0.2105258855408060458651049035028179901019029784947634 0.8090349610476460561012818084591913248004857450723648 4.198913459600272032965634361190154777432326227426529 
11000 0.02744675462415453586425303882101456309783316100947559 0.01870700060513755773288879346444302242957746784668416 0.1480123110656995619768654115500083889855886809527874 0.1999545604908487655949032857360947446068166755139828 0.7759618461367736694418717480203895320300944149494171 4.017093949680684076154052464247001807962078601121902 
12000 0.02621166877646468135879052711867398528511330368928611 0.01804858531404487000754063071722432809451674984302372 0.1416363843678880266474962718037389208802778739482164 0.1882112219256824320058043772951883454425114905461669 0.7500248781872908151145684652050249496824108064174652 3.806910809974197305426829585073278394702356308698654 
13000 0.02496500423159316778669585164263100551806928706355393 0.01730173580417377986236256680319112177812712616287172 0.1367880573935607306008564384991466056362696690484881 0.1834060926737555218755644850792130284844461129978299 0.7105404906998828175584276278797801751352380961179733 3.849985848175911036170293577640677540330216288566589 
14000 0.02372178320473344164983199675728053890111368673387915 0.01671151154783127626493328520690395677661399531643838 0.1307481947925675039176790850903309149089182028546929 0.1787674725318371826297738497180134231712145265191793 0.6817932803912174703872724201847432823342387564480305 3.759073623937055006350577146534419625822920352220535 
15000 0.02309706570483199737045965777015865683097217697650194 0.01620605180917324343215662509065655427775709540583193 0.125509767499297207081552889273989848106793942861259 0.1717002228862841078314274353977531006876233732327819 0.6599559503844711517029503200504336746234912425279617 3.747760623266340997790033173764356888568727299571037 
16000 0.02221566721241369027395643701711103190632456971798092 0.01561684620949182303485799558351310167836345499381423 0.1213825576215549625837437919262384866669890470802784 0.1649551438946733649591963946634542992342176148667932 0.6494868572897286580053975713067160313585191033780575 3.60742267085263430652364302630985548603348433971405 
17000 0.02125823236804162268774446610530848289499772363342345 0.01531020376511757076945876611395735977794174687005579 0.1176525923256331015431526247627669334860911476425827 0.1612927082624076776122459125906161148122919257730246 0.6412507576080995048387230206277109800794278271496296 3.417252387896426826839960111392713315581204369664192 
18000 0.02080613206963638137860937629003421633910875243600458 0.01480091955636857207845660539674570443935408547986299 0.1144578928121500544366653633054919936284932191483676 0.155985237145478952493801542977802654377228463999927 0.6175593542160149064502126792230995988575159572064877 3.285497857137260323181354726429503898543771356344223 
19000 0.02039936512550092170423189554678833346201827225740999 0.0145651720474913803867372851311157155862474610330537 0.1115048804893769313100653287063046548155398340895772 0.1509603783676783065069220909903968674825591733679175 0.5934775546063046635660541416878999143591499887406826 3.177786039375679677998140504335822242865106090903282 
20000 0.01978192681282450212459868201658741426740562019404024 0.01423871247136960440379474133673620706019846693379804 0.1089818489865283512456383199773490844108891906216741 0.1472533559462235705392026477444922250015224562957883 0.5771691632485126245244271003809188869126955978572369 3.053410000914760155221044923834483597602229565382004 
21000 0.01936483213804627346351760336373715176705445628613234 0.01385201374936885911914072160022737278950444306246936 0.1068798124683490055294218107340142864813969936221838 0.1430019415958343129011620317725395068464422365650535 0.5567138772679456837030355365047995519489631988108158 3.17490823902649488144969702752007378876442089676857 
22000 0.01876871042051429238302676615057773545913732959888875 0.01359422807683211555013132751726367963840402808273211 0.1046527282921094518806427210722009846222135820426047 0.1401682276167705548094782538881553080045705428346992 0.5407377900902523765506134389990933186709298752248287 3.123468720941882999231342665780175593681633472442627 
23000 0.01842007448531355199550208455450128752772798179648817 0.01333551789146710429525877249570808835699153860332444 0.1021162330208693087553418685220485428999381838366389 0.1381341768102669211281926034406986047997634159401059 0.5348744536624939030261711991887096928621758706867695 3.152883172059093234984583631330679054372012615203857 
24000 0.01783606713030785846174977593570076805917778983712196 0.01309636077671636593953204824591907140529656317085028 0.09977724698162870228644464112854883808267913991585374 0.1341262506760000884566304268918912612207350321114063 0.5201041647221488176838256889400469162865192629396915 3.056798155753859178983961042419537079695146530866623 
25000 0.01741132171244868353202235860405222567237615294288844 0.01270884922082431705255483678565497918100390961626545 0.09733477301801881063382775732817364655602432321757078 0.1302729805525691556618468613937267264191177673637867 0.5138232619652245309889264379688000872192787937819958 2.999629921197849048404918126387030952173518016934395 
26000 0.01698949026381860305879906072185070442515097965952009 0.01248497377636445524226566734446453033058332948712632 0.09469301662595794223680921095076534754753083689138293 0.12836787333448902683667811747136866529217513743788 0.5053529080051499642483626983935351972831995226442814 2.93513878329782551741301832581854114323505200445652 
27000 0.01659456107293480969729114818389525964903441490605474 0.01221447987178447366714062255130257561575035651912913 0.09329409691013232833715776784466733317913167411461473 0.1259511471706853423714210157835502457146503729745746 0.4995492839504481817451686520570319771650247275829315 2.918636676810076997995793690598986813711235299706459 
28000 0.01629269428104150063978030477107594720109773334115744 0.01184515227167733095337421710818714970514520246069878 0.09192190467824712521639112308702301845642068656161427 0.1247901938013371401386443493297662143959314562380314 0.4919912575732345293448490725074506713099253829568624 2.937731376601877351928404635827973834238946437835693 
29000 0.01606172891124129045447861251910692814703907060902566 0.01163993639856781008112780522942286687282376078655943 0.08931983563090222392940329201871385578215267742052674 0.1235021511798983111080877002330158376253166352398694 0.4832362900400806211419386937411246663032216019928455 2.85484328723904838965956531904311077596503309905529 
30000 0.01583137134380844340844044122740275071237192605622113 0.01161555923724879671059045591063885183302772929891944 0.08780462109751478344711736120919987058641709154471755 0.1217935695874216767061468461030848686732497299090028 0.4789362187298555656629617249819830249180085957050323 2.798976262377900355981380497993882272567134350538254 
31000 0.01552873751724803189202877770624944275823509087786078 0.01143491982740377459232966345786808304296755522955209 0.08628266944102679929695827454327883287987788207828999 0.1199990489327158283298165215857711274338726070709527 0.4714699103421234653251738200285814173184917308390141 2.734847880021975656712751590049492733669467270374298 
32000 0.015342524507118041288090612428440806525031803175807 0.0112180447403349672208985724798646632649479215615429 0.08519162283132017574695032599563226938244042685255408 0.1180548577403309590093264183630061836538516217842698 0.4660352878459493842187855161540710469125770032405853 2.684767054241899094952500393063132833049166947603226 
33000 0.01502283197620899550077118011354171400739687669556588 0.01114861189068838928242853158340208707954843703191727 0.08452187005029412277158510150010251038565911585465074 0.1158208403647446688654841506771475678760907612740993 0.4605448193774715955083921825607973232763470150530338 2.654766848260928301366651238524241307459305971860886 
34000 0.01481711301014570417534444487367428777702116349246353 0.01102705481113577463730870270586237325005640741437674 0.0830367107115648084918429865097788677985590766184032 0.1139507406191272734582867545705120448928937548771501 0.4529771379839810838650870916666235643788240849971771 2.580217049612665674825431882943860273371683433651924 
35000 0.01456339936264241049412366440021782132419048139126971 0.01088823752575148468922769297989594505793320422526449 0.08222931907690325212148367561848516515965457074344158 0.1122545650943350152158278602854135641564425895921886 0.4475905346191322994539325136331697763125703204423189 2.509197458321948270495993504880516411503776907920837 
36000 0.01433346897040455354693658587827975736672669881954789 0.01065555415186590410510017587139564021470050647621974 0.08098959072639903077170560330433346507561509497463703 0.1105138608375416201464488778760664189348972286097705 0.4439325776350980782994446599554194676784391049295664 2.457145132847228578354750738732548143161693587899208 
37000 0.01408500194185065281775196075614298152345327252987772 0.01047047117818034482626449090808540276498206367250532 0.07911032946437215114288436443312768631130893481895328 0.1088595273896809884227776694942679824862352688796818 0.4382274752080928516761396812606577100268623325973749 2.418706358787209615042457233613504286040551960468292 
38000 0.01378712287260020732020869517128747183676296117482707 0.01032724941982413245736846865718838728298578644171357 0.07764741103437360127148027244547989766942919231951237 0.1079402392370664152444498934402261625109531451016665 0.4321747425428464363362200673090995906022726558148861 2.372153667623794519574847994292099429003428667783737 
39000 0.01368448994560818056241040599485536688462161691859365 0.01012587598703585832824293835874307490030332701280713 0.07702372218539767649071216271128292873981990851461887 0.1066107505631023811260948801205028502181448857299984 0.428352120580762812110863987924425089204305550083518 2.32764026152529075958455551109693715261528268456459 
40000 0.01357369628866362511133893814507800357205269392579794 0.01005955129918832104922844870170672848530557530466467 0.0764634763426992594074604187026622525991115253418684 0.1047452071520399314452512765094560620582342380657792 0.4234986605816269109091396632971182611981930676847696 2.281483152197600030230625889338114120619138702750206 
41000 0.01348681277871907438186262033485984801473023253493011 0.009993385615527011600290805109353398094640397175680846 0.07648590581484345305433207931611327978771441848948598 0.1040380330070568023096235811542076277191881672479212 0.4181257166207212814233208642011874189847731031477451 2.226306028680911558046903730989640735060675069689751 
42000 0.0131894520223449291866066367465148978510569577338174 0.009877957242903801660223407545696749920693946478422731 0.07497912147310285696115211492851493346734059741720557 0.1035125712972499376887582783757224547116493340581656 0.4115894022810479642622300683330038850726850796490908 2.199835663439482901643229340038487862329930067062378 
43000 0.01297379892526141441074036958491788595893012825399637 0.009782929701529982729777475299048905554855082300491631 0.07431959812223697350755217960749376970852608792483807 0.1018414313194840055857106654590982230956797138787806 0.406312618441737304655859627788849763874168274924159 2.220825306401092240869699079297561183921061456203461 
44000 0.01272886690141851589556660617058581053129273641388863 0.009706882116663640131971478759720373119534997385926545 0.07380974547102144794170301006497325602140335831791162 0.1003989693692356923576929766950271982750564347952604 0.4011493664383396822380959539922073986417672131210566 2.184738112528061799479106586119314670213498175144196 
45000 0.01257895750508269712143434929108032349631685065105557 0.009639967469295306817346285447462017614839169254992157 0.07346236938155772085639683491309348539743950823321939 0.09930309449038334131798890294651194210473477141931653 0.3962631332447120617644507195587166847872140351682901 2.15056808144127071971522802140697194772656075656414 
46000 0.01247974998313291759194002374447340919516591384308413 0.009572774613439075141994058330829897585090293432585895 0.0726430059670379523078013149495202327443621470592916 0.09817939703640653055180011199443157465793774463236332 0.3910773272385657976855759254686262238465133123099804 2.115738073960413594045565366386085770500358194112778 
47000 0.01238248948977393836109670011147443346999352797865868 0.009525782063858583291853497111711934763889075838960707 0.07172479380039385928204522316353752842132962541654706 0.09720154325532443113764722794623018842230521840974689 0.3845222776830799577755908014164987207550439052283764 2.095652025687961891994501306690779074415331706404686 
48000 0.0121614315619578458016109326865483719615212976350449 0.009362519520980437719963470569878305482802716142032295 0.0709031556255353681282355311765730476736280252225697 0.09649677934429832990546622301097912099976383615285158 0.3824429153724891334578065565930060643040633294731379 2.062421393098312585867581958609662251546978950500488 
49000 0.01196921213921963531322039883675323324041528394445777 0.009276458882552967036906913997351686873571452451869845 0.07081940452487370158708972905925449481401301454752684 0.09532815164573070314935456306959515870858012931421399 0.3811611378766836079399864256611607515878858976066113 2.042110525707378334723737789424546917871339246630669 
50000 0.01191083610850354178825090270890663113334539957577363 0.009216269316321733751651572481844443274212608230300248 0.07022446283543336652260965710659057492648571496829391 0.0946370208665251504834346578387549442368253949098289 0.3750082874050402539651671157683310298125434201210737 2.013372703478443135694311849626103594346204772591591 
