1000 0.05926718796358452995352416453611610336338344495743513 0.1342125863761769063547653682566540567222546087577939 0.383353513098437251560264907301878167800168739631772 1.223617282462164578319373242631940001956536434590816 0.9821742298977869328833328887995435252378229051828384 1.616891341318331183629641856214220752008259296417236 
2000 0.04256463908478742024139602345700339469658501911908388 0.09569055669496838730745400317112547838860336923971772 0.2713996902003981438191663327907932057314610574394464 0.9121876412914277113485293779771012623314163647592068 0.6749100273392930884538976066266968700801953673362732 0.98606672490174969626262543864747556199290556833148 
3000 0.0344978674441538013996247456077748338998389954213053 0.07795850590481285745348642018948126519717334304004908 0.2230046603672801199387499757054165172576176701113582 0.7159858540244093858765511706465645147545728832483292 0.5608845585793477367484577422729330464790109544992447 0.7948796590779072818318783111291025988975889049470425 
4000 0.03017121607498344014483093560030635416069344501011074 0.06836064137474554451643759395151889179942372720688581 0.1960136836551053070494023133907290912247844971716404 0.5981781160226529247365620522991491725406376644968987 0.4813735403966328781414068388455618219268217217177153 0.7335450810037202200070312330115740451219608075916767 
5000 0.02731613340251096293331367712703405814522739092353731 0.06225876796125702581163690284282719034081310383044183 0.1725938639558045924063747755816677909024292603135109 0.5298721032137288128619975746680381689657224342226982 0.4220713832552105714869539188072167235077358782291412 0.6489934573631679018824829074940652162695187143981457 
6000 0.02520818988529645242224383992757363870396147831343114 0.05751313069998863607766950191424459859490525559522212 0.1578281624181749645373243687296316295487486058846116 0.4779246118535718420292698199736136643878126051276922 0.377890355610285971576069521948859630811057286337018 0.5959313309855267875529000187739825378230307251214981 
7000 0.02339227757493753256262149220479074074319214560091496 0.05344143504666124183257011788505952409877863829024136 0.1483693569270447602624759739220472454235277837142348 0.437140664084128764200250921723167607524374034255743 0.3439762422836370512712993174897491144292871467769146 0.5481026547919917367933904939203415551673970185220242 
8000 0.02166138588874780906337721899518333756873289530631155 0.04957211610027627303928766076823730912792598246596754 0.1357397073770406211389548400969573549446067772805691 0.4095948358794139154096403815374927148695860523730516 0.3240415921057502999689473727196187269328220281749964 0.5109203384792691532011350841191443805655580945312977 
9000 0.02058632828159812564719401833945866542308067437261343 0.04694959435042985335930984525099063375819241628050804 0.1295717523007361950197454183997258780891570495441556 0.3910170552355311377921379817346192453442199621349573 0.3081045690092664944548499911247674276637553703039885 0.4788220480348097074204186118784321024577366188168526 
10000 0.01976697698531082375480181015370284569598879897966981 0.04499914700541232577432572067865912401884997962042689 0.1224561257914412534418199807184635119483573362231255 0.3653312808056955343725263896104138439113739877939224 0.2899269127604680314593595807926007523747102823108435 0.444878514377303164295919882254004562582849757745862 
11000 0.01870316581458454496975313350454195315819561074022204 0.04255426152634944428636201013693707295715284999459982 0.1157607033930954233856753556042296082750908681191504 0.3509818529738665305076853601073949562305642757564783 0.2785870127126629895448605561680821551817643921822309 0.4378638358385492790748709512893555029222625307738781 
12000 0.0180291967817705920791663534372140098582804057514295 0.0409971717773650664795527694128640661119789001531899 0.1113737538525893923602389304350346321825782069936395 0.3331669196808314069432541137949499443493550643324852 0.2655355465432435459443693409609110744895588140934706 0.4111868766394275157461009329029621994777699001133442 
13000 0.0171833060592073058547803090373440326743548212107271 0.03900524891009090979235827967297467466778471134603024 0.1086890844076116936008525454271378407611337024718523 0.3233672717476573463962503246493795927563041914254427 0.2516135577405210923098224928828869906283216550946236 0.3919723318869275701032458408823444528934487607330084 
14000 0.016386627217776106410929842782664422884408850222826 0.03717596843149406713518122756523265337591510615311563 0.1056441406329218883879822454829877642623614519834518 0.3120961608830936846216419500166239231475628912448883 0.2423118053238308664833720873499345316304243169724941 0.378080819806023040081672387247024857970245648175478 
15000 0.01574751517611231599951221275801582777376097510568798 0.03567092271548835024285936667887142448307713493704796 0.1007277910428420790458722312854522584757432923652232 0.2997878679159992074479412771381703350925818085670471 0.2354171710521610234460908664400058398769033374264836 0.3700434938107896730332801310536794403560634236782789 
16000 0.01540758680916751516973896849252434471111428138101473 0.03490579108131506514954589016908048648701878846623003 0.09758015065723677466106482716878822714079433353617787 0.293541169185055947680150489897954457774176262319088 0.2261972987992663295081074287251610144267033319920301 0.3594525141898672638282943858634155276376986876130104 
17000 0.01486603067012514867944290245654892501647736935410649 0.0337585272121243609429273174749042141229438129812479 0.09492803225835968685433719979616107309539074776694179 0.2858603812066458686952721834906299136491725221276283 0.2206570773921834723800116523362291331977758090943098 0.3475680195982362352864498272753124297196336556226015 
18000 0.01445139144290563547253929176442110993150436115683988 0.0328970450917134128920513418820048556767687841784209 0.09217518110939569481355896143903727590895869070664048 0.2831402262471498419379480060431575338952825404703617 0.2145840528185911319253732082446006756981660146266222 0.3372413395472224792676161492233077865421364549547434 
19000 0.0140501921700795099044541580819711601435528791625984 0.03193086486152011046482038919558377187968289945274591 0.08949322474510979845511169164518072705050144577398896 0.2777332761060483002247146339103167633766133803874254 0.2069724989857719264801276873311230986018927069380879 0.3316318818467354916676263776320610077164019457995892 
20000 0.01372136232924179381573593760473839253677397209685296 0.03122787334753946186114900978453290392167218669783324 0.08698714494405378129022630637190438562811323208734393 0.2728171933569649165198228030204674610104120802134275 0.2014302211426247621485615887926279299335874384269118 0.3254042467594976438072327390438331917721370700746775 
21000 0.01339061861000705406526701266370360521307247836375609 0.03049192689958638517615295646795425810182678105775267 0.08478218157985171821367691505355601577775814803317189 0.2702894164597217036352660990417007269570603966712952 0.1957799589192436790695229717473857533605041680857539 0.3206814955466594850130423316469929773120384197682142 
22000 0.01311601646205657623270725113673318418250346439890563 0.02989864259654254696150230477535991724380437517538667 0.08251469405970202189220738531183485520159592851996422 0.2627157124122565800021164572619625232619000598788261 0.1902328773441065176241608625229417839364032261073589 0.3132896583831433661218850844631944596585526596754789 
23000 0.01298025230837978757436281971801572687752468482358381 0.02953536445175658848363029265748913587685819948092103 0.08064575731303716958658272043192205558170826407149434 0.2557604831296173002359861659016360135865397751331329 0.1857511059119038972708374407583065135440847370773554 0.3053033331421830632397464849736579139971581753343344 
24000 0.01263347918169120738844727865404782285452256473945454 0.02877843718515287021476043490680885028609736764337867 0.07855016651348698697470600629810810744402260752394795 0.251278383334048674424814756589441344658553134649992 0.1809719428252010328369084324329207902337657287716866 0.3060149229582011581797963001294604623581108171492815 
25000 0.01243510999657937362636300889992546636619863420492038 0.02836116772730104542342107528524186577101318107452244 0.07611120480142871353113282265057115694162348518148065 0.2458225673458423150499621914755188356593862408772111 0.1776374324607659634729824038590351165112224407494068 0.2955792367722563029831979453110335498422500677406788 
26000 0.01218059522237199866371909137696682989826513221487403 0.02782828134630094695005581365010449701458128402009606 0.07383283132549016498295639532312151231963071040809155 0.2416289306345170620612602951915448556974297389388084 0.1769831657303263441606512237913584328907745657488704 0.2911620540573497607674934711807779308401222806423903 
27000 0.01196744970734264726764208616044404820399904565420002 0.02733970128108341020302613031539573640316120872739702 0.07245213630448249554231792898817410275569272926077247 0.2347909069409254662297260526915287925930897472426295 0.1743653553790715431890930367520020638494315790012479 0.282296221379227727193809982519923096333513967692852 
28000 0.01184589308713489814889351960103258676326731801964343 0.02709921587509640032789555007947113196564714598935097 0.0711462127403709002578294749719045597657895996235311 0.2299596958803114764405316552964286813676153542473912 0.1716330091046737357492277947779157898366975132375956 0.2755302358062659779725563774510632697456458117812872 
29000 0.01169426189418270126033316510041903946159891347633675 0.02674207222628500179586411716892158096925413701683283 0.07087405329868605229981862181354301810642937198281288 0.2237474622867171587234152649314999905527656665071845 0.1668641366791797204475068100437695761684153694659472 0.2672615563178723998996946797923612848535412922501564 
30000 0.01143179429593916779934049780809157681460419553332031 0.02606641944210930961075233219109703597382576845120639 0.07040390320632423118386508664734435569698689505457878 0.2217784936174843674381402733319923470389767317101359 0.1639459677655096932826243524838893961259600473567843 0.2637834668364249913303457711899469018135278020054102 
31000 0.01117141892223338573664025282980438724678151629632339 0.02548809238087925503083114395913577610031097719911486 0.06932930017443092071785818927831535063432966126129031 0.2233054230454784040287323151896536899130296660587192 0.1605467806276407894013318750081609209701127838343382 0.2606762941682275258679490209656748334055009763687849 
32000 0.01091671083659939718834555252846563178081851219758391 0.02500389300487135212487871741005029946336435386911035 0.06829903755357435005856258855572171739822806557640433 0.2177643698197708333320985613079656673107820097357035 0.1583617556363501686895025113988033638179331319406629 0.2591933114272297383935423492617999841058917809277773 
33000 0.01074318526310789381468611264347501332849788013845682 0.02458282255679908740982411718967171054828213527798653 0.06740445199288602173137837855754206373148917919024825 0.2159293361267111969385799202791886841623636428266764 0.1573509363934276080419782939401329713291488587856293 0.2540275814180254594025053921368950682335707824677229 
34000 0.01054725815506225105123766418863118232707165589090437 0.02413351383325685695505958584805572542109075584448874 0.06591882348143282811206867394249186986598942894488573 0.210438883096547053568460376726800831193031626753509 0.1545049246730291421557737518988062674907268956303596 0.25099664918322647113690763986948439878688077442348 
35000 0.01048380026125677350118316644850269270250464614946395 0.02394872179027682582491882469499788754774272092618048 0.06497789015242366782512672962468514015199616551399231 0.2077174081591271531579273590395473547687288373708725 0.1518214142682372370474295358855343351933697704225779 0.2477572079771719734859764666667913957098789978772402 
36000 0.01034798240749540762218022359880675864474142144899815 0.02364636591395419997173050607325306415873455989640206 0.06416215585714965625118398617754422730286023579537868 0.204215197327982355559954606716299707613870850764215 0.1482189863654560196652709702647143785725347697734833 0.2440646607246378576173539282079261170110839884728193 
37000 0.01019839457188561003622175298727325909453611529897898 0.02325350007279649886690283712431526197406128630973399 0.06342829229428630874340578824077674369164014933630824 0.2004439291432060929671384735817341038455197121948004 0.1458314839679410006029885993328321092121768742799759 0.2436337170702450224122389416114842219940328504890203 
38000 0.01006455479905246522690843470615451593630496063269675 0.02296841991640581726827905276189234484718326712027192 0.06252021494162155314331524857962563146429602056741714 0.1988173182892744552725415238536577078320988221094012 0.1424170445693502648525563189507714412229688605293632 0.2426180982880245922268499028651156379510211991146207 
39000 0.01000357913577891281008391257886791514408741932129487 0.02284763858090465134888279521985232634051499189808965 0.06126473845356888446836061100364556608610655530355871 0.1953714675702534924774111946277344031841494143009186 0.1400328853811307381840465732802947229629353387281299 0.2388742062851619331895550168987085726257646456360817 
40000 0.009934742426019161536118544895967996666286126128397882 0.02269916373083703254578871039148779686911439057439566 0.06046557134354591985512302615424218288353586103767157 0.1907169802193833294765576771845339010269526625052094 0.1386003675364075889397388538504252153416018700227141 0.2336689114270684291960666553733538819415116449818015 
41000 0.009865362263910519859100821393749214394119917415082455 0.02256361142359457189832192946371547392914180818479508 0.05967578436449881034071320018430384379826136864721775 0.189257157559403918175352371511266369452641811221838 0.1386093381083037832040378775633193697558454005047679 0.2308278992840812875734146300543692120754712959751487 
42000 0.009712376332048470047822886358490634961526666302233934 0.0222226663201224397338381369090831718438039388274774 0.05913213575735733077968938990742753247786822612397373 0.1862422182503573270327245497979262722765270154923201 0.1366939878329238099001225609230303348340385127812624 0.2290471351182957601623924742684224042932328302413225 
43000 0.009480548669168683346301430055896863891007342317607254 0.02169717126596071278353929437376912403578899102285504 0.05912985543911168920049948108386139722369989613071084 0.183950045257013944919634307328948352733277715742588 0.1344695505082200489438155194266144576431543100625277 0.2277716953317144135725616505006030365620972588658333 
44000 0.00931744182003849701839226591509879327190901676658541 0.02132149163323085289937933260034919058512059564236552 0.05795261560214017023095469868798623735983710503205657 0.1822651479533526187404388757551387811872700694948435 0.1329894195926270303396293792630444841051939874887466 0.2245968302547997353513361748489352009983122115954757 
45000 0.009138678179626768714131218596108396923227701336145401 0.02092374715042631021580388228642277681501582264900208 0.0573262248187982856564479626493291419819797738455236 0.1805383158487288527331657977947898530146630946546793 0.1316151709017622675426022541000925514254049630835652 0.2251149529619956752998994123360354535634542116895318 
46000 0.009047784810666389609711067042868704035640803340356797 0.02069963640545508335046422446201752620709157781675458 0.05685878351851689657841019097384016589558086707256734 0.1784553330107815672804548803864754802361858310177922 0.1310517650143361916096349309435176166971359634771943 0.2233535976379852289262339243292032620047393720597029 
47000 0.008907157648090568171981684219423724968578426341991872 0.02041079604593494861395372528406477741214075649622828 0.05604272347300323041917064631478595515545748639851809 0.1768832861934914551214643313459262685682915616780519 0.1286114112042759754611339143015591446328471647575498 0.2215869283824575750448072561371581912226247368380427 
48000 0.008713673196610743669693940199882931096908578183501959 0.01997216686990585850817677988217058171471762761939317 0.05543605241187640525054257899240095497361835441552103 0.1748610486314364148504067394962468995345261646434665 0.1273964343967568094476670859105382760390057228505611 0.2193254632548720889855626767217522399278095690533519 
49000 0.008693506143326656583748639466752150539718968502711505 0.01991041022169383781764272645792290816757486027199775 0.05539412182437789589929937744683385858479596208781004 0.1738657985668793322972091458522569951128389220684767 0.1257377265209938606874097086207875406671519158408046 0.2152712418470701466954256991792604480906447861343622 
50000 0.00862603427688251487592433841902761493258822156349197 0.01977292291882801010251225967695454244221764383837581 0.0549544102739946521358810251761672915904455294366926 0.1716547522257695832897635493385912752728472696617246 0.1249869794711120443380758353313364494852066854946315 0.2132367504588100145005661462116464122118486557155848 
