1000 0.06820592411972031611407931914192737110624875640496612 0.1528302675553171678641097355755285036593704717233777 0.4236995231292834047421864279714398549003817606717348 1.23170673410014195725114410917555574087600689381361 0.9177345183697280569645043923898697357799392193555832 1.782942145142032131324184851539627061356441117823124 
2000 0.04983341085105486674831812114738749386333438451401889 0.1129206033694828120711841148993137551315157907083631 0.2909420695896671590831728676507239583770569879561663 0.809066126028431745935767804844829242938430979847908 0.6808540401196889629321928882887959844083525240421295 1.147280362058992020206360518130850323359481990337372 
3000 0.04170341690056766295539966878103133041122418944723904 0.09410352925852453846982531571185859320394229143857956 0.2356876008814996628713388931997130271156493108719587 0.6558959263781264828582946713186885290269856341183186 0.550324812039666785552869537889719708800839725881815 0.9131632322309982444617781904838693662895821034908295 
4000 0.03591946204927845005789406249152584393868892220780253 0.08130151328256588811769708935450751141615910455584526 0.1970613440407686118161900007406117651953536551445723 0.5575530181558996880198005030582208974010427482426167 0.4805914569752332399352103692313775695765798445791006 0.790850845350869557307937202095260431633505504578352 
5000 0.03118357986491208832372282709621824636769815697334707 0.07087410583623353708797049793632893965877883601933718 0.1746929567119601994822563825748851229491265257820487 0.4831781178495023357591115625853106507747725117951632 0.4191376017303866497820761388704013938877324108034372 0.6989454562080434680431707816783415410100133158266544 
6000 0.02830046717856993266978636765440757727674281341023743 0.06425649827024498205948772194817664171750948298722506 0.1576333174776129154273825172527523363896762020885944 0.4494167851588450952502688112710771406455023679882288 0.3759923799577624171387984358672085249963856767863035 0.6328803938123790378687989754968867828210932202637196 
7000 0.02594759995751595432445467653143067465748572431039065 0.05890995982540489266644193229460757521565028582699597 0.1452042390725753584056895162390787845652084797620773 0.41563744232665868910420875481648295135528314858675 0.3488179681873471844574027128649262863291369285434484 0.5746663599485424648596020025248520823879516683518887 
8000 0.02408145642076767032856697038634141705415459000505507 0.05472229638000403590842603794575094156016348279081285 0.1349992068512272871152980410758281948346848366782069 0.3891707157879043460296190209968258955086639616638422 0.321904003655695104276586102076684881012624828144908 0.5622373375447329368155210960189549496135441586375237 
9000 0.02241050474539888260448066738261818642286016256548464 0.05075867883492432918417355466877971537087432807311416 0.1289516835659123074363848621137762506805302109569311 0.3575971808253848367611764380580297029155190102756023 0.2975394029496487635698225016067652859419467858970165 0.5240789187895100874510501132164108639699406921863556 
10000 0.02161665963219109929274004081728444148779999522957951 0.04897508816855868901872180821988056464988403604365885 0.122650874790111852336146544550921078098326688632369 0.33951222444311371067150566449566184701325255446136 0.2832015798296612377942058774715761160223337356001139 0.4911444492340872658214454005154436799784889444708824 
11000 0.02079731540549858694340149868617917405799744301475585 0.04699145978284093327326481452643758274234642158262432 0.1180782266257485301771219463051743048254138557240367 0.3259128075730801183328925324511615713163337204605341 0.2740165760278435489285305676210313663432316388934851 0.4604732193657413164282650452907574845085036940872669 
12000 0.0198218021201152966042529409568251352879997284617275 0.04482483153782179219999041303035269834253995213657618 0.1119917163235061151557747129159370302886600256897509 0.3183464766673399376506210095572058094148815143853426 0.257996080014926245461753459564668844450352480635047 0.4376095052669505133466094221050823875884816516190767 
13000 0.01886367441504917600087116481832882897151648649014533 0.04256224495401429124737395677524620651865916443057358 0.1098898769187004545252084493356381500461793621070683 0.3068922241911042939305036270081217253391514532268047 0.2484443155845225229840476932618997807367122732102871 0.4087416294505022986121699907213766778113495092839003 
14000 0.01810004627242180255325475039807070487540840986184776 0.04082567023752976836286146533616658871324034407734871 0.1039033444923669167070812840991678172031242866069078 0.2991719252694209154361075497785549259788240306079388 0.2413972493180436240770318431780872003855620278045535 0.3901164271566870157543615443840323564472782891243696 
15000 0.01768070834730999689553678031611605447892543452326208 0.03992046428283460398063844411231659847771879867650568 0.09918500912634256098357639352958159406625782139599323 0.2899775377632711738861651801224539326540252659469843 0.2300060675863439580449100116399385740351135609671474 0.3841213818068659891088404562120572904859727714210749 
16000 0.01733308257585964598740477932148351669638941530138254 0.03924400300454405762844113311760274598327669082209468 0.09638504784461907648913112436894756740457523846998811 0.2812832218511922183798272534271944778083707205951214 0.2242449951032026241899827376236054021774180000647902 0.3711719943826367212630790853866713518982578534632921 
17000 0.01672283215325322485686780280000895970715646399185061 0.03778919538979642735060404147573454025632599950768054 0.09427325311269820561185968366135767837477033026516438 0.2748362867262279255950712525402579444744333159178495 0.2172381316752181570808432481411998082876380067318678 0.3631176050848935106822503587897799093298090156167746 
18000 0.0163786410492574310687876942491114640176874672761187 0.03697380102314403733565939709493353149127869983203709 0.09119925914304510375135888466946454400385846383869648 0.2680494412968926476990589452542579351757012773305178 0.2099027946472725367335404253466002444383775582537055 0.3556750049976541795183123534362934492492058780044317 
19000 0.01596546786642069918993422795311376560789540235418826 0.03599206813334788706320774807900786385062019689939916 0.08858462364721406149734288931751891027488454710692167 0.2630349756887287101809590889045509243260312359780073 0.2029283571780169681970365166967518177898455178365111 0.3431768372325451718521209520940118409271235577762127 
20000 0.01557024086986588431054921461554885198097508691716939 0.03506770146941647195559647355589394379649093025363982 0.08715749724399377048857312857976786801827984163537621 0.2577356583807071967987152583123844351575826294720173 0.1998157360321186766212789298613472510623978450894356 0.3357365373075863161514767463167174810223514214158058 
21000 0.01521814125097277394061892489066090128346786514157429 0.03433495181209211045516888245743292173983718384988606 0.08552902300948179527327695087501879811497929040342569 0.2525751351454317160025436067583015642412647139281034 0.1987303704797826821743531380826119914217997575178742 0.3292975457192230830430999810598535759709193371236324 
22000 0.01481033608636009615766788213159221854198221990372986 0.03344857678750961369452628958731654762459584162570536 0.0823511672939459894499016762159371296547760721296072 0.2465538077470311974567903842703309180706128245219588 0.1931119158091509439281394100440536476526176556944847 0.3199811909553985330757503585674683677098073530942202 
23000 0.01461397444700556859599656096132536120535405643749982 0.032983476955105177309476860436632250639377161860466 0.07979277479958908094164610202980725262023042887449265 0.2446722673649443195997019509513314972082298481836915 0.1863629627589062942875832579181505366250348743051291 0.3115058469371513817560565007269701709446962922811508 
24000 0.01426061800048535741143075628034608826055773533880711 0.03217107838609406514547052469144006181522854603827 0.07939915942508266547418104702726893151520926039665937 0.2400168113340288564077577154742826337496808264404535 0.1799870042360015896603341045700830136411241255700588 0.3029579644724149837631092807566091096305171959102154 
25000 0.01398042519478703207937907116928388795429327728925273 0.03158396451035460587237536402016591097208220162428916 0.07833020663568197223695704564661035362860275199636817 0.233460367928041010498530806460681930047940113581717 0.1787657211348518858715214360777245872213825350627303 0.2989141491766713319981792207347126577587914653122425 
26000 0.01367112630590085844638600009667839252358589874347672 0.03092174198708669314026090384900369301135469868313521 0.07686213371756710475187889669568264139343227725476027 0.2312098318107069704291454265154825975514540914446115 0.1739727913315823988404202823931932186951598851010203 0.2918570834862877495493108104263058066862868145108223 
27000 0.01340447250815113726897038126315009343159090349217877 0.03030086689004536468040949641344905529649622621946037 0.07604464957989103088709798017319485552434343844652176 0.2249901965187301099374870411162774530566821340471506 0.1712870410133251265115622921642035692002536961808801 0.289953197969594024969173032268976442082930589094758 
28000 0.01309932106948551723378396452468486188536189729347825 0.02962251795969790808936308954685268091111538524273783 0.07419694963328195920406610275321668268588837236166 0.2223839040277757744806927039937782808465271955356002 0.169597439225395910829805902475531098616556846536696 0.2861504773849801800929618100788331958028720691800117 
29000 0.01286493857371194486656073175528947061252438288647681 0.02908043631328605222892132002587839423313198494724929 0.07226158083596558532999852217382219521368824644014239 0.2196527791320274459259571930846988152552512474358082 0.1673477449321369003306736802927368046312039950862527 0.2825240441039974415731762802383997268407256342470646 
30000 0.01275790459154527765242012138716121150139315432170406 0.02886668910488285434867868333580487316680773801635951 0.07119953712039381909154394864613912830009212484583259 0.2149039457082840403614413388178050468013680074363947 0.1650640920782417735623512355935815776319941505789757 0.278453838636181364709840102555915564153110608458519 
31000 0.0123520476095129895852589422579337341545624440186657 0.02794733836870154845388302539133107416091661434620619 0.0703216008221163252703278523370045149931684136390686 0.2105768151213747119777962638065282874322292627766728 0.1610291506500738160744109692124048649475298589095473 0.273094053002324474996916764402143940060341265052557 
32000 0.01217513983983629862469595574875347310239703801926225 0.027553061139647885391973261386133753347849051351659 0.06921259549333631910225444680562212340646510710939765 0.2077850729628029928703920187205156366871960926800966 0.157200691935281936081805070903882892707770224660635 0.2671236893289325984332353847161556359424139373004436 
33000 0.01204924858181770862361226496692334642091282148612663 0.02722374393447192547740537231504287518646378885023296 0.06880379248671609988184617520690089520485344110056758 0.2075989278109261157331767375100461947567964671179652 0.1547954688798210351203393786434503454074729233980179 0.2611615615836948761435340471415145202627172693610191 
34000 0.01180950254132725030018201970230529163075061660492793 0.02670071820830283205620630723742259249320341041311622 0.06740690497228384137442559753683468670715228654444218 0.2046566583103640346753956599790136294814146822318435 0.1513343402686115432049943421710658242318459087982774 0.2558929511141112181197860425685419727415137458592653 
35000 0.01160839404105064153119303413039253847216514259343967 0.02624030239758030689453140432004785154163073457311839 0.06623932102414623036384629453654504516180168138816953 0.2023510010028002841875414269390276444937626365572214 0.1498923788471199734366771580407196040596318198367953 0.2529413399488501207161561534775273685227148234844208 
36000 0.01150042183684202779290041765425378628151520388200879 0.02596899936264839622580532021989263569139438914135098 0.06531718089871016786945780857598364832483639474958181 0.1986544334962158996575999972411530336557916598394513 0.1472500685819560797368233881488031045137176988646388 0.2491082833851194940609236755379995997827791143208742 
37000 0.01118795763470575174812205983612689585982025164412335 0.02527833940518751389657514661024606539285741746425629 0.06407362510915226005698934474974493014087784104049206 0.1961435591281256883761964504575558976284810341894627 0.1439687567264858076838789091578263423798489384353161 0.2461085756515615974760087525385898743479629047214985 
38000 0.01108591696842282012304436479566138729069280088879168 0.02503430017336141373282076914158489344686131516937166 0.06320497197851975058235018609109623355379881104454398 0.1962527740415435480511715735096878177046164637431502 0.1432401878129498949199834706424994124063232447952032 0.2398932486943380109809496880668433504979475401341915 
39000 0.01099046337696789289805032437466469907860755483852699 0.02479765384007229347497534930472307124205144646111876 0.06272589862633499051605950186383253708299889694899321 0.1918330284777735920368358507603900875437830109149218 0.1406392870445460192786648473406430071008799131959677 0.2357733797744966008815958175004467989310796838253736 
40000 0.01074490312245647920129560954488612267709868319798261 0.02428319436830718802233612663155071231813053600490093 0.06167942629290481968079920549463679435575613752007484 0.1898467808360396184868450555893737430324108572676778 0.1404835836576555394239430515912481212126294849440455 0.2326302344887797213430786352761359125906892586499453 
41000 0.01067729365244768687902147171614464227218377345707268 0.02409991867071774714276558015946250179695198312401772 0.06137949757915647447525258652289981142757824272848666 0.1883361669226042483735183985515959648182615637779236 0.13819134319556191631121234986157020330210798420012 0.2315751152666769420809290969121008174624876119196415 
42000 0.01058693277041661328149454264144213588849652296630666 0.02393330817239836306884121289173528168703342089429498 0.06074163609454045581765983287392263179071960621513426 0.186395980280341121840324662695120849775776150636375 0.1362607936166597434173583872074608791535865748301148 0.2285628637267917491769425239467317112485034158453345 
43000 0.01041983144457566115528466491740866572968116088304669 0.02355557327711099639888029776829680983496473345439881 0.05985794449731180685993865361882448894448316423222423 0.1846848592000248773903987517530644879570900229737163 0.1349989642541365571589860247736503140458808047696948 0.2269983784931165383150176648174856097739393590018153 
44000 0.01026133576190783987284137462187016964776375971268862 0.02313363435361955200684515570469512724116611934732646 0.059726615469382420850155039973583548373881058068946 0.1827043434359477255601649989258383754986425628885627 0.1330693052274199605271385454807742121374758426100016 0.2242792494460261586982719253513529622523492434993386 
45000 0.01017761438209519809855522739019950684280502173351124 0.02293494871044777744371510278670323046412704570684582 0.05963688843686154059128379061049951559425608138553798 0.1799555408276010053065597019128496469875244656577706 0.1320962401551371528360444632110848317552154185250401 0.2232862373499892832392826544363195750975137343630195 
46000 0.01003640024646328306946632506757577374401080305688083 0.02261788838247669115661590919647006003856404277030379 0.05858801551017906898561325192142934525918462895788252 0.1767906560150015973136364277884524653927655890583992 0.1300867122563809509625410570921033581726078409701586 0.2205075366106941444911378538695778672718006419017911 
47000 0.009916400625897986540595600759434580240281320584472269 0.02234962606450904973391354338407843727054569171741605 0.05793996366217713607756957007455245189930792548693717 0.1735671050550135402138060211618686423662438755854964 0.1291583180327069545488593085846851238329691113904119 0.22075011907816538874393345187607806678897759411484 
48000 0.009750797993737001367067990589831971703915769467130303 0.02200088831014130814085880041147680330482216959353536 0.05756318741799610826410525839247345203375516575761139 0.1726846877520201931218660901246053640534228179603815 0.1280312546767334877875505610989037563740566838532686 0.2177509257760949555149214418303671436660806648433208 
49000 0.009604193998543427134581898507725838953774655237793922 0.02168192744934548998223488008169068663733014545869082 0.05669111236992775397993565324183951048553353757597506 0.1708352941366891399098491138852651261004211846739054 0.1265906248818770951349238843008926380662160227075219 0.2144749595072022059347909353488326189562940271571279 
50000 0.009491295214720957380525082850569740244850436283741146 0.0214315455659154063868128935188561712266164249740541 0.05611387262043254098246706541852635297118467860855162 0.1695500436183010214524465378294060258212994085624814 0.1258431518809985531949383399941133632182754809036851 0.2113516631324815241355823472457764466980734141543508 
