1000 0.06449679939162488152658422521645853464633546536788344 0.1470454526539827592312862161727515797338128322735429 0.423401932873389020498943596804153344237420242279768 1.249567375954568847402394171641759612612077035009861 0.8582970195907063316767375560356612140822107903659344 1.682108968705009076154664737767774340682080946862698 
2000 0.04561364116978576882535331184220783740101978764869273 0.1036311522844192412108632085632198283065008581615984 0.2740159852676786605973902055666258092969655990600586 0.8545458331317624686793849031474223920668009668588638 0.5989923860543499172285307474705717822871520183980465 1.239566816994972565739961678499270192332915030419827 
3000 0.03848231504932218920010016452448731172353291185572743 0.08764640344666496592522172970340932351973606273531914 0.2193430973046818509058965979141575530775298830121756 0.681911402368649401030831908032681099030014593154192 0.4953897390718772470819073611147942415300349239259958 0.9750941300367443171867067042146715039052651263773441 
4000 0.03288769508044290773275892050819813050566153833642602 0.07491792435714860407794304236750448922066425438970327 0.1892512373192568798685756978339433942437608493492007 0.6335018810459849933520992681934558277134783565998077 0.4245774786038940298003342699306728036390268243849277 0.7985866333614650691957032035972474659502040594816208 
5000 0.02952315999484183949645959947616358221011978457681835 0.06671064429425349755117249581082283782507147407159209 0.1725743024313861992711854539961358057098550489172339 0.5513991737876672556781937339920318663644138723611832 0.3888740970642358690410791272062951406951469834893942 0.7024789040482840712649285908053542470952379517257214 
6000 0.02684905572592236323680022977433701214522443478927016 0.06081536622915637640502057106872690894761035451665521 0.158713443472936737259891028239966459523202502168715 0.5064840385708281440498880476841492281891987659037113 0.3625478771445020060909449760577771826319803949445486 0.6375741232444298692326814514963473357056500390172005 
7000 0.0251810096796322438085768144824805325754368823254481 0.05712157669980373185620258456862696760936159989796579 0.1432289515291558283188689745801802644109557149931788 0.4654662188752288223228970737155307801913295406848192 0.3279726234299788308252689150723568900502868928015232 0.5852382398003211275540683122819984873785870149731636 
8000 0.02323359234921002087032547694239736912891203246545047 0.05288981010534553832465472743284973233812706894241273 0.132814107472856366285915950820051278924438520334661 0.42912206916607013165785959596387755254909279756248 0.3102169259836622538129436571496810870485205668956041 0.5436380459044469615334169154685639568924671038985252 
9000 0.02183762224988338787465746645977127116111660143360496 0.04971568590580261029271066930412814599549164995551109 0.1259899092023099474659149354938136866621789522469044 0.4101432074861620822540247965903859039826784282922745 0.2990631732734526572632920843330950333438522648066282 0.512297013398288012897899279529667637689271941781044 
10000 0.02046735563102682593249518304412415403703562333248556 0.0467094375282565625365454979600610130319182644598186 0.1195153316283795618109949028540217597083028522320092 0.3894108959707901122609084720860295192323974333703518 0.2852544379452990374115839422586304863216355443000793 0.4867794267832555124857121103820745133816672023385763 
11000 0.01941314074067079847448163802681175837960836361162364 0.04429055095846985381407082127402929927484365180134773 0.1159573035018266229818082249658495186395157361403108 0.3661497072111347721927281095855022385876509360969067 0.2713112874109258511735702501521672047601896338164806 0.4657578298496302371921318208336515453993342816829681 
12000 0.01850411301559158428278479419093471847190812695771456 0.04223592967233778046505510150865347895887680351734161 0.110663884687058059975636997024350804963432892691344 0.3462065419722133579347265325276694625244999770075083 0.2609910017120275992877527493352118881375645287334919 0.4426238876778307738881369087780015547650691587477922 
13000 0.01785096143967424656308481609179317217694915598258376 0.04080215721882098117478986434858434506622870685532689 0.1056061201462712249103648685932821393862468539737165 0.3326579416314014053291953781910095244711556006222963 0.251441762183978550977995689019728331459191394969821 0.4242006813744473011707544068960018535108247306197882 
14000 0.01724470711305803566254003268698458128938000299967825 0.03948731829050782717608009467213925347550684818997979 0.1019128556423052394544286579358693956010029069148004 0.3192271785786147655016812413331095399371406529098749 0.2397834121573687929656216316631756058086466509848833 0.4001152985360274288084356242300998474092921242117882 
15000 0.01642660146138253305470944623523088523597834864631295 0.03765335085645560541230082371444431998952495632693172 0.09733535524482017917472214535434815729786350857466459 0.3116100910567428106383736780005122568582009989768267 0.2306643987954912730539399137730249833566631423309445 0.385028759562284276477157896056979780041729100048542 
16000 0.01582613946765366950541337187630119842651765793561935 0.03621794090956356742286260594343438867781515000388026 0.09526440758227931041767161737809921362440945813432336 0.3070228197746001606589349303133573698687541764229536 0.223352585888869493763089074667149702690949197858572 0.3689153666881619139216851727125501270165841560810804 
17000 0.01520079299674712756399645816746124538099138590041548 0.03483419940065904351264298825785470370419716346077621 0.09247322394387693096331126349496365435243205865845084 0.2920430187564748119167894191416934290828066878020763 0.2141317642932916990227906750554609516257187351584435 0.357602785903525478204646390056886673392000375315547 
18000 0.0147837648658293646528605878344431179272078225039877 0.03371853083562708003947244739251232203969266265630722 0.08960384905305835819081796897456193562447879230603576 0.2836150341693487592076294845355732832103967666625977 0.2053001976318023794813687199489748991254600696265697 0.3472089617965896721620087245208097215254383627325296 
19000 0.01452803655764367137129885066554324524190633383113891 0.03317616249037871513705220787027183604322999599389732 0.08686365568712256502831000129494221084769378649070859 0.27727361864746466300771579605033423376880818977952 0.1993174773046062673795015413036324503082141745835543 0.3361677116998917057299773453182822890994430053979158 
20000 0.01417524649687500097308874309059989471393237181473523 0.03223777760057448188568273057807989090406408649869263 0.08391182854001146907210739733784521376946941018104553 0.2723665297069455951736033361143540787452366203069687 0.1952465115328421164502545673280486937528621638193727 0.3263062219037721010256314357889095845166593790054321 
21000 0.01389778144272146000788597684436065371471613616449758 0.03159149038443167085515829103914420272758434293791652 0.08160383140264518888338032831519797127839410677552223 0.2678676413433173111552140083224671229800151195377111 0.1913273071328366797328509457676304350570717360824347 0.3168801616920633374471089060975259599217679351568222 
22000 0.01354218613668193171358661037323445341939986974466592 0.03079036578120998817186286175551224175706011010333896 0.07854385362043437428280264617219685874260903801769018 0.2599928190704305099826155328601728911053214687854052 0.1877315468285278561946273490068648470696643926203251 0.3098572750715219975147125819336935137471300549805164 
23000 0.01344266639062095647113827734039914751917876856168732 0.03059647561944131102309194034788442095873506332281977 0.07738174383078641938618321208243067133025760995224118 0.2542568140544969170293871513210959278694645036011934 0.1861896268182436702068880199356648574848804855719209 0.3065327744345643321563846250832341411296511068940163 
24000 0.01314190118471387266547344358294524546693082811543718 0.02994833945391683125701088891840173644709466316271573 0.07614146057106528233624507043253437643670622492209077 0.2455335538127110496590651059212184748048457549884915 0.1824018674912225596317126921630524805095774354413152 0.3008585413933259706999873150934377008525189012289047 
25000 0.0127862822404472591775076201377203677367333511938341 0.02900282411698424177977590019544829047504208574537188 0.07539143766714501189175326109626062986990291392430663 0.2421333238332725361292895385756374082575348438695073 0.1810711182497333249544983063694658653730584774166346 0.2965805456702300412538241686233320137944247107952833 
26000 0.01243099771838353920214484925332865117297842516563833 0.02816573828531098242662080669701518687020325160119683 0.0743360027531405476226736110667570045507090981118381 0.2362720815503224167255071422322210139554954366758466 0.1789869642992292320067332020427919303529051830992103 0.2890025413008677848149523964549345578234351705759764 
27000 0.01233360939385433119949849693069987566218514984939247 0.02799685538182365171688467924554499788314387842547148 0.07289360911627996053759048766806927233119495213031769 0.2293938516286188184748091878351061723151360638439655 0.1743067075490453422240057917980138313396309968084097 0.284462151900880515209817794852753536360978614538908 
28000 0.01202455690044487312467607568328142875202502182219177 0.02733762978635877635692991247801097998149089107755572 0.07179587826630228349452560523968891459389851661399007 0.2247553917751352155684693712167643298016628250479698 0.1695904231615215676759293728093069830720196478068829 0.2752184179254389556092390972663608295079029630869627 
29000 0.01183204879104299171176692233309335477997592533938587 0.02695636300489867320003944256567862680640246253460646 0.07091427454761167220332338315125220162826735759153962 0.2200904456517602831720943623583508497176808305084705 0.1643255837147205672231628156843008525811455911025405 0.2724978703828380201007897803977542139364231843501329 
30000 0.01155875276187063147555683173886564851784441998461261 0.02624940859807159433466782101629366508177554351277649 0.07001375705326465070352280964383062666911428095772862 0.2140946135982630082317647660095083494979917304590344 0.1627949199667804501372170289386076547089032828807831 0.2691561244935168577924970018111494596269039902836084 
31000 0.01126067868567328446789438823466555916752440680284053 0.02558846923178128436470086821269420696012275584507734 0.06868498754197610303370586520843588118623301852494478 0.209758823918563424714041343310810816547018475830555 0.1592240172031155861549376814845224714645155472680926 0.2653637733500391886361496202040299863256223034113646 
32000 0.01111769469532960483706762007047319507080374023644254 0.02528105082629818203925336096010711983694818627554923 0.06788428132214015483413471416240803080199839314445853 0.207998410584326609467698855626682785668890574015677 0.1567469952059963586370964355731771888713410589843988 0.2597713854774506167207622636672326166262791957706213 
33000 0.01091129508276735826960044620920209368364339752588421 0.02484727818071932491256496779857831924687161517795175 0.06658230469633222075795386807328668510308489203453064 0.2059251866630614243562245532781496137886279029771686 0.1541970719711174466349645068019569293937820475548506 0.2569130785704965971383631484492582330858567729592323 
34000 0.01079073105018055109131821763315817186423828388797119 0.02464064715370245793736147642966072268677635292988271 0.06590567887860262246199757538156482894464716082438827 0.2016900099005516054244445747767322529853117885068059 0.1524250460625099095636741236559075218792713712900877 0.2509600378859297446689641253314562163723167032003403 
35000 0.01061954323728387473339227235410997529641008441103622 0.02423535470794991767943149952452275286418625910300761 0.06481774520099936945372043339830270269885659217834473 0.2009036264596770788860543091591814857110875891521573 0.1502786937099536100084177375757477079787349794059992 0.2474770288715156383354534450069728279686387395486236 
36000 0.01034926695649498473761655151920146877841943933162838 0.02366067098567523941282956731479991674405027879402041 0.06337207442536188680537847031648546192172943847253919 0.1965143716949602740740868020430376361673552310094237 0.1493683778739988409633857383007615737824380630627275 0.2441876821855369376272452963672066061917576007544994 
37000 0.01021168034708125552682746618043951869481134053785354 0.0233438785828321993416476680741067362134799623163417 0.06273009828221346862977192068711040917605714639648795 0.1966134657961912060331619370168176885727007174864411 0.1473786568012210889040171368780107741258689202368259 0.2389124526552209097066039461543240918217634316533804 
38000 0.01002012054461699561921396699898378912507723725866526 0.02292365733880628550397625178836058523756946669891477 0.06190794837275622938065175633604031446566295926459134 0.1934264463868921569110470581875915740965865552425385 0.1449369258272420279791675018499219618206552695482969 0.2363688167246738783261591695938896862116962438449264 
39000 0.00990064982256294111680254522653288340450217219768092 0.02264353925402165862369903426287720549225923605263233 0.06107209461699599800139784747110560658711619907990098 0.1915229008830578853625438082164400555029715178534389 0.1440239091045355960608084083807156616785505320876837 0.232120014227015877448460218213099892636819276958704 
40000 0.009739361057925830274753671838422475204311012930702418 0.02225672907139890739774425697239390586901208735071123 0.06000208504565809582422474498242248586166169843636453 0.1883478960198726562426515748760458279775775736197829 0.141615456845384557325222621426696889557206304743886 0.2300166202530887712984514897884835704644501674920321 
41000 0.009649283656134827423342555357405059268671720928978175 0.02205631455383043582098843461702930568435476743616164 0.05933077320385717834814640579688127530744168325327337 0.1863758558446789317339939776041468633138720178976655 0.1394312912315768036126354539883109850961773190647364 0.2265557713110377057813766069060967822679231176152825 
42000 0.009532340173530497210734502462614603501833698828704655 0.0217935669105044867576451367643941559038012201199308 0.05859412027946900261186295028048576227774901781231165 0.1844799534559465345549128523217063957417849451303482 0.1389613678697031614564690038537975169674609787762165 0.2270086618884087864236225387526424412953929277136922 
43000 0.00941106452723755198000400636754170236031313834246248 0.02156445359057325471441215591211770785662338312249631 0.05809749100767961883256163165001328962944171507842839 0.1815358401090704891376248139578386542325461050495505 0.1369874138168857125963211174290989902146975509822369 0.2248144815353327892443842037084600349317042855545878 
44000 0.009317287979290752536766485013275396198650923906825483 0.02136796472335105587171850960448438172534224577248096 0.05775339094943928120191715437636847951807794743217528 0.1802596478000511835693142614900352782569825649261475 0.1352014917291764230358524709330048096944665303453803 0.2224429729478276446448005432277028603493818081915379 
45000 0.009249975850429996045120575789283412504460102354642004 0.02120508309119342545590210236117201247907360084354877 0.05707492162412750844429341380570352981749238097108901 0.1781187512567474281755799600523992864964384352788329 0.1339140378308395215925779425658603827287151943892241 0.2203130215460966723136108577629777016682055545970798 
46000 0.009189037060436848283118051617518462492739672597963363 0.02105916091693667807295184662280673748568915470968932 0.05615327914804903665406876286936288522610993823036551 0.1775824156164099476595038401560699981018842663615942 0.1317961104974265299069526719000222669819777365773916 0.2162696626487560296422290109785713241308258147910237 
47000 0.009125637300458216248141417748646064822537482541520149 0.02089440423576740666255970729769941840459068771451712 0.05584401907266528736553667933151245961198583245277405 0.1757365538972248354340766063330647739348933100700378 0.1321111737713080187405119414467691285608452744781971 0.2120822441548661891431775891603273009877739241346717 
48000 0.009088760937073494110202958196770284260423977684695274 0.02083497989653087322406790383999553029070739285089076 0.0553616162482801105158294018016018611660911119543016 0.1734432483845630787200895253641341753336746478453279 0.1311182077973357582001932841730962309156893752515316 0.2113955165016531634677868570215686361279949778690934 
49000 0.009070300834994731020129242037713934720954966905992478 0.02077843206073063525065865251445496042492777633015066 0.05502214242813975982943812750858292304201313527300954 0.1709351034221205384712287400628127898016828112304211 0.129518547890001130067864215655859538856020662933588 0.2080966483075549721787041515530525259691785322502255 
50000 0.009009133158262330274892721974910880788911526906304061 0.02061195875141035482195695557189329960579016187693924 0.05468893385506159383053332266599877442558863549493253 0.1705154722864551575294217791722850563473912188783288 0.1286631285576313655816564282541314412355859531089664 0.2072860756102281949204589259205810947150894207879901 
