1000 0.1988711435057013401028151028393509136549255345016718 0.2198814808280355661412874823668062163051217794418335 0.5191655199848737180625193876615242061234312132000923 1.452678894227414139453044561456351857486879453063011 0.979180484500785468444158249345932176765927579253912 1.430822659154851128073503152560164153328514657914639 
2000 0.1387608558870935923141741105690805113681562943384051 0.1565173913769034725587594308882088967038725968450308 0.3573135375333133217489595123694812173198442906141281 1.062988791305525046264855715261177238062373362481594 0.7340659635064167333473594823090024874545633792877197 1.135121696822498293119943491014112169068539515137672 
3000 0.1157619427075949406207456410244915900875639636069536 0.1255672270768226217864220461972735165545600466430187 0.2948630061273811085416959171245920856563316192477942 0.79938720728967152794617115341146984519582474604249 0.6100919018526286837877763147286458433882216922938824 0.8888219579119993470311782146620060984787414781749249 
4000 0.09902456862612742344802565022665596927708975272253156 0.1104120200640242576651454779745886725095260771922767 0.2534022216788685012949910307922252172829757910221815 0.7209579340472488702819091332951728645639377646148205 0.503397929176461228007507381354557196573296096175909 0.7431560375931310540378871287714446225436404347419739 
5000 0.089874996563417261242470365778522989330667769536376 0.1010114646988000906813708057452316779745160602033138 0.2293762645607056045162983060059502804506337270140648 0.6049590376559901000051884534247648161908728070557117 0.4768743054933049718637112779351383551329490728676319 0.6416607536602761993724426681229289215480093844234943 
6000 0.07946448702642126723756990647196118970896350219845772 0.09081988381901414469855784300511558626567421015352011 0.2126699571542354913808838337563322795631393091753125 0.560487486773678973619051274512870008948084432631731 0.406519268222939446008612485172761807916685938835144 0.7047380756310425060115303075303216928659821860492229 
7000 0.07355805031561474179339563117530076397088123485445976 0.08330937689731903531269608526033110251773905474692583 0.1982923703403000176802295495548378312378190457820892 0.5027293376965861740790671163825464873298187740147114 0.3782520734200521372707099604371094869748048949986696 0.6392239684087665683651091619310591340763494372367859 
8000 0.06986094169711826704533301143906776076164533151313663 0.0806381971469858084805137216077852713169704657047987 0.1838925069367384219622086824474926913808303652331233 0.4844707501417773486465916804588616173532500397413969 0.3476550014921495650643736702312125430580636020749807 0.5869361115051471361947141303083697039255639538168907 
9000 0.06597795062890356241057680450334821387059491826221347 0.07654233654843782307862455269176216177129390416666865 0.1752143759303824784874905121090371551417774753645062 0.4791081213748927017349269613655238231331168208271265 0.321984618892644842535599031263515712453227024525404 0.5439346313037542160928779211293004891558666713535786 
10000 0.06444504538145423200079303302501010364267131080850959 0.07312074394616243149197607614775407114393601659685373 0.1653291978577296086167728456084446975182800088077784 0.4430454399071074713474440581739699496210960205644369 0.3019497601450447219113577129734338200250931549817324 0.5100562468420249524433431054237786383964703418314457 
11000 0.06095992442897444296850159410616765143231532420031726 0.06944170858863946302569434415596916210233757738023996 0.1547652561976803065453512850413453350029158173128963 0.4267472338166664793800576110927025297314685303717852 0.2885745647947100624478543318129908357150270603597164 0.4732583881213942234500099970340158961334964260458946 
12000 0.05871305277958246659534787860457161201566123054362833 0.06562536168219627724098545057396236757085716817528009 0.1481444653753093730413296219561303246337047312408686 0.4019821245953487212122529764757317138901271391659975 0.2779256090799214609968724454258648393079056404531002 0.4517214391407318363935892435723218341081519611179829 
13000 0.05598667786123891548306008222879448510411748429760337 0.06210813357855018985157662461671357334580534370616078 0.1395302298542737316170304212592512271839950699359179 0.3906044100061552918072733942000951401496422477066517 0.2663288591940079906193131892289116535721404943615198 0.4274394602640199617858869640674157608373207040131092 
14000 0.05380706653592247435996705207106316493081976659595966 0.05932299038508147148192469963468020921482093399390578 0.1364041616094464308151781514744094181423861300572753 0.3770743922929519548387956862089964715778478421270847 0.2601158374287277842316305070946569344414456281810999 0.401852432436856373719957433165994586943270405754447 
15000 0.05197873419912946710554567907036638274576034746132791 0.05577913400384355263375547005766375008306567906402051 0.1309593109424308198912014974957251922660361742600799 0.3648574146661648787278667965816580931459611747413874 0.2533292721758714170483903910247036606051551643759012 0.404511118438396261839983328312264632131700636819005 
16000 0.04959175536028695131674100780860836579222450382076204 0.05379976102180482610697108761255158526637387694790959 0.1279146788134818560421068073251760210951033513993025 0.3632112812041668003344100507101543939825205598026514 0.2459250302877845288624476458028134118194429902359843 0.3919378835773028461929648469386222586763324216008186 
17000 0.04868657021998365177218302292383445006862530135549605 0.05210907273791688296997654840370106654745541163720191 0.1255114118061667659792058140966197754551103571429849 0.3483184109195931044535097381720234466229157987982035 0.236802831465722011267268330703128498271325952373445 0.383288396645472404704411278908438021062465850263834 
18000 0.04716705638633501579420502156092531720332772238180041 0.05008202362243818405463107075459294748043248546309769 0.1224467007765627053289753459197619633869180688634515 0.342167693569133540425252285044344091602397384122014 0.2293297857741695077945804498442683438952371943742037 0.372140779759747948737206441061076134246832225471735 
19000 0.04591233467844427249373358973505432345518784131854773 0.04864033438173749037471442144275890484550473047420382 0.1184444156847953141665336605770075806276508956216276 0.3297992325622407194210712610971114600033615715801716 0.221619350504496465386217868287488386158656794577837 0.3556864854351836998280940449479459175563533790409565 
20000 0.04460965867305344875314715435976609114732127636671066 0.04735658663515358115142549547127437392646243097260594 0.1143018117560185750432397849829513347685860935598612 0.3208710667763113175891907108416845062492939177900553 0.2171233995307263428303952423892297929342021234333515 0.344245180318165211447558118895706513740151422098279 
21000 0.04297192415455635577494820399879760230987812974490225 0.04699373658609598909316733966745616157822951208800077 0.1133891521331302537062128178713127368837376707233489 0.3143772015786883497077876942205065802227181848138571 0.2151384050102596691487859270619509288735571317374706 0.3350556221523573669277256542597953625772788655012846 
22000 0.04194692440098701244284616976298885049345699371770024 0.04606530310979363685927340937853458058270916808396578 0.1115458223257604236338508783832335069519103853963315 0.3049005575019579731828149593564347696883487515151501 0.2121721418180198361801624615252670480458618840202689 0.3249108183887448091586250958906489927358052227646112 
23000 0.04075818250092497052860509784699694080245535587891936 0.044835685445033136414241456413343200892995810136199 0.1083109990766247180589702987785205579029934597201645 0.3015128284443094919568470468895782232721103355288506 0.2089301456149818845485196042166542440554621862247586 0.3159142340189106076852373211627522664457501377910376 
24000 0.04041407014272992329916348551444027492607347085140646 0.04334770621118524979416080332439431543889440945349634 0.1044115072360314954135742868124303583954315399751067 0.2950047284449893695993175080083403827302390709519386 0.210593347605323958875839750193303956393720000050962 0.3096363803999041433665396355623400381773535627871752 
25000 0.04001919067199041828031421362543706976566681987605989 0.04269160442397348309564943276417370299213871476240456 0.1029527814202548664356678953524237840611021965742111 0.2856057537940521082956823323284467619487259071320295 0.2096597097459939098971657897574338846879982156679034 0.3154777529948798435335908380006131324080342892557383 
26000 0.03908978940097807861729075837309288488086167490109801 0.04231892360152529036207208132380763743185525527223945 0.1000529266329410503971525034372369589164009084925056 0.2816529835775575949712110773726081447421165648847818 0.2055103954079000136586068830935047913044400047510862 0.314142694964589606665449419975466582855005981400609 
27000 0.03844608835416256797611858804508688791656823013909161 0.04162115157824184004986046471474825381164919235743582 0.09848637850774541072318380915961988364415446994826198 0.274971018915284576690592072134577961151080671697855 0.2001707564014214792331731312957643353911407757550478 0.3066555590487467046467966874656596587556123267859221 
28000 0.03766698058566015414711739689446190482158272061496973 0.0406986310811988860944689652687777936534985201433301 0.09794487672296499205582594876906554759443679358810186 0.270248492084286180209750857783568278591701528057456 0.1964248781212854155564040761761113174088677624240518 0.2996726621290369334499152642603547747057746164500713 
29000 0.03707615791668782066658658323754504948510657413862646 0.03985269207007734630290743740865799793482437962666154 0.09554407329093016225027550775150686490633233916014433 0.2659882968721208285024434903043299982527969405055046 0.1936487150920699676077789408434881579523789696395397 0.2957339137233106703443134138931114307524694595485926 
30000 0.03630790662534260356965440559584568092077461187727749 0.03897879397238014106044493890801394542222624295391142 0.09416185829980379697453024903652796240294264862313867 0.2622794996382348671991584926344032169254205655306578 0.1885074090898745880948671194143884122240706346929073 0.2883732904351686060419757834383247541154560167342424 
31000 0.03569856218917691697447409047982969099166439264081419 0.03844894184669870946778895588746838285487683606334031 0.09241396634784502116304267041457798370629461714997888 0.2595223077232697593064777302762635713406780268996954 0.1856491298280244060402068700943445378470642026513815 0.2817802925918733962388010305666341537289554253220558 
32000 0.03524834502488732011849848803353157933315742411650717 0.03802120155263197696454907995033956069619307527318597 0.09148708307895754165175701902446014912584359990432858 0.2555569188567883973832797761538415670656831935048103 0.1838956909042944616041685007568062815153098199516535 0.276631641017001412056162956698557309209718368947506 
33000 0.03468835059369061101327462795507194925903604598715901 0.0375379205244007026754629770259885646055408869870007 0.08959348514368044688371871611676233726484497310593724 0.2541607438861613480548130167280262980966654140502214 0.179812125766021145326068429726174002780680893920362 0.2709995620571453895405848733002329709051991812884808 
34000 0.03414386991226971948716617522023852870916016399860382 0.03712083243407437042394626802721546710017719306051731 0.08827983008892124443663064134457663101329671917483211 0.2503502964661837773400511475418994677966111339628696 0.1761418273480189098739940103954815242559561738744378 0.2656152115689910496866381339753360180111485533416271 
35000 0.03365863981968574311875964585882847757147828815504909 0.0366099721782635955261782541303450244640771416015923 0.08698416871382392826552712103427289491719420766457915 0.246256998558863150845170235381242918037969502620399 0.1744609386531199450359394531595569333148887380957603 0.261156147841056246911321456205534730088402284309268 
36000 0.0332906772103786790953459245878676142638141755014658 0.03609216048968921621153287983274626782304039807058871 0.0851654468229605588188509297797867958479400840587914 0.2408609051172472170418686204795832850322767626494169 0.1702768471164845413888620090370196180629136506468058 0.2568757100141449130163966846351897288514010142534971 
37000 0.03261202192941571942067977528389999264391008182428777 0.03551035966277481867377110828776221040925520355813205 0.08393835700760382563778141604138305353899340843781829 0.241707003759672746823379541059040320760686881840229 0.1681773208944259531325265272228008939237042795866728 0.2525842371408087728968088619962983898403763305395842 
38000 0.03231269620473007977696881798390649009888875298202038 0.03503082657986977757754668699741174009432143066078424 0.08331417971516276750875438020238483716184418881312013 0.2385311676239137662722689797734076933011237997561693 0.1658466305997817580010706209336923677710728952661157 0.2488515293441022189791520316526352019081969046965241 
39000 0.03166331985989986326396100797808674798261563410051167 0.03431914336178290402605789259637969479399544070474803 0.08255807321603677434023208989155584447416913462802768 0.2357344746743327579827434470338687333423877134919167 0.1633895869369099217269410140307428491723840124905109 0.2436362260571500152635639538378775625915295677259564 
40000 0.03116551097303628173386413381662496391300010145641863 0.03359863021172875183591654754677868766066239913925529 0.08130561018939641816053332662450614520821545738726854 0.2318125783336458793529137600852862988176639191806316 0.1614345566243262894060407977581128591282322304323316 0.2384166473898058512172898337766469012422021478414536 
41000 0.03060075144895699410203327231472236746867565670982003 0.03319828738480600259370110506618178902726867818273604 0.08079417772400809646433797808762200531873531872406602 0.2315655433936425299358639190439035360213893000036478 0.1609245491278744365280621575475805684618535451591015 0.2357208144165102064651997129662852614728763001039624 
42000 0.03037459975330176532677868041221191930389977642334998 0.03307760195624354085660125991685820423526820377446711 0.08004836459101857383486916183712445160836068680509925 0.2292773757278003217348642459039176344504085136577487 0.1588124383422980277438428184377805507665470940992236 0.2378578595485576487283778390757760234919260255992413 
43000 0.02996701901953588968509107227228271952412796963471919 0.03268662944465935733947496016904565863114839885383844 0.07915205400127527838140869403948940430382208433002234 0.2249397776922195369249867988314939282190607627853751 0.1567962752649858862848087845409672524965571938082576 0.2343651417515754179068726212320505908337509026750922 
44000 0.02953328970289758939322781461367384281402337364852428 0.03251553011879737259184615198737144936558252084068954 0.07809197756594757623254668063572658809334825491532683 0.2263516409579818564425969518172365724240080453455448 0.1549214201093655019836944214395302310549595858901739 0.2340611722481144412328886786345272241760540055111051 
45000 0.02897028181245765367567504295492897270491994277108461 0.03217284951991288902682121497722533831620239652693272 0.07730684340848839783795964572532533054527448257431388 0.2228741568977113987176088757968805964537750696763396 0.1522081159728909521686905995108141098626219900324941 0.2299874998680410478234985641177168247395457001402974 
46000 0.02878548421622249454112577992520582981228471908252686 0.03184405668981061845234444181163002696166586247272789 0.0764046106852630630028376350348917611654542270116508 0.220267958860763938964055438929356967037165304645896 0.1493909582761846004627086931249024814860604237765074 0.2272511610037830774333792935304465743229229701682925 
47000 0.02854423135066814596522458916810771611949348880443722 0.03158047282118357269265428687032848387161720893345773 0.075789852137500459743838909093538447336868557613343 0.2174208772785688599212591126663696172727213706821203 0.1490206950777391309580265435497103965190035523846745 0.2233322901739861190490354578286336106884846230968833 
48000 0.02835196440698194432394516582840449103741775616072118 0.03140036154464295879406026019975417540308626485057175 0.0753597439541334288110280108241578744809885392896831 0.2156459438298359123563309111548669250169041333720088 0.149705459114423109802383127231450998806394636631012 0.2209816583470465654333953972598969528462475864216685 
49000 0.02808766924025453253192395521725677198787707311566919 0.03109640190864087603546210818866724068243456713389605 0.07391062564874823517758681279410382103378651663661003 0.2118833744767418382037686697128009427615324966609478 0.1480731410048879602496226318142369393626722740009427 0.2202253766145123671570203033320822783025505486875772 
50000 0.02787258197658676435326942193160260075046608108095825 0.03073274244363459619145697264419592187323360121808946 0.07308056850608292259188162459659920955346024129539728 0.2107345341571238982620326365968743687062669778242707 0.1463838798832564200893538094994106302237923955544829 0.2182801977420793432721523100181748588966001989319921 
