1000 0.06068757366389992510038444914477473446368094300851226 0.1368002975016914877343619794114459864431410096585751 0.3956359168147635655050399494658819321557530201971531 0.6251183139406996272340044651372181760962121188640594 0.9058299978882180285223897631130540730737266130745411 1.538254702526913793758818471690830165243824012577534 
2000 0.04331282586178021312697740581587613206693276879377663 0.09705525896858194014217699127633487421462632482871413 0.2729817336867235549316065834624112085293745622038841 0.443783523973341547530372178109736580609023803845048 0.6092533501355615873436473439728189305242267437279224 1.062309294226738117959338292273230308637721464037895 
3000 0.03576150627493663585964819330575981126685292110778391 0.07995360220231783576999400053875177718509803526103497 0.2236149364424431630556143815735659075016883434727788 0.3548284955199758553944650030231855453166645020246506 0.4931595942732136326602104814398330745461862534284592 0.9113184282005717330894800642937525481102056801319122 
4000 0.03151033938885357671072571898729375305947542074136436 0.07058496415407019029331428527918035342736402526497841 0.1997155844728499673182897308776340139502281090244651 0.3161510914509166081149023341811954423974384553730488 0.4467427933971237786472605058030183045048033818602562 0.7732882022126537402461135539688541484792949631810188 
5000 0.028194184222609800625114657990355482297673006542027 0.06331162176073827584066831819509246770394383929669857 0.1778348875167787934530039262170930669526569545269012 0.2838407914425299857492761279598170176541316322982311 0.3989132867827318763181195654388133675638528075069189 0.6599412072483540795493281438943711236788658425211906 
6000 0.0252372025343193600468538577430432923165426473133266 0.05667621758148243217898367210527688087040587561205029 0.1619811379450730874548494350739780145431723212823272 0.2647951283612447985612789458365057271294062957167625 0.3661546312317833992971017470496875034768891055136919 0.6241013742674457096502871333854045587941072881221771 
7000 0.02341194399373280374103151874054518088996701408177614 0.05232813841495567786426873144178806285253813257440925 0.1479797665438891320500557763351068274459976237267256 0.2488199486178438671487266053983233859980828128755093 0.3360992649531769998723969988807525055563019122928381 0.5844049955517316019418597172752072310686344280838966 
8000 0.02197717403101919830909051576522950099956688063684851 0.04903783998683408306586812251681717356177614419721067 0.1376269235179645133824869254746126046029530698433518 0.230187021106442157755396851759321918962086783722043 0.3142117455241967220302273799958925337705295532941818 0.5337781684307748677250499147461937354819383472204208 
9000 0.02092354222228484091735593950606153512694618257228285 0.04660223710291306587245202010250100244093118817545474 0.1316193972304655847082926686808512783954938640818 0.213662842657337049656444960543666411467711441218853 0.3006884613996496876428109884527017925393010955303907 0.4985746756462212821961639541701316602484439499676228 
10000 0.01985603028274866983218707033875816136969660874456167 0.04419404034714384193492978623873934651555828168056905 0.1249527316495363949685809198952846088559454074129462 0.2001183902224289183955198770381578299293323652818799 0.2910742540798417603298015726709380146530747879296541 0.4781980471348038986200909561397054403641959652304649 
11000 0.01882128996324190489455581258571026381787305581383407 0.04189553917776994236400289577104683047537037055008113 0.119221293188611489552723894658203818153197062201798 0.189676875250380564281180509333957218132127309218049 0.2806586857702071222293860319751956922118552029132843 0.4679692309300613542184365395426581812898803036659956 
12000 0.01799128744219911010872336477872668325517224729992449 0.0400342535322166777228569158053606003022650838829577 0.1137377690665054140071402871692285430071933660656214 0.1819162075103800291789530110819761432594532379880548 0.2680999693208583476626647584817320080219360534101725 0.4404264884754382815019307928494640691496897488832474 
13000 0.01709668874234285181112956517740508743941063585225493 0.03813701546194919453412839477346452099482121411710978 0.1085924346938101023725105689909931072634208248928189 0.1771566968781286417858626333621252513239596737548709 0.2569055382768721591433495193834701808555109892040491 0.4176154968566253295326855254909759196380036883056164 
14000 0.01626851510637698411306786491770104419174458598718047 0.0363398097311141397349756269191667357176811492536217 0.1051675633274641169241214039287157788749027531594038 0.1702777527987730405036439010335591603961802320554852 0.2500178764133301318156165499173582134062598925083876 0.4027826343040448273547654567394715741102118045091629 
15000 0.01549606746274000190396867180850359879684674524469301 0.03464805242505621912904763270990571299989824183285236 0.1005739352928170933612920731614615021953795803710818 0.1658366421117876093437992074397513420080940704792738 0.2394911968703464114565466688833161867933085886761546 0.395484315708077337767414882740979464870179072022438 
16000 0.01497927120325422207954669346838261212440102099208161 0.03360259919925886949292883829065736733809899305924773 0.09728601672828771798162521278197090168760041706264019 0.1614076067277763446727477034126074784126103622838855 0.2305155571306094989929031530140335348733060527592897 0.3864371797420057863309186124700644882068445440381765 
17000 0.0147339089438059046100070359659739427371505371411331 0.03310073373566528452099770075955920134447296732105315 0.09491754742590350864880205383755651382671203464269638 0.1586474951400309351870867094480566095171525375917554 0.2207252260368526905877448879289559613425808493047953 0.3731834615787363540972097764036874423254630528390408 
18000 0.0142739800852969698979896893790975109794771924498491 0.03211236218550402895496919189466389354947750689461827 0.09247143855225516438845661040812906605879106791689992 0.1547996980452569596180181082933913216947985347360373 0.2142366692884725147858837948633414782761974493041635 0.3695229172647012675560849320754996938376280013471842 
19000 0.01398382950739995668717113646781213809333621611585841 0.03138163387278869012787666306629752455137349897995591 0.09014280534238233719889149889170631979595782468095422 0.1513051677432527618809678451872180460213712649419904 0.2062868219785547820483177436368116275389184011146426 0.3579670130340580371495779604673614926468871999531984 
20000 0.01370161895679777334789545793769516279780873446725309 0.03067963512356191060498355766689160262217228591907769 0.08732595328571654970628264716414612678363482700660825 0.1459432684053155448582498807108542848709475947543979 0.1977558724529251768802125266422109461927902884781361 0.3510679168986788085818958465855743611427897121757269 
21000 0.01343128433915978528848529345920970179406594979809597 0.03002425753038248650180191273717511535323865246027708 0.08487981572954472594602897544957542663723870646208525 0.1414709177545463107667335703188093987137108342722058 0.1917421404771002595656369249521588926654658280313015 0.3401376286862561448950861148210478290820901747792959 
22000 0.01303875239188413542145556205803513805108195811044425 0.02912177641407793000830723454536164140904475061688572 0.08276711330008961202582551397455290498328395187854767 0.1396085966758849251814593450671253549444372765719891 0.1906762211444286112828859491852284691049135290086269 0.3283887502111059035242619785766038376095821149647236 
23000 0.01291128788385151285282169582313560596276147407479584 0.02881639745967663557062123005220177773821887967642397 0.08125699400430306986175014657969306597351533127948642 0.1371116208953254632748513033857484799682424636557698 0.1839210554126438685218665469722765237747807987034321 0.3250617378480113788756077769503960439578804653137922 
24000 0.01264479382998702033638122781480928047415090986760333 0.02825744096183756379715907615379766326668686815537512 0.08032147545763094052709112069532437772068078629672527 0.1376479689578823201813505619495181520051119150593877 0.1778290214349654489278240027116950727759103756397963 0.3158772599304578511164500603802807177089562173932791 
25000 0.01236734597890656863495022384225041633953878772445023 0.02765609916195045353498420653143297087694918445777148 0.07873722464580444985952478037516399922424170654267073 0.1341633115002209304661559205462673105557769304141402 0.1755311303798341759148816249025415459072974044829607 0.3078463418453276723499301148478934919694438576698303 
26000 0.01206970655635292603166338655518163847091273055411875 0.02698620831347112145126110414189435360299285093788058 0.07701905992809956769682214194894243064481997862458229 0.1310376482883962592583928022382799838396749692037702 0.1764066675726809323854074942894420985339820617809892 0.3008702508080252071773208477623029466485604643821716 
27000 0.01194094622673921580890022287740892537044601340312511 0.02671346227485210137137048441724473946123907808214426 0.07595101694290289014470027306735744332399917766451836 0.1294659742445446796142455997413733825851522851735353 0.1738384237138348107081127491557737130278837867081165 0.2950420441660996831553971653239187844519619829952717 
28000 0.01174565576729597619150860217732135204471433098660782 0.02621630921996356991890159832125917205303267110139132 0.07505305445879562941736192621666745594666281249374151 0.1260582535664221711497155753445298387305228970944881 0.1735449050278131627407301670884542943440465023741126 0.2886587893407055634142910349737576325424015522003174 
29000 0.01145753604770127659384128249175915925661684013903141 0.02558813227031105108959729236423052967097646615002304 0.07349455485633772356773808429042382783791254041716456 0.1242188918030507223570573470394773352154516032896936 0.1698167870695644871383619273208509525829867925494909 0.2830402515831004021105207074660015109657251741737127 
30000 0.01123254735284000412930870355446288932910192670533434 0.02508392034217418799596174307231510880455971346236765 0.0725904967746275434317573642395426958273674244992435 0.1230068009415002369121862856038429612226536846719682 0.1665066981722656035754415865257627160644915420562029 0.2776404681011784945519806772074034029174072202295065 
31000 0.01101632242416278701329621124774260643164325301768258 0.02456194813040761121371638713711815782403391494881362 0.07151597855949590570699562000478444190321170026436448 0.1209438629994355627667772593025752314588316949084401 0.1643275315741034182514136025021755926900368649512529 0.2699161311419055897401018256909210890626127365976572 
32000 0.01079116694474583350397143069465677456264529610052705 0.0241228614589115060789993767731420604150116560049355 0.07040188181879110085575456529083382406497548799961805 0.117672468700750971012545728622278318198368651792407 0.1612165818879587886742728655709022689279663609340787 0.2655861843778920686816747559477747131495561916381121 
33000 0.01065287613334027418047057853695003259986151533666998 0.02387586853220025888201217840328682839867724396754056 0.06985961705674924042457291442631550637543114135041833 0.1167832637625882073514741767150670881392215960659087 0.1578938099806847800284873711840205601220077369362116 0.2616274333443218390326829442260603286740661133080721 
34000 0.01053392036285699027011402264045192289643182448344305 0.02358729913065632724754056969568294377381789672654122 0.06862153309946184909576261112817974208155646920204163 0.1146964365856733340212798843982255903028999455273151 0.1545830396750969616025605732345660214832605561241508 0.2552576327631432259789110578163118248085083905607462 
35000 0.01043893631080999447031622999818023522777821199269965 0.02339603239506419701886996784928607340248163382057101 0.06771268948474425570664735410386647629366052569821477 0.1127756297046605226446695617592563820608120295219123 0.1531449217145163166548839372982371287434943951666355 0.2508803917848846287881343225523167461687989998608828 
36000 0.01031533153040396237483221223221740991959904931718484 0.02308707820839896515296345378548403814988887461367995 0.0664887183367473947096480679785912570878281258046627 0.1106700769540863184733892575495328713941489695571363 0.1513345871485560266374087098895095948591915657743812 0.2480090921333287854301605929174812104065495077520609 
37000 0.01022392802271020597377636143082701991602334601338953 0.02284163906130865642150331792925577190089825307950377 0.0657350049201617771940848490574982321277275332249701 0.1086211863965370330511062829659252315650519449263811 0.1486781196459905040712897242305423617381165968254209 0.244367890064069848669739762336838850842468673363328 
38000 0.009997883792942173581262308400263716379186007543466985 0.02235987131865760240521522235479512374922705930657685 0.06499722306125633560289342124938194444894179468974471 0.1071460642777136381111817257927310009790744516067207 0.1465900119820447184158579076451722755791706731542945 0.2428332460848671388499052034570802049984195036813617 
39000 0.009852975875596657105259627840165848056130926124751568 0.02201608393957369540418916604301857731229574710596353 0.06392528184108540599724090913724694473785348236560822 0.1057135949001080865312907595965352669509229599498212 0.1440630722463984961001547471792783028377016307786107 0.2395658188209699796715566183502588160081359092146158 
40000 0.009681258464414920696505925581248908073916936700697988 0.02163443726146107449704789321004438917839252098929137 0.06264882526332311022998532504257873654296417953446507 0.1048250603115578239818319987441963547780687804333866 0.1409851938140271581517692922602691396605223417282104 0.2354301026640245812608393666254258391745679546147585 
41000 0.009592038285778656150300832804872497305836986924987286 0.02141997970852660285187379039795185775574282160960138 0.06151289589299649472695780128006504128279630094766617 0.1032659877511449147234200325595754321739150327630341 0.1392544910423920643529824281436901856068288907408714 0.2332540466080998858741353887968905667094077216461301 
42000 0.009549671362974480305236819714653773161217031884007156 0.02133010560007890320556047346334249681376604712568223 0.06116122308679812550447725191804515532112418441101909 0.1024513628076778975261392108653257793093871441669762 0.1368378811479119937780839569296809088427835376933217 0.2298311117600883031448317714295903613219707040116191 
43000 0.009461777419544681438393302162076503591947584936860949 0.02115357467945104046489683373433177138167593511752784 0.05985891013915380274470318631985232826764331548474729 0.1012743220606975184044191637400267325119784800335765 0.1353331625920851917315151230480907429409853648394346 0.2283602544052999945610807341900283518043579533696175 
44000 0.009373120262761071896429922178928251241813995875418186 0.02091435073203829688123799902810251438722843886353076 0.05899799533028372291402346982991389268136117607355118 0.1001635777780155317777562029579740965345990844070911 0.1329999198201770053479791114381391992083081277087331 0.225408358537241112088474366548229710360828903503716 
45000 0.009305471451834557180546943656179736947819947090465575 0.02078273117257236644689572056116100284839376399759203 0.05854351417004575706902447761181829122278941213153303 0.09911035991396843421885219302391867302048922283574939 0.1300565914536564823578449964780467951186437858268619 0.2220950993488740786251231171255504648343048756942153 
46000 0.009183967501720664667251255771501794455957679019775242 0.02052092827873812634387499717614211647287447704002261 0.05810130246073487968601041855909450362105417298153043 0.09771914998700248940470981101613645591896784026175737 0.1281675116912565523080410126444128593448112951591611 0.2207923062420773473971298550555530937344883568584919 
47000 0.00915225384993762791340914672724715650531379651511088 0.02042315322852990494061976075451658729775772371795028 0.05754487246845038890674249761059133589924385887570679 0.09657904386915050303879766782633176092076610075309873 0.1266688682995758288661733090285643754668853944167495 0.2178963087549693430661646581514290232917119283229113 
48000 0.009038290028591137256983316546066209440368766081519425 0.02016202686936915622861710931795764523144498525653034 0.05712418634678227933543985354869487736095834407024086 0.0958467643406400701721128965182572301273467019200325 0.1252154216588893744400035751285216178985137958079576 0.214023588726291378887128802332995292090345174074173 
49000 0.008993752320724280780441732118662967465638757857959718 0.02003122956289765313266939238123764965848749852739275 0.05698326287624034109153170653272457713001131196506321 0.09436527673877423564371014902407708291320886928588152 0.12503578645799022079330726359147618609313212800771 0.2125062650499433697257262512736453174966300139203668 
50000 0.008907436632496085655185573751180250212655664654448628 0.01984622777584194335487798813849602552750184258911759 0.05668209764230880023155238582599491081737141939811409 0.09424428397336521049878913305897221164286747807636857 0.1238326364415323512562709488971091076336961123161018 0.2103170497471929317544843060505677101446053711697459 
