1000 0.5210597994064977066751807865951917619895539246499538 0.3705196722812220631046789542928365790430689230561256 0.2752952118481531363822743807556747697162791155278683 0.8132427002823458252688502978511309038367471657693386 0.3465224315059590710051424383708607024345837999135256 0.349326493821962418939285760499657840227882843464613 
2000 0.40136835937789586779681806627539941700888448394835 0.2359434443020717915860716765164006858412903966382146 0.1964212681397957259730796195085211763853294542059302 0.5885063884648642290532867538122019368529436178505421 0.2451691536697919920407325727884639832154789473861456 0.2658421919741439841617172690213521946134278550744057 
3000 0.3270680334085748036632938090528810448631702456623316 0.1885174985368080088460026114138834429923008428886533 0.168083947254553448078396443721160835593764204531908 0.5173318513842804618413709349944440418767044320702553 0.2058201221425829176856284186136747393902624025940895 0.2054381609163467304333180324382723824783170130103827 
4000 0.2869276835128999855772154864430589782386959996074438 0.1692320035411826454929988192144030278996069682762027 0.1483457752609802367499240716153252606090973131358624 0.4442418084489476810729907674257788130489643663167953 0.1817480519409253061056692263308676160704635549336672 0.179122722352103788489132221717348159018001751974225 
5000 0.2549829274212860405360390331219733184298092965036631 0.1520210524054654277199653822361113952865707688033581 0.1281287190145146441321933120094378466546913841739297 0.3884412298298096298770736012340165643763612024486065 0.1646001295003684319624270154802658794324088376015425 0.1597005258555273257491764413162904645560047356411815 
6000 0.2308728308863577815710985130515098262549145147204399 0.1389090995307227702465057567193795762250374536961317 0.1175395468677140360641954555664945303306012647226453 0.3504881714011897261276326509538137088384246453642845 0.1446863572389204272020460373404660003870958462357521 0.1436523345300305671125382783737123304490523878484964 
7000 0.2149314534535398706955764899784178112440713448449969 0.1245647558199498825432264756396527616288949502632022 0.1103723077460922409443844043053228887174554984085262 0.3172652688378288238094451778614768500119680538773537 0.1354181508317342318934448433531692046472016954794526 0.1309519277167359610318519980154405857319943606853485 
8000 0.201529579260730031941162981867776693434279877692461 0.1169321630873604728816463928231517144240569905377924 0.1034024478344768920398026937346180886834190459921956 0.2991718512919670448692993636186088224349077790975571 0.1260840068233664478051505794531372828259918605908751 0.1224068412519208098168991237508773650688453926704824 
9000 0.1913219772620414373928742282626735971007292391732335 0.1124046915452541951327305840002690473511393065564334 0.0963518733673529436132903711054176199013454606756568 0.2835460532548167580468943121951852504025737289339304 0.1182475052703762872222852456371988694172614486888051 0.1162346986100705777795148720965556776718585751950741 
10000 0.1790768438224311496131859605673852797735889907926321 0.1073739882953413841436599539258534008467904641292989 0.0919031269723010625554500581391170754841368761844933 0.2721150960140291482529991545780134742926748003810644 0.1124236653353996318320702496595941966006648726761341 0.1158898967009219971204935645259226362213667016476393 
11000 0.1722237340809584652044465780118542852505925111472607 0.1029649381778070873710655662447432945327818742953241 0.08672524350333551006105589978312231380641605937853456 0.2549746100547722167878675336716298716055462136864662 0.1063482472254142793908343600506327675248030573129654 0.1100789732177333469470927908295809771743734017945826 
12000 0.1644084708434314028404395896520995279388444032520056 0.09970330096560307738809067479301972980465507134795189 0.08409335399978025436579145285298508838423003908246756 0.246092899725961080452363814730087909765643416903913 0.1027226347357633434828790008896959307094221003353596 0.1052915046940570930377790472010079980691443779505789 
13000 0.1567517669984096957453041654151348893719841726124287 0.095786443856923260199199860603913592171920754481107 0.08095438667456687254641743353711369479697168571874499 0.2343572426388447842545348018261641698245512088760734 0.0987635115628918931805855369043811720075609628111124 0.1003299610679042102787377616079922404423996340483427 
14000 0.1500908993346896044173343839900347518323542317375541 0.09185494596066722723003627679161375851890625199303031 0.07951107174549925670522902698689193812242592684924603 0.2236890058171178991014036926965324880711705191060901 0.09485236340134518641034741190387613585244253044947982 0.0965259093313268577905253593762768815622621332295239 
15000 0.1444766087457688022801811228434942790954664815217257 0.08855748040894096536436224872956834985870955279096961 0.07667041169837336488752585483830159773788182064890862 0.2145659229417107851604212820362249658501241356134415 0.0904121579428881233129675076831688329548342153429985 0.09273810852997184762876474103943102988978353096172214 
16000 0.1400960801402582989552171588432116777767078019678593 0.08568910580312895320444525545933167620660242391750216 0.07512770161718952501082695316636517191000166349112988 0.2064583820364895639157525736306908470396592747420073 0.088033402645357623120638598107623451483050303068012 0.09253172972539378754664373891158923868260899325832725 
17000 0.1348196539269007227521482428223009719658875837922096 0.08344217523297491076683879765440998710346320876851678 0.07302962436554206850574744516735314903144171694293618 0.2000249597356897175931891852407318310724804177880287 0.08539733920975119146499696110019783645839197561144829 0.08914895892014855635702682071230817939522239612415433 
18000 0.1305930119711613051020158288162420490152726415544748 0.08146246268827661808295276940627971384856209624558687 0.07136492476238329160041209617282298438567522680386901 0.1915514286561035984645523511105125180620234459638596 0.08285588252400989725651638678760591005811875220388174 0.08652603097273422912805813586589742669730185298249125 
19000 0.1264303148248512075405014520868007821263745427131653 0.07953925964147908994579050726003721649703948060050607 0.07061523141438504788761640687533294169497821712866426 0.1849694274684744034302485982124153451877646148204803 0.0791471231287164974675728094932747325174204888753593 0.08526607254780478164298170018486899834897485561668873 
20000 0.1222260551336433644770401024670647416314750444144011 0.07806139826955693308439473976356737239257199689745903 0.06875471475430120779577568626561578923883644165471196 0.1809462887125198949701300465964237673688330687582493 0.07743703647086646825101457353168754593752964865416288 0.08434826860952644773413008558171632955691165989264846 
21000 0.1192028885580732415936061445449478668479059706442058 0.07577874041866282034461514693912675966203096322715282 0.06752855085575776120131782226385652734279574360698462 0.1768171632928690364499864709491028236243437277153134 0.07492629366027781619223309753086148532474908279255033 0.08347571259759337907981535317758492453776852926239371 
22000 0.1165934338819664576410075479406813769855943974107504 0.07370680331796327800500867252764258807928854366764426 0.06603455116419807450291222863936191345146653475239873 0.1721924556341274593798500169850029806184465996921062 0.07370799494540893841127262089973903869122295873239636 0.08062398332755660459943191156750863513025251450017095 
23000 0.1144749817970851381339759782196363602224664646200836 0.07142780190908562086159108023286634647774917539209127 0.0648307492451740954235005903738553456605586688965559 0.1682895236645886093238434072505427252508525270968676 0.07226847877036198274970386218329920779979147482663393 0.07873614765269711405023698655436525939421699149534106 
24000 0.111794170711691743462078835191775283419701736420393 0.0691647653648284900960107289547007525243316194973886 0.06312380755967675983125015834462878672184160677716136 0.164137919041056864997442897580182119554592645727098 0.07091123344134824743329858359741635354112077038735151 0.0773320804723665582310586363856685920836753211915493 
25000 0.1089150435308806186800048912410865398214809829369187 0.06780463182629691850879976103283475197258667321875691 0.06138736093781381580858878821427282446165918372571468 0.1638027548001423415815775569415180257237807381898165 0.06969441758449304739545101736175602979983523255214095 0.0756321030776622569338210264056066023385938024148345 
26000 0.1078321047003635331444745988627165189654988353140652 0.06657238005975110801590820253093028213697834871709347 0.05937879338782230114414839756975528217708415468223393 0.1599839686420037247575887118244963858160190284252167 0.06897387710888436557351514194502684063081687781959772 0.07447396744748560069090004970293605879305687267333269 
27000 0.1047494084241286270298555531599316026358792441897094 0.06546237922865677405395538890342521654019947163760662 0.05861741606967486324704526799711512552448766655288637 0.1593912039658212087805261303330439659475814551115036 0.06732161185337423679465570017232955990493792342022061 0.07277737633660519499077682162302416202237509423866868 
28000 0.1027199544077787902819957031874675834615118219517171 0.06393218095009762619003804151596170868288027122616768 0.05718363811139387924842173230310926612673938507214189 0.1561367178074179155341074179408344946295983390882611 0.06597268283396225934392875442369152949595445534214377 0.07169457932709818676547198004755934164222708204761147 
29000 0.1007513972941584659472752383280180765723343938589096 0.06249954500421214458486603333942088767116729286499321 0.05615528773418973686469600828385928537045401753857732 0.1532591643678145202972160077159458069218089804053307 0.0649449237169851135699450914162689230124669848009944 0.06995937706821012268981231640996298892787308432161808 
30000 0.099479518111483780696028492857019287498587800655514 0.06134104326545648970601780358702370676837745122611523 0.05556579689817306874454047246891796874024294083938003 0.1502963161210578235476263697645293859750381670892239 0.06379659447672413235869062070326762636796047445386648 0.06905808273436888201999434011568723690288607031106949 
31000 0.0978072993441871830304075279005626697426123428158462 0.06057112022986223450073508048352444177453435258939862 0.05509072328834345005696263887495778277525459998287261 0.1483520803747442085322380544987197481532348319888115 0.0633512285576163922991158386488486087273486191406846 0.0677271390081680020318725954364680319486069492995739 
32000 0.09687811100013408240365017642936606989678693935275078 0.0601910660148900476523606880435712795929248386528343 0.0540570232889319166462199946210365197885039378888905 0.1463505275725092279626854407936775714915711432695389 0.06231640786343684376312121453445058705256087705492973 0.06719997826644548739877119483687728518361836904659867 
33000 0.09560685014049051790529197558665686074164113961160183 0.0593324003308372805859654142840442503370468330103904 0.05282269148788309255431946964698397550819208845496178 0.1433876759360153617487180707779081956232403172180057 0.06189680374427181290008007606695539237762204720638692 0.06540295142754322919604464958709399979852605611085892 
34000 0.09402065110573808235354007975526080542749696178361773 0.05876017597704118683722934561586281887457516859285533 0.05235651936108829932438259342764030890293724951334298 0.1412949120017619201918751548063823975098785012960434 0.06128309977355195992462918649912317903272196417674422 0.06458994876047032818991346786452467654271458741277456 
35000 0.09239382813975111843494882751803842779736442025750875 0.05774820010432718354951957262510831014878931455314159 0.0519522694115603161587896990925017348672554362565279 0.1396380213601538409839497925646334408611437538638711 0.06004462984631295870315004226114297125604934990406036 0.06377425358752572288195681338152098760474473237991333 
36000 0.09065350866771344630985676044110377347351459320634604 0.05704884478483521868813358249306055824945360654965043 0.05087232199676718446645744264866806361169437877833843 0.1370921033289072496903467437978640930396068142727017 0.05884145374189288962398836947687019716113354661501944 0.06287588164195376627636302827029091133681504288688302 
37000 0.08988279748460296978660203845445941794878308428451419 0.05606361736804152721101723866325983181013725697994232 0.05026392333200198350313925819976557107793269096873701 0.1363765664484783438016504003575946057935652788728476 0.05789644812927375131458049110910746293257034267298877 0.06200936753899119592035936270046914131626181188039482 
38000 0.08890340923004386776304320758046451089740003226324916 0.05524130787265845075897593464964163700869903550483286 0.04971341100353213268640936890740977815994483535178006 0.1338478188974394783729944188865879084460175363346934 0.05752107134233841189381651430589936779824711265973747 0.06156369074245065716192906041248633641771448310464621 
39000 0.08815576744934713316855564441132386832578049506992102 0.05406301771038592818519009572386657680453936336562037 0.04895149625190188287916868287164007256251352373510599 0.1319517623448731378620751852892567512753885239362717 0.05700619168884228885282893818653437989496524096466601 0.0607911434952510895786609908947317748584282526280731 
40000 0.08652488036337780405378742806798975095716741634532809 0.05349029993847683197056457927998085466470001847483218 0.04816246003755725579040594674928854601603234186768532 0.1310389750102767446668242459772990571309492224827409 0.05620951336083848505630771764940423196321717114187777 0.06042027378903222190224884917408854079212687793187797 
41000 0.08604326415788797586555293819832179735840327339246869 0.05278258714125760334373669430130249224930594209581614 0.04796945322609991871408256780551226938769104890525341 0.1305365539632180465898702789728780260247731348499656 0.05561443478925644812949839572435717371945429476909339 0.05938990063511809882839764633544188399127961019985378 
42000 0.08475022335696577757853647366870220025703019928187132 0.05225155894209291726246299943092754602957938914187253 0.04741947790870026299681321696466440585027157794684172 0.1299900148824667532902396582805693014961434528231621 0.05534511095866067015535934639491877362615923630073667 0.05907282381036683490034295412884901566030748654156923 
43000 0.08363127193665135338239988507802458173046034062281251 0.05161501945843895976668560740541202846998203312978148 0.04666279082380696654249602195463353382365312427282333 0.1284918155609720018435222083086344468938477803021669 0.05492234910703953169175536505597357006536185508593917 0.05886969626280241726934156637485173746426880825310946 
44000 0.08264048607726264767466169136600484534938004799187183 0.05105187042940978832714733412490026864816172746941447 0.04613677269709491936220953182956616700494123506359756 0.125981266898774046554001192210758830469785607419908 0.05396624546943852200210482196462979942452875548042357 0.05879533662714610434983967222899448046291581704281271 
45000 0.08225672134243465500317476005176509090688341530039907 0.05056666830165729571068696478197690424849497503601015 0.04571065598375517192162361540530568504436814691871405 0.123582917726748012730018152355304650313883030321449 0.05287887769937000949921758301275342972758153337053955 0.05819722639806155421474619625354929297600392601452768 
46000 0.08069128741493749786288427333635908667019975837320089 0.05012655477890071213610198586074773174914298579096794 0.04523680211654031558418079424221946993611709331162274 0.1218242445297866283408327707504792414283656398765743 0.05186962066487737143069157094710242006385669810697436 0.05753510798628201292409718205222990405900418409146369 
47000 0.07955284989797682363999722573999484609430510317906737 0.04965467092393597131865911470383068149203609209507704 0.04464897167679574364318180294819438103104403126053512 0.1195670233016913614401276373666593855205064755864441 0.05135047767282614983265151553659677574614761397242546 0.05725754947332635332230867108993521696902462281286716 
48000 0.07931107391241159798892998433750278763909591361880302 0.04930632096661147821488107786946919475212780525907874 0.04428006027420836313490595109731984280188044067472219 0.118001270136240112015933549638457833452775957994163 0.05050283078003061772325347177081678040622136904858053 0.05666996459603258338744461927727336103544075740501285 
49000 0.07915627485365967143409642384210833654378802748396993 0.04900665037242526322512278791343476314068539068102837 0.04378192786184448263508647326835987456661314354278147 0.1176288818477961569075552691887587286601046798750758 0.04980391401941870504189416486717778553838797961361706 0.05620087678659748884796884364767333153167783166281879 
50000 0.07793529851634708963684572066710209981010848423466086 0.04818339069261050186670516069786796009566387510858476 0.04342652009391168762341231025791987718775999383069575 0.1157664688604864560854705232695316396984708262607455 0.04956800423979533524912032688147789372123952489346266 0.05565447302805223192044103801279231191756480257026851 
