1000 0.1426574659847132991514389102616355842201301129534841 0.3621769205479346464475291778040144663464161567389965 0.4110983979904469892393062413482596184621797874569893 1.149320413106806806056471581545253002332174219191074 0.5971883803356848595704151061447362280887318775057793 0.8886617469899392928681797210188619828841183334589005 
2000 0.1063327414771910224978567621745284554890531580895185 0.2700322178017171133811678840341841123517951928079128 0.282306012153230075247120275938605971077777212485671 0.7125996527113649241257954669581664575161994434893131 0.3968981236099586821380619944266143761524290312081575 0.4639700459400778296159984642743623339811165351420641 
3000 0.09175061213059260876800200465441825770085415570065379 0.2321736909817736220658628693014335908628709148615599 0.2410258975916696443244453471055344095930195180699229 0.5887025891886956719691557926577019088654196821153164 0.3178303750167604144704052576697606014022312592715025 0.3433887575690080546254173698983436224807519465684891 
4000 0.07950229015653150118887824288060883759499120060354471 0.2023072975311906234960074996154233417655632365494967 0.2101178148961709143884447198447062987725075799971819 0.4924434966267017952290443311147427607465942855924368 0.2657332352536715191571384253599319436034420505166054 0.2896370281048333048369916586928241031273500993847847 
5000 0.07264787292033619805402353680756633025339397136121988 0.1865109861597487984848130551651657071943191112950444 0.1860378257360476859157572687708537273465481121093035 0.4292124193675671751826809774410520503806765191257 0.2350298960131787717937369708298689374714740552008152 0.256330041624807445808584271951247046672506257891655 
6000 0.06660825601029321479078096693293709051886253291741014 0.1699592620582973414276612561524260058831714559346437 0.170847642323400174060063320957691956891721929423511 0.3846879229630384931510993229419881345165777020156384 0.2137275809605992958118726721128410872552194632589817 0.2352788460377940714401577212977478836819500429555774 
7000 0.06157349024762451662081655552605230496965305064804852 0.1565755237005542823433643789821090308578277472406626 0.158675288157505926214980995769820992791210301220417 0.3527519831118365634158376420437264187057735398411751 0.2000115891529205356665988349562645964851981261745095 0.2159690241081966566316380912171624117945611942559481 
8000 0.05697450859936084065698403203215072210241487482562661 0.1443906449218503153735610952668189099767914740368724 0.1493771723667213670977936545991582306669442914426327 0.3274585089463395538920791050241376751728239469230175 0.1847612585749848510355015235306908039092377293854952 0.2027293697825407086575639006853499779481353471055627 
9000 0.05484778567183935556585226006598432491045969072729349 0.1400953316063882952079936577982621770388504955917597 0.1404144001373760127773446249044297928776359185576439 0.3178955134194606560709816384102666120270441751927137 0.1746841611462988081522260119804457190184621140360832 0.1924435427483403909858184974157602198374661384150386 
10000 0.05126553845007516222061477034754872761368460487574339 0.1313255147985699624257286549644518913737556431442499 0.1306770666738981453433099746974654919995373347774148 0.3015365942897640553577252170436295841682294849306345 0.166571298087565805047787631520961326714314054697752 0.1841206862256065000186654873060021486708137672394514 
11000 0.04916331414395792740536271850371186076245066942647099 0.1256972228756139280439994843074913433156325481832027 0.1260708366436076627612817083190499545253260293975472 0.282096897531196292863977723164303768044192111119628 0.1589703047009203676939552429825397439344669692218304 0.1757071320365775869362396505168888438674912322312593 
12000 0.04747605844181915401688224946663563486026760074310005 0.1210047739549264071487054590658960506743824225850403 0.1225566207608895330264070326620196027533893357031047 0.2732546598870229720076863166866587562253698706626892 0.1563179645700128787101168895135039349497674265876412 0.1701726838099506157334431244443351260997587814927101 
13000 0.04562983084744302453435952499072314481054490897804499 0.1165610325380776964945849817623102495645071030594409 0.1173308392574707696370621932968614231640458456240594 0.2601925998365989266313327843427316565794171765446663 0.148120466371416567585590079447754874308884609490633 0.160670952918835204746008868403883695918921148404479 
14000 0.04378241044944912261906123582266836535836773691698909 0.1118664350833521883794635307096676513083366444334388 0.1129636563566979157971666147819433945187483914196491 0.2492993652914454730446826291601070124670513905584812 0.1407957598965191892451901539695668930107785854488611 0.1553422321739978372023838204540879814885556697845459 
15000 0.0418186788663547344466317381289632848506698792334646 0.1065111372199467574552710080748596510602510534226894 0.1092161307557728937357483141312730623440074850805104 0.2388066958057098787603176465177412524099054280668497 0.1348324149630502679373181273980719652172410860657692 0.1504351910356548729951788045955396455610753037035465 
16000 0.04061497991584596621821977996402708299683581572026014 0.1031777684323453212454375221840408016760193277150393 0.1079323650580637039504477633911072587125090649351478 0.2313937641612093410462469220134629210861021419987082 0.1304319053002045743493457138906244097142916871234775 0.1468902298466578881065225728463907728382764616981149 
17000 0.03926905736912981483011098049473730497993528842926025 0.1002675919115073698689982045761937001771002542227507 0.1035547832791382345132380309038477861349747399799526 0.2257648045040700787673476276906647797204641392454505 0.1250292839827061843008823918688143805866275215521455 0.1401322606150899869849801512855513863087253412231803 
18000 0.03796997188059551530119224704851177421005559153854847 0.09709205942720393721768849804032441852541523985564709 0.09993077204765965997719165403445629181078402325510979 0.2173726517221955406588846521076519024973094929009676 0.1205776016148096766786973997598320096358293085359037 0.1362887560132304663610205985868617517553502693772316 
19000 0.03679791940501899238650704813957670324953141971491277 0.09417306637168271147550263275305404420123522868379951 0.09720751296051423780256216591877382882103120209649205 0.2092203011738041100648667625083731991253443993628025 0.1154572336226096192018323455252826192918291781097651 0.1333458571256196789752909714898976289987331256270409 
20000 0.03554565831096807823865821839015577410236801370047033 0.09121140910580461403094239269950804782638442702591419 0.09403449961056726644524151118020860451451881090179086 0.2029843164567220368345095912743225596841512015089393 0.1127933097576519705512189915841414489250382757745683 0.1303692973804845018904975326168305116425472078844905 
21000 0.03471058192845919996967160060796775411517955944873393 0.08918267757691552278230019690230534479269408620893955 0.09142872969369347741435500795392776751668861834332347 0.1973872798136245970690438866768090520054101943969727 0.1103467503177291361986418760654515835994970984756947 0.1283890416616335211088227585829457666477537713944912 
22000 0.03399744957237384050988907718826581572102440986782312 0.08745930969349233636287235804651629678119206801056862 0.0897037106350498409122534368420609496297402074560523 0.1904862766987171370885968332831161831109056947752833 0.1084708832558565888277805899786443433185922913253307 0.124389369260249547929973561177785512654736521653831 
23000 0.03315608067288189455726994323003786746539844898506999 0.08488100531863824876074951092386200457440281752496958 0.08859244546003350453478378256910730215167859569191933 0.1861719029190598085813203657612469044124736683443189 0.1076173839794324605558645778502491197059498517774045 0.1223880966649096821541428843638232848434199695475399 
24000 0.03250073494264515372263865330970666889243148034438491 0.08341152315640026880403041023570587242375040659680963 0.08607660613662417870559692006926510998710000421851873 0.180862253161827080523383834420592108926939545199275 0.1044367151728359348667363355744885922149478574283421 0.1191591284378357585094026192817917575439423671923578 
25000 0.03152096861252019991002891463605095623279339633882046 0.08080517158979403304791024054143377952641458250582218 0.08396592814046840229607986116899809303504298441112041 0.1798554267639064705824577042325707054715167032554746 0.1019304740352347349066869201805740630106811295263469 0.1158580538125706879150605271844298727046407293528318 
26000 0.03110205270746243103095838439253739693413081113249063 0.07909495354186075659021952846683412019501702161505818 0.08323170395751529177349103613692271608215378364548087 0.1754910503831083628167777227480073065635224338620901 0.1006692142297847812715629912949655277998317615129054 0.1134909810970353672240256218128884313500748248770833 
27000 0.03022329346676863206113512142630961321287941245827824 0.07714667437967633099957925901790645184519235044717789 0.08094814390104337584761016316514670165815914515405893 0.173365966088770427093912647464879484004995902068913 0.09719371328387125598977178825288447683306003455072641 0.1098882193122563625246228616316734871816152008250356 
28000 0.02965718524268946200139480517260492931086446333210915 0.07546739389560447646353950196251858528739830944687128 0.07971515659116064226111242341232809849316254258155823 0.1694501133204913351844745489360732904060569126158953 0.09602394857469588951097948237300983009845367632806301 0.1083688131410233057981442987560694035664710099808872 
29000 0.02914851563605476850891344130917159915838965389411896 0.07415890436133213528454568783110367746758129214867949 0.07855758840222842656337946809497196909433114342391491 0.1663237477343409563990822563894766972225625067949295 0.09380529912421466076069467149300962205415999051183462 0.1059598852939633670147516475434912308628554455935955 
30000 0.02887254394411182848128975819701480531875859014689922 0.07353803734153019226374827302383785365691437618806958 0.07730909445324622809517104218834937512383476132526994 0.1629872948585713411195994432256739514741639140993357 0.09142519283298041013360825043920776522554660914465785 0.1050648738416316444539873320440648285511997528374195 
31000 0.02842760400413833267440082055305117236798650992568582 0.07240064294301225003233375004940697294841811526566744 0.07596167001932069665645717165824990502187574747949839 0.1600981290611322451183495124693578759433876257389784 0.09016896175049581543716869375115763318717654328793287 0.1042940808847655920622680969511719695219653658568859 
32000 0.02819769959213839252733777886172905624562190496362746 0.07186740076332391430720880273752548816901253303512931 0.07509019977918352818229167852659422521810483885928988 0.1569890383425305116390753926158829756332124816253781 0.0884965114071159768683975943570629851819830946624279 0.1028977727059842146089207147452437851598006091080606 
33000 0.02786683008371431968774043549247343420915967726614326 0.07107690501770666641857343917565437152461527148261666 0.07384309130243493209604750335262046689877024618908763 0.1539669930414272777489947952034299305523745715618134 0.08754592995846146148236589443203392590930889127776027 0.1011864212253782767489840993535565871752623934298754 
34000 0.02753990994722187584440415645398170241264779178891331 0.0703050476339607741173309309046235426876592100597918 0.07303680671550529804396086411277799754770967410877347 0.1518698288554729067668762343412680593246477656066418 0.08614017436509012161848994337809415355877717956900597 0.09927389640830160940981538586491694786673178896307945 
35000 0.02702077508453864694133131785919177403343383048195392 0.06893230931828444198167628667595074887231021421030164 0.07248598054629347677083875053916095509976003086194396 0.1505685641937893689022232371343967827215237775817513 0.08465880241926648074469573951317258320159453433007002 0.09811281962053122065819076025317002631709328852593899 
36000 0.02649438560099691212493169117925262412427400704473257 0.06761504253058730749847450580691798904808820225298405 0.07108327801488210652527998181793300602748786332085729 0.1487304617728466109158802152534484264378988882526755 0.08273181169617989133313910518618961020820279372856021 0.09663825932144000076468373650051546519534895196557045 
37000 0.02613609245187287564999971140738965758032463782001287 0.06658695479471024200704724546606705359863553894683719 0.0701069689125647653007490124610345816336121060885489 0.147652565855413166144420068770504173016888671554625 0.08169890197862562982719170437406752682818478206172585 0.09584076169785078342093932041168002911035728175193071 
38000 0.02586886018402086136041553247194579867596075928304344 0.06559833652978232537320794209856344991749210748821497 0.06982254681779695743313934527818354069950146367773414 0.1445687054280880152448609393678324863685702439397573 0.08175303626705908152454919252116738448421529028564692 0.09562019660999440278964945499895478064900089520961046 
39000 0.02564158567218674102316459516986979494390652689617127 0.06475276425076724365581222822574325448385934578254819 0.06928281333081840318623969773859094800627644872292876 0.142485162599078477285155161502494536307494854554534 0.08114172904699541430449758611098687310914101544767618 0.09476828862941769001808399799924309547805023612454534 
40000 0.02530866585171169394155197759910258525906101567670703 0.06388461266150999327758123677578616650407639099285007 0.06846445375038519673443386873157301408809871645644307 0.1421522623929027235413014365605910427348135272040963 0.08001206580220445692066969303746226671592012280598283 0.09389825769372709349800450867595813519983494188636541 
41000 0.02504710623427177497115530060978194626386539312079549 0.0634497536816100997001353911652898887041374109685421 0.06707149379260832289462645680599983677439013263210654 0.1411550903300152496943958499442395293499430408701301 0.07907250394641424858394604738287547718300629639998078 0.09330792371709714039333108046014864100925478851422668 
42000 0.02467465878352056534212233436520467222408115048892796 0.06256067789478791145104958487666024780082807410508394 0.06604330009843195974062694114659066713102220091968775 0.1412622510963343720670915698578440355959173757582903 0.07847262523850939752777331609445710114414396230131388 0.09244012398680140654390943039109274081965850200504065 
43000 0.02428735232252126236977872800193445357308519305661321 0.06166160529507196151201395446783681819624689524061978 0.0651490397652868199768888546330458666488993912935257 0.139521381562031702883055865604955414482901687733829 0.07782135388199716360285197735979778599357814528048038 0.0918718323500772749359171744087948496826356858946383 
44000 0.02389400540936097960381103919025314041846286272630095 0.06064737039420785705073294741263012497256568167358637 0.06419981018597495744964403011079134842020721407607198 0.1372330132735023709846878051110685703406488755717874 0.07703582728689656171518597774228176433553016977384686 0.0913943286571457919449873799622174885826098034158349 
45000 0.02373838338010564969459954918346022978425935434643179 0.06007663445022018614848405802797426389361135079525411 0.06388339675263897184407995907817756631175143411383033 0.1354932722133376919482509667669312136695225490257144 0.07656321680583494966446708035467949571284407284110785 0.0910317361252968920695889144811818738389774807728827 
46000 0.02337709055096117513655913384279516620267713733483106 0.05903204579892365128223502036830527828215053887106478 0.0633942112609165220991230306479824463394834310747683 0.1342320352535799292523124165432690801935677882283926 0.07544794907089970291029024443418826706420077243819833 0.09014239704276613579536116260815248324433923698961735 
47000 0.02298540910916250529650705497486384842886764090508223 0.05797645720444026558570418602989171574790816521272063 0.0624434471412512594288169581746572589509014505892992 0.1316510206734246261629220006716955992942530428990722 0.07467724278116675696567510964185565569550817599520087 0.08926257726490314730965168477094806576133123598992825 
48000 0.02299970078792492537036031095137866842037510650698096 0.057956594002116701057835627258763011582232138607651 0.06228524717504409959141129481119403266120571061037481 0.1300225143660292658609597613028618923181056743487716 0.07430213816699063333892638638644712045788764953613281 0.08850396121469367291187402280172591417795047163963318 
49000 0.02293330238760248753442224853293929243136517470702529 0.05776708331918800837242815825189889977764323703013361 0.06208242088396132142113625212997973790152173023670912 0.1301187354828770641835882990178241414014337351545691 0.0735926200483943314663661840191455354442950920201838 0.08821749856250361892579707825956525368837901623919606 
50000 0.02272627484290952145075891642489462896037366590462625 0.05729300178005925141827970985264339986997583764605224 0.06129988873064425327193355599875168593371199676766992 0.1282358311839209606355525702947595334535435540601611 0.07277711763465088282625903640110642811578145483508706 0.08707900022886341972252208579186039116848405683413148 
