1000 0.1811458153525820415785272873843148033756733639165759 0.4060514953340953551432987445046762786660110577940941 0.5429893200637301698785290582360829603203455917537212 1.370640044064615913196533703022339523158734664320946 0.9721516462521987944861261154994025446285377256572247 1.486243753512925396616413398209743945699301548302174 
2000 0.1489983153838205681728564661048253014996589627116919 0.3425973849221502148061548748136928566054848488420248 0.4047879673677653825938048404164959492845810018479824 0.9644431974559232103195310914500737453636247664690018 0.6719111832549031061256709917994811576136271469295025 1.033094755262852824690029962528825535628129728138447 
3000 0.1312407945930011937376224659401735550545708974823356 0.3036756538217402906227725817300822086508560460060835 0.3468277351384065613397814087370818469935329630970955 0.681323352323597759242369137355765928987239021807909 0.504270745340864325642442345110083579129423014819622 0.721779906084862868810136243835628988563257735222578 
4000 0.1183079271761107183525449197680767809970348025672138 0.2773752166427813690247842354219542926330177579075098 0.3029718155523555893305839847862159786018310114741325 0.6205066051956252088858678739313745609251782298088074 0.4123969454117253715286391113625796833730419166386127 0.5573779736910168098825736626711346843876526691019535 
5000 0.1093181715079886065958400705178110712267880444414914 0.2553971731490422199814874226753147468116367235779762 0.2807090021077101212314697936678342671257269103080034 0.5860111593705370198028117845190365642338292673230171 0.3882899851140764717479739870364952025738602969795465 0.5231975417794365511791297718158233465146622620522976 
6000 0.1029020478766535206169015041754999373324608313851058 0.2377626069241151382093347327328913820565503556281328 0.2666021855828776160898894304063233562374080065637827 0.4391127528375676538079271093995004093812895007431507 0.3608994937673702666967000263209541799369617365300655 0.4874318817413189511929174496662753313103166874498129 
7000 0.0966218283319238373089456184406031979960971511900425 0.2238256354103246186692177319144114733262540539726615 0.2487379954674543178043399915821964896167628467082977 0.408097162652094501672072474063313052283774595707655 0.3446306028836408147852585215353826697537442669272423 0.4393366000887681608992347409570200511552684474736452 
8000 0.09253202726104336927801484458111502817700966261327267 0.2145884593682454736455599703104368813910696189850569 0.2361224633475079278998936746503112260597845306620002 0.4151848324413983646371650165773914409328426700085402 0.3392954669129689485582764690851931277393305208534002 0.4142641294412550590387390309077275674098927993327379 
9000 0.08829201561239477513958612275857262829958926886320114 0.205616067060419742783933770569060328625710099004209 0.2223344893618384654016212689797704626926133641973138 0.4231639493110170392254146265464953557966509833931923 0.3235761140403997318407223332537014925947005394846201 0.390657778946064914766698669690292433642753167077899 
10000 0.08563020889822681993105600237181640466133103473111987 0.1999147570130257168499916808901417653032694943249226 0.2133999459607660453304553080378092033697612350806594 0.408184546403453521825916566756475845068052876740694 0.3100342554810527281611981509357178765640128403902054 0.3746862735361009333942116511506625897709454875439405 
11000 0.08141194420704233462214799779688156888823868939653039 0.1895293343282996952921378927547912951467878883704543 0.2037728038592904149505511193773976685861271107569337 0.3899713772211164674620902798052313187326944898813963 0.296544186935808624851641096542564923765894491225481 0.3477962002973670998162356027272323899524053558707237 
12000 0.07938422900946293413383019269002893736342230113223195 0.1845873245824538299431202478806390843146800762042403 0.1987105495979096336740593251035669197790411999449134 0.3783039309068535597005943083015466754659428261220455 0.2823579790728137993535869221251033422959153540432453 0.332813458904016343801101837640565861420327564701438 
13000 0.07731091966242744910900669755293712626098567852750421 0.1794519700073126344493697897908290883606241550296545 0.1941655546858846469778902416036814315702940803021193 0.3777534283092359600111226347607384923321660608053207 0.273257136491381857218169876277968910471827257424593 0.3177803120338962049936260695348622107303526718169451 
14000 0.07522673714507457765320866047153991473805945133790374 0.1744936120839042380020657979633469381042232271283865 0.1890007668328789732848423804645321411044278647750616 0.3721055638749140276712919911394905625456885900348425 0.2666394913009055610893672377814667129314329940825701 0.3067373302477716971920808364249211308560916222631931 
15000 0.07314031535763325278087093606060875572438817471265793 0.1699039546385642408658257773712563221124582923948765 0.1832520222492567736497035696396906701011175755411386 0.3367721721704639804763781879559658705147739965468645 0.2553120965192031338120495775889651213219622150063515 0.2935747147828524427975397520507172544057539198547602 
16000 0.07101627130470160522991143400850511113731045043095946 0.1648291082274972262875249381930409242613677633926272 0.1782844652134027940931868677632010644629190210253 0.3290833162383444378457954260230877707726904191076756 0.2471494353516418028343052532003198962229362223297358 0.2825207131976879024811040441722553850922849960625172 
17000 0.06905848721127948393642363017486118792476190719753504 0.1600523512852216535167285127450043091812403872609138 0.1739908250630029592381266267953066062545985914766788 0.3132039600895527788504846961048500020297069568186998 0.2371981057221713431407833505559779041504953056573868 0.2730143251096473607983632775342286436170979868620634 
18000 0.06720440540813402466834014514773798509850166738033295 0.1561265404801821926459486425398104358919226797297597 0.1683881235060807558318778445749508421158679993823171 0.3048872644766896637961908073100048000014794524759054 0.2303737370734174323238900583543653510787407867610455 0.2657293129802245488688908908736507896719558630138636 
19000 0.06608174563748524510929400338499206668529950547963381 0.1535305721538097201839387015431803718001901870593429 0.1654382619675894846938100923861014734939089976251125 0.297096097870794978077456371945430646519525907933712 0.2243916140851247502076759240963177433059172471985221 0.2603726119955318488033771395784299329534405842423439 
20000 0.06402887103769741834020327170273745309714286122471094 0.1487783464040014655914954955218121313009760342538357 0.160534147374005327349650619483956148769721039570868 0.2899217846657058459520182880364558286601095460355282 0.2171487085952542434562091006045037033800326753407717 0.25297537622322702191763645063193877149387844838202 
21000 0.0631761265805923186855566978104015163353324169293046 0.1468304817824336152767969107535428463506832486018538 0.158078665143383291434814146014797842099142144434154 0.2719638932724730639263130416161118318996159359812737 0.2131694946374349411237752310865900540193251799792051 0.2466059601484217871255038428968120456374890636652708 
22000 0.06221214383737640888966027169493244741715898271650076 0.1443754053182087283054707560481233485916163772344589 0.1560143542560029233278373270166206054909707745537162 0.2654567458528821722815466827016805950734124053269625 0.2106965242771180015553950104489899786130990833044052 0.2411117921713772042083745103524528019534045597538352 
23000 0.06133977448617209394569568282895577482349835918284953 0.1416959629300057789809364969246807675062882481142879 0.1548767631965635933389592582276605980950989760458469 0.2613225433043190352121708242005837519172928296029568 0.2077980316971180146435639601865119630019762553274632 0.238059068564018241350539392686691542166954604908824 
24000 0.06012330017958877717597961781725857122182787861675024 0.13908316395218394664933317383948008227889658883214 0.1509563673818351234345077477305707702726067509502172 0.255292578069383282849975219663818393200926948338747 0.2013185289370343379464949398749418207898997934535146 0.2333641967225783926610967189407830346681294031441212 
25000 0.05878885911343751445281213471871772924259857973083854 0.1360087606505025945556348193621332143266045022755861 0.1476007476943275202667079162854868457088741706684232 0.2474017480752839450342146776495866333789308555424213 0.1957080688276244093311284633074365046923048794269562 0.2269256847768050694040065443091158670085860649123788 
26000 0.05744001814672513707378314826157428285569039871916175 0.132846009065182073043912686083345420229306910187006 0.1442626921416300042339941195335129009436059277504683 0.2416880813557668741749272570129569714936224045231938 0.1894167029261251273657964619423488272786926245316863 0.2191238237907227239534757243233364931711548706516623 
27000 0.05609275446248977758492205471230196422993685700930655 0.1299204627592887334355375300587454034939582925289869 0.1405889183076967328955841907145440927706658840179443 0.2355349211792479930316010494628642391035100445151329 0.1843653211582476760199917134586122813288966426625848 0.2138619276575908369046347817787889766805164981633425 
28000 0.05545204920520434170637478349386029208289983216673136 0.1285756304979077787930879725464272667068144073709846 0.1385177369255548181079711403396181879088544519618154 0.2308615818433381612883583886008942442913394188508391 0.1811177396041405344257694404186409542489855084568262 0.2100843632859010779172399818737204668650520034134388 
29000 0.05432920443183413138792982322033964237562031485140324 0.125863144063953613470538059337933134429476922377944 0.1360695558948063732768000988482270940949092619121075 0.2245988384450526830095730759784267149825609521940351 0.1772885697835876089492991927731857515482261078432202 0.2054820430303450863655746402858248700340482173487544 
30000 0.05385370776617130903678263426082040155051799956709146 0.1250096703675163613858579633730805369395966408774257 0.1344404505611763063352903299629836908479774137958884 0.2189524986389292893706158549260720747042796574532986 0.1737649390890997859519763110713874709745141444727778 0.201609485684560381762151816398276338304640376009047 
31000 0.05304166710604462288294966981760936164391750935465097 0.1232707177342422581148469185041705031835590489208698 0.1325773830361514383233481617629934135038638487458229 0.2091668033780859264268671068864868800574186025187373 0.1708628569668816654658627385288127698004245758056641 0.1965534724166206847453981787499088795811985619366169 
32000 0.05203952202506083509422093839880130161645865882746875 0.1208413319204764544266702229469157003904911107383668 0.1304054303251865018530627343684713537186325993388891 0.2036556470736038421679358831339889945866161724552512 0.1672960503519852911807853576564575348584185121580958 0.1936765407435755830542825628448611041676485911011696 
33000 0.05142971841259706604972297416811244374912348575890064 0.119354507797481581567958924816608146102225873619318 0.1290510411598968426095165179523505116776505019515753 0.2004579899326548246383953091886986896952294046059251 0.1641216247071454237044154517155547523543646093457937 0.1897166476289149954556753283063663673146947985514998 
34000 0.05091943668931708280895741432214851585058568161912262 0.117913147164368832014904719257541998445049102883786 0.1284325610348640937379309165389251745637011481449008 0.1943455101176899935642994332596344975172542035579681 0.1623518154890931849141169629469061419513309374451637 0.187148801113755044992392924385615771143420715816319 
35000 0.05027554198772097049464154146225514097068298724479973 0.116661509854879077582813420160823270066430268343538 0.1259239662248215942938261643901931563505058875307441 0.191770854193926625769206495419894054066389799118042 0.1593416362672192823965846078526631401928170816972852 0.1824258999808175145580530635003313477682240772992373 
36000 0.04962352685037328458910951822780077691277256235480309 0.1149973788880398604096374527705481938255616114474833 0.124477235919825633656573930785338433224751497618854 0.1918012543369507520778184314624859041487070498988032 0.1574922994092217978724830562686776147529599256813526 0.1794426534671785138829380387703871235771657666191459 
37000 0.04898578526379203208358770714470065144041655003093183 0.1134180711995026412036778433456429837633550050668418 0.1230472955821959937523345923748863128821540158241987 0.1940057943783612080519522524735265278650331310927868 0.1559197700090086946003112983172300687328970525413752 0.1774982239519053619499844645646113860948389628902078 
38000 0.04847183462182548854328104255551057377715551410801709 0.1121331543285655586307644933363736328146842424757779 0.1220038616154521025853945878636430677488533547148108 0.1963234254322259868420904801999959943259455030784011 0.154479074620211737824278762365448613991247839294374 0.1752429199995164580240872287397735362901585176587105 
39000 0.04821459436122888800045128455951104484711322584189475 0.1114393424610245568643989398649463140600346378050745 0.1216030715043618637066845204752763009992122533731163 0.1943921684946034643214464801563856610755465226247907 0.1521506069689109591898347126348589597455429611727595 0.1737420013717636113327559208019401637557166395708919 
40000 0.04778560459793349578450560519171652629211166640743613 0.1104331687369428200576142694300241231530890217982233 0.1205850600270891370959457609968179525594678125344217 0.1928333525287283824450196290101189333654474467039108 0.1508312663062357430879874969908982507149630691856146 0.1735753920264551988908484705942392167798971058800817 
41000 0.0471248482510666860303006741456099959464154380839318 0.1089762267467392553501204927046686066205438692122698 0.118675612743508948587181552752900515201872622128576 0.1943705020133617343780713451750763454128900775685906 0.1489321857026836898107513898481535363771399715915322 0.1714273370721373599421047395630068876926088705658913 
42000 0.04642322720765422163491918140787451108053573989309371 0.1074099894972551851266028867526447498903507948853076 0.1167535038706838923969438641392581956779395113699138 0.1912602210650809810834824253866770504828309640288353 0.146322548940017758584987948855538064663051045499742 0.1681667184825338396802346663250204983341973274946213 
43000 0.04580614595001069768153431974178069197023432934656739 0.1059864914585410837876279337155249749002905446104705 0.1151681885403632798293765623909301609728572657331824 0.1884599328094758451156501277701238450390519574284554 0.1441149947696021795033550702558322598179074702784419 0.1657057479005981938358863653215635736160038504749537 
44000 0.04539903599996599176019163902895403595039169886149466 0.1050251060085782204401401093707413281208573607727885 0.1141605977251352009989261368505530924721824703738093 0.1861371946913062028856541973986793436779407784342766 0.1422027866338970972421868604884664932797022629529238 0.1633314671228231863218385497282802987228933488950133 
45000 0.04531079974906147141451161382275092393001614254899323 0.1050023057902009246419405656680634564281717757694423 0.1134645002970217218563357339244923593923886073753238 0.1842205341235136968370015783658111274689872516319156 0.1414325615472502229634597231688886154188367072492838 0.1620965719978178148973167044255561108911933843046427 
46000 0.04517018345572731255124906621367664172339573269709945 0.1046453332638176434370809106400024290906003443524241 0.1130174417293507746864241608752976731011585798114538 0.1822511899160940589733476135947398688585963100194931 0.1406326715161575698255372671163776487901486689224839 0.160869647818679761813861692210103626621275907382369 
47000 0.04479540486974129528802948847776566054790237103588879 0.1039788337033770684500987024900808819438680075109005 0.1116897607324216655830901798185372797433956293389201 0.1786957998437875540042154079434233437950751977041364 0.1385678720510370772470631547945707495728129288181663 0.1590546162180871714737209407508622405202913796529174 
48000 0.04397155832850345823898351171887810551197617314755917 0.1020731313010012170243759853371923185250125243328512 0.1096501901722090748872722072715379937335455906577408 0.175855908434410205916299980988259932246364769525826 0.1367055830483247063738801510557330232131789671257138 0.1566401502407442450381415410820551414872170425951481 
49000 0.04360809125916674606069831608701203862210604711435735 0.1014100682946451275983322515283902021110407076776028 0.1085088930236860762799434333703008093152675428427756 0.1733097562169537250216120802259744948514708084985614 0.1346542601098244269216619786733168950831895926967263 0.1543578191405914369616330511503221600833057891577482 
50000 0.04331547815228031771421415146994249312228930648416281 0.1006117635568735774618458027329648274417195352725685 0.1080335915658142366190886188292985536918422440066934 0.1690677303879914806844161900833967138169100508093834 0.133125604352923995626922261392710566951791406609118 0.1531827537617289440710416012492167681102728238329291 
