1000 0.2268812144177373798283872327608001739918108796700835 0.526903987308483372068758365802665366572909988462925 0.6924276840429566685962761707351376117003383114933968 1.977561305996478041319824869859189675480592995882034 1.343816512125033495509383862920316232703044079244137 2.659016799269785675478156017348396744637284427881241 
2000 0.1736734468306700901663779459949132899510004790499806 0.4227816213550770805911210165062286137072078417986631 0.4826985888556379270116717533634087544669455382972956 1.463904919125849041043607723366903883288614451885223 0.8062569721560081617171486523254486655787331983447075 1.204342525339280750530310259982513798604486510157585 
3000 0.1471531593343574733073059190857634348503779619932175 0.3577975227335473654046837238551503901362593751400709 0.4079644136571930210580227971206568327033892273902893 1.000171215049121940516944906374163792861509136855602 0.6479797122778261666523232087389061462090467102825642 0.8964788927468256509887775673739440662757260724902153 
4000 0.1319723406119839830691331528100818104576319456100464 0.325205715204734231189983781340480106791801517829299 0.352327144429822136032903062696775009499106090515852 0.7857271572545333507774610592999664504532120190560818 0.5370193277153432959212901731671507832288625650107861 0.7161251209702591794697447424855596409543068148195744 
5000 0.1221098652058164656951963315811848787006965721957386 0.3030551463068640561878980960175411496493325103074312 0.3164206310300150386282704018103828502717078663408756 0.7494668343768307267136613569746828034112695604562759 0.465134727560996609209116939287476100162166403606534 0.6144635785436781981786423523228535259477212093770504 
6000 0.1134864332533071955083029541677674956190458033233881 0.2804192374459571796712666069684161129771382547914982 0.2971636135999241125132605545466901730833342298865318 0.6739929804102355448002133198048824169745785184204578 0.4514285153260613526777101506270994946135033387690783 0.6131664253542502159813505635543862126723979599773884 
7000 0.1030716164686126058011778929002222326971605070866644 0.2552388441618210083495534024056183852735557593405247 0.2693965392681829300683144651218370313472405541688204 0.587445306788506295078179653135208582170889712870121 0.3855204031116753447014193489916777934922720305621624 0.492520069925261712903263172647072565268899779766798 
8000 0.09873475914463131440217688941651807965627085650339723 0.2429598159520551323159323967026956836434692377224565 0.2584289872635355308897776860366235496258013881742954 0.5242710482734256351427387654595690946734976023435593 0.3520479416650951116104888150015739256559754721820354 0.4426490879292646668974504919891188592373509891331196 
9000 0.09481429531266793704711443036003970519232098013162613 0.2335628743634925625098294754700134490121854469180107 0.2439458187941680716029823824952948996269697090610862 0.484462599476862933119180112950807881588843883946538 0.329048436564798891303682340514491500016447389498353 0.4122801134551123946605458853165160348908102605491877 
10000 0.0912514406028109012003826649994664421683410182595253 0.2254923928394503704548176153954486267139145638793707 0.2331138545548173135073038650388888015640986850485206 0.4512262245200684538553367181057396351206989493221045 0.3067791545551875084080727107416208809809177182614803 0.3769253103843453102264702408996654980910534504801035 
11000 0.08718137379311918453290682420875334912580001400783658 0.2150343482394539575510480217124253954352752771228552 0.2232870504673783233447800083970591344950662460178137 0.4282783098821533268271179173414253682494745589792728 0.2822761986293989503599144441636781266424804925918579 0.3446753553735667336104919050709938233012508135288954 
12000 0.0839564410719432310621830085894945483460105606354773 0.2068314056961972815650453033642364175648253876715899 0.2170672114714332459514374920606094576669420348480344 0.4215705933602082394826959105271768635248008649796247 0.2719759282756025184964870922144086762273218482732773 0.3295441969654910781013096299219000684388447552919388 
13000 0.08103544114288490808883100649517849944913905346766114 0.2002005712691748891962758780116438117602228885516524 0.2082850947647217501010634063685067474125389708206058 0.4114849355026235634788956546659122182063583750277758 0.259984320933569283299880217641408819417847553268075 0.3131049390871512392447734846046003553965419996529818 
14000 0.07921794070371233872148320626083162210306909400969744 0.1968194991002987542967617162759097482194192707538605 0.2005533312780287804531461140489234651340666459873319 0.3845936230966592818587574537092521609338291455060244 0.2522762100977400895416430381956729434023145586252213 0.2988471497315606950780607353745921273002750240266323 
15000 0.07788820088526509773595683794322752646621665917336941 0.193616033755228552745339919149980545398648246191442 0.1949841184442639249090392650209935254679294303059578 0.3808789198359574713513217569804680806555552408099174 0.247708246900282290909700404213378277518131653778255 0.2927897634263577268480798626582028987286321353167295 
16000 0.07607621264475547016923988319359040133349481038749218 0.1891926452096486688410608562049830538853711914271116 0.1906176882070369067126869994099891414407466072589159 0.3713542707288191133021670181646456398993905168026686 0.2405791289962284008234830179340235645213397219777107 0.2840819614806912491746220678079382082614756654947996 
17000 0.07456737722346417168809437972520903770146105671301484 0.185288017925102160883966788407217762824075180105865 0.1861894859299193135651531022523030856063996907323599 0.3613408783231819260768537954708889969879237469285727 0.235188433425901372277803773325199898636128637008369 0.2759398397992718079897896121810418890163418836891651 
18000 0.07311823130619013660843079002726874193740513874217868 0.1808888880464013435803594803674698709983204025775194 0.1834619570447874927485772816870834844849014189094305 0.3529268185213184646858118609369370233252993784844875 0.2300932370899080149851323104370770522564271232113242 0.2684381870206448378421860284648303718313400167971849 
19000 0.07146378097247091559817474409888049535766185726970434 0.1770989828056094344480974472899603711084637325257063 0.178405251461104890508711437457911586079717380926013 0.3453436406004089671817856854740824701366364024579525 0.2227519471537964933650476789805949806577700655907393 0.2606046761050998230777302894223268481255217920988798 
20000 0.06930087077324371128616772863573203267151257023215294 0.1713255733038393236589537818592710038956283824518323 0.1740390160814249634216397538688525514771754387766123 0.3321596939859565852861279094954127799610432703047991 0.2150854277806365267850918082670474973383534234017134 0.2506400789920523205069145117329654226523416582494974 
21000 0.06744918940099747822107881245479177323431940749287605 0.1669069960982838152506501153138351867255551042035222 0.1696300793256572034511508312304428613970230799168348 0.3211441542247840818136584567499269837753672618418932 0.2087999541637366204382530304739518101087014656513929 0.245168141585009807570426712541866720584948780015111 
22000 0.0657910948193870785563695108288939650265092495828867 0.1633864516014813755926532445883481159398797899484634 0.1648304409264017472756900378749733704353275243192911 0.31085997178514270214053603902382150181438191793859 0.2045567590795371131471864362127988101747178006917238 0.2384214585594135237336683302844519971586123574525118 
23000 0.06450951231903808280457920248940340002263837959617376 0.1604195311697272439532130361428130527201574295759201 0.1610901831195988881026935624074525321702822111546993 0.304348474036391130964022272431535043324402067810297 0.1987576958994780967860879772324267378280637785792351 0.2316845557642292100311316033200981223671988118439913 
24000 0.06278703409173739275069524301553514078477746807038784 0.1561109070400356643270982359705811859384994022548199 0.1576876861792879304938674520086827612885826965793967 0.2959064679045588112992013624102938251780869904905558 0.19478919690803022496915219985424982951371930539608 0.224731729139810946458419640969772501648549223318696 
25000 0.06149904350776092360690138621803768614881846588104963 0.1523229788713857701568750099840876544021739391610026 0.1556451328645313649440056966155587758748879423364997 0.2889750310418890429488628091014845722384052351117134 0.1928657260749999776067512002875048437999794259667397 0.2209512345323786913488207581113265121075528440997005 
26000 0.06026085419349327489178889255549975700887443963438272 0.1495369797781330926229013955630620102965622209012508 0.1533433692592697643883661862140854736935580149292946 0.2837400792110817291042171306436614486301550641655922 0.1880713089848738354118622487232137530099862487986684 0.2156324830595169629712587119896305409838532796129584 
27000 0.05948588530550761154449429003732152665406829328276217 0.147704065240535007587775566395560389310048776678741 0.151771191436626227722365631289669352099735988304019 0.2783365324490582948312004940571995348363998346030712 0.1852506985461329472894380365755040429576183669269085 0.2107834358186410318117959272754546873329672962427139 
28000 0.05864393468585441245052142754390356316207544296048582 0.1456663865782116538586483597828014069364144233986735 0.1494936062106087781674182771163295058158837491646409 0.2710013008916181204350278471926216639076301362365484 0.182144738115255918581660878052819185768385068513453 0.2065493855169422720202470830641594545795669546350837 
29000 0.05745059399381049578550912163010799815765494713559747 0.1423020890994684908463030828529305438223673263564706 0.1470071851959743894843694184126903223841509316116571 0.2646128995403120425791102660051379302785790059715509 0.1783369800870398613426180342567128889186278684064746 0.2032917119155005159967207484239537507164641283452511 
30000 0.05656766448308688966938213849022787371723097749054432 0.1403728196645998251343824894665779368096991674974561 0.1443672318663019579548442705707600453024497255682945 0.2581276879134293584670736126929213583025557454675436 0.1759784130924976203310880484842471105366712436079979 0.1986644109197266075547087110786392827321833465248346 
31000 0.05546245814239553114646449905045244577195262536406517 0.1372350369101519905544028093968833559301856439560652 0.142216957867717704077151208430507267621578648686409 0.2557244298505435729990716703374786789026984479278326 0.171897185369482046864912476447084799247022601775825 0.1953946542014567300005493596937178324424166930839419 
32000 0.05458145255357205331744321549769516366268362617120147 0.1354320443294035710199820290999817018473549978807569 0.1392735094989159140143209630879894689314824063330889 0.2533599735453734226500299014928074825547810178250074 0.168571595466106891153773399139037536542673478834331 0.1904531726309145192794266415736714748163649346679449 
33000 0.05346718218222175085762833471325627954229275928810239 0.1329267865769381288729416440430597390331968199461699 0.136415240098916708470062029989744445401811390183866 0.2481135188604849362671101245525484557674644747748971 0.1658962064241211470128631658149664929169375682249665 0.1858486557571432620821665418486823284638376208022237 
34000 0.05254956980396107973777571759077531510229164268821478 0.1310641625155978348969730909456821166259032906964421 0.1332303457937172074459575635274610760916402796283364 0.2449594705813040838458718301273719930577499326318502 0.1621168342238135426071560588057174356890755007043481 0.180931418256492795182009333809780571300507290288806 
35000 0.05156128824370493567188209783902497207463966333307326 0.1288274669857817872033666981024246922515885671600699 0.1306395087399488414429049240594871150733524700626731 0.2450380030431312048923514837484027850678103277459741 0.1589690046792068470866109153316614310824661515653133 0.1773258380267021552757680108447502220769820269197226 
36000 0.05075506315007472914481423918731106681434539495967329 0.1266224760255336837980839545525491018906905082985759 0.1292985978053815827436973107111839453864376991987228 0.2419446199231192902559571880627409257158433320000768 0.15715063466594965769314220377372848247432557400316 0.1743856495502433090434091580989139913526742020621896 
37000 0.05019578197959633169311405472001741401300023426301777 0.1252297790389466062042434293943848899743898073211312 0.1276240099613598042051351363901368074493802851065993 0.2385487853946761170977931831860274769496754743158817 0.155043940962167467191015410299392840443033492192626 0.1725817089922831896407198412624062200393382227048278 
38000 0.04962054569127449864756164779611147253035596804693341 0.1238053937404241897988067637459419501055890577845275 0.1258923479473982957052916042961498988006496801972389 0.2367153981865216269504575627435905005313543369993567 0.1519179495591656508905742395398874577949754893779755 0.1701430988562069381866102835143550464636064134538174 
39000 0.04924394166031189300813454036431782157023917534388602 0.1226813986470380478651450058269478660122331348247826 0.1246473211874439468023717351996548785564300487749279 0.2344247223499914775950072470811491598396969493478537 0.1491358785553957660941978846658173551986692473292351 0.1688121627449332050953682490823659634315845323726535 
40000 0.04897235235250687859621487700578779111992844264023006 0.122218335165257167042047580646224602674010384362191 0.1230223627961992364506860556105927173575764754787087 0.2312526641598035680050336054813797659335250500589609 0.1481683975601717971165268220024024969916354166343808 0.1669039122088525657497740106727235342987114563584328 
41000 0.04844861394213821257064694902894075312360655516386032 0.1212727602347506002407177307100827334807036095298827 0.1207340991112411443585226283881084441418352071195841 0.2279441323126365627715862391400314379552582977339625 0.1459094350743200496455095546699531894319079583510756 0.1634538616901662591194503010294525324752612505108118 
42000 0.0482436021888966095895164357121309706144529627636075 0.1207923320866718463562159563418063612516561988741159 0.1200383562446984857182167780176307303463545395061374 0.2245984741463071623392144804398640189901925623416901 0.144317416618249913938163385418445017194244428537786 0.1610874094873716024195302309873767399039934389293194 
43000 0.04760962617541225730703399743326542647992027923464775 0.119417277095197483922331578576336852393069420941174 0.1181622678485847186338753012080360349500551819801331 0.2222396011968480833236299493149701334004930686205626 0.1425301182195195341933374733045525317720603197813034 0.1591582527745131945510082688288733265835617203265429 
44000 0.04717813469951493938954771231730767055978503776714206 0.1182882110055235201236090679388635038549182354472578 0.1172360159422994196372477468393036303950793808326125 0.2199621527666436726763596332112626896559959277510643 0.1407129996006071261219249127205621618941222550347447 0.1576403391666837288157508589758748485110118053853512 
45000 0.04627105240515483310242170027215546923571309889666736 0.1157392956790457884272632985145357054079795489087701 0.1158836264219541319623512157233058417205029400065541 0.2157779585615972994100657950111710192686587106436491 0.1384343993294034629471401381950457221137185115367174 0.1559295734673327461094908055749819197899341816082597 
46000 0.04553111663327545324247828430197504445686718099750578 0.1138346620480791325532676609710858173230008105747402 0.1144340229745205718178799499107345383208667044527829 0.2109819427049409857721339739411448022110562305897474 0.1357036912656124195508764579409799466702679637819529 0.152873795136373140290324094958673839528273674659431 
47000 0.04515008467190973376705932784691555070821777917444706 0.1127195672709470433160965779917361828665889333933592 0.1133924146189305126982338131624850063872145256027579 0.2103529762684433854512183401097580315308732679113746 0.1342141348436695594704276546238475020800251513719559 0.1508508457032006149471517822413524356761627132073045 
48000 0.04498879769489644908560819006049236179478612029924989 0.1119631927474517514087878206074933018498995807021856 0.1132085922621499835365719600910328068721355521120131 0.208111353376674241611767046666869873661198653280735 0.1341087656239118867988963437754001972734840819612145 0.1497894172070722068536730714471971737111744005233049 
49000 0.044454414895913988729287324649930290831889578839764 0.1106239103961834262289734565065657534432830289006233 0.111702517811417209928331190083028445769741665571928 0.2052408484149915804135161367938167131796944886445999 0.1318338865605821522798213676908041236401913920417428 0.1479423351034206287165284274265353303690062602981925 
50000 0.04405582764452716064011760302432385572046769084408879 0.1094027093704758510554308874318518718382620136253536 0.1109652565742598745383959597810008546048265998251736 0.2036875214746702888774128326065948613177170045673847 0.1307547741259036310976227035496322059771046042442322 0.1465223977402428362081399787486546415493648964911699 
