1000 0.002054802396915569982743094128857519464759207039605826 0.4252977348993599239393003513809432547532196622341871 0.3738346924099602732306877467260974867713230196386576 0.2727532814172472962134692597846452599696931429207325 1.635848245920311066353702855735718912910670042037964 1.564569340332469006994015048306323478755075484514236 
2000 0.001526451030985687465003901471232578002101831771142315 0.2928905586128557305336181371124837369279703125357628 0.2867873738480865296080098147957215815040399320423603 0.1955088682982817489109219136200756850030302302911878 1.276793042980043430402285753455515759924310259521008 1.16577532854179918625145417898636424069991335272789 
3000 0.001212786583231206894111242633200326013209746633947361 0.2370656399066405253101257749603902880153327714651823 0.2164515105050472286229512955402221052736422279849648 0.1610155183271829493668646574033864737884869100525975 1.219372293470536294389579279329183236768585629761219 0.9615891740965596456232507283079513626944390125572681 
4000 0.001037225041897475975963067355931773727562017484160606 0.2005817984643571514361210308963201498499984154477715 0.1917712780360550158410132270958570188668090850114822 0.1449803091965365928249585142362221290568413678556681 0.9878001818012169639926164932397512075112899765372276 0.7488205754983418280853330051272109812998678535223007 
5000 0.000912058860200865015291138209949095561057674785843119 0.178572615266589372184230510853808482352178543806076 0.1653476000587157849586010527342949671947280876338482 0.1318022108233169800164084894955607296651578508317471 0.9447988051476126291575857729654330796620342880487442 0.6399859894208024475360276073221399428803124465048313 
6000 0.0008314349196036053138891066009372177170178019878221676 0.1629979381017341633129755923414805351967515889555216 0.1492395405226955020595641307479262138713238527998328 0.1160540548084355025730573553188751390052857459522784 0.8475987930540813410063526178728210425106226466596127 0.5596291066869507787847129454128491943265544250607491 
7000 0.0007733267636931368212436939651565487308104707153688651 0.1545063175145614959291647666494995405628287699073553 0.1340089152965747635974647078427324231597594916820526 0.1072625911166455617789085644209201575449696974828839 0.7721618771354498943215727280175997293554246425628662 0.5124092249394059022998479391297621532430639490485191 
8000 0.0007021970536474971579670848506170982572527350384916645 0.1393288101275122242879433986928461308707483112812042 0.1257161650489389078966815174731586068901378894224763 0.1028435388450789701424571524757123341942133265547454 0.6991745661496433830164529132922268672700738534331322 0.4713716163395862202348512298710758727793290745466948 
9000 0.0006619125028662649917873978271023321928723248674941715 0.1309603919732425800562247708569429960334673523902893 0.1181224017471150127315225597524062095544650219380856 0.0979800765746280798325611866017581519372470211237669 0.6510564514085675078469347965004487832629820331931114 0.4387678524784748580723180155782614519921480678021908 
10000 0.0006337009870335687257789210270666341306977642489073332 0.12454483652977652071970832495240166792882519075647 0.1132441601877568044829465605805030037345204618759453 0.09248234899198915772919327160650482255732640624046326 0.6274652510541576234362644293174327003725920803844929 0.4125193312374954122826245517252630179427796974778175 
11000 0.0005951896136845588891797602121985777401391715102363378 0.1177963474635593622692167521670558727464594994671643 0.1064571999889366672728606248721217042429998400621116 0.0905462067518510365049478824661655096406320808455348 0.5890191914287477754105619431879148351072217337787151 0.3950835524172144072943546611043075245106592774391174 
12000 0.0005688581368767157765654199157688564181256651863805018 0.1119831474160587934130206035077126358601162792183459 0.1020477363722018402584883201011933806512388400733471 0.08668727186769865633564607215744146628821908961981535 0.5858531379294086244920343464759326934654382057487965 0.3784156930204838787540084360516701167398423422127962 
13000 0.0005578057040551417338719198822823142069893265215796418 0.1105248643089958049976016113413734842652047518640757 0.09868563695773632789374086443645595068119291681796312 0.08210641365827573501999471147771991752506437478587031 0.5569759561003117800601081022193739045178517699241638 0.3757230659130883489388395141128640375427494291216135 
14000 0.000540071027403299765006005966287011554882724340131972 0.1069835065037421713109232028482420417958564939908683 0.0956579191733282470046966297627655251289979787543416 0.07897813250690599181470319747888630956822453299537301 0.5536159176141770668676603261992852367257000878453255 0.3567393597125872782647310055281764107348863035440445 
15000 0.0005175702973787797332547916449949770845151419962348882 0.1028301453885344442928809552406654859169066185131669 0.09139587664269023120644248187049996090536296833306551 0.07483392907745163879801742617958737469052721280604601 0.5308409340297681100928790798310075160770793445408344 0.3364930253871073749006876535405652361987449694424868 
16000 0.0005065866067756747308912135437097834511632754583843052 0.0999871203884033634361585066163691237761668162420392 0.08914181965411264915158037758224907065596198663115501 0.07301222250691527933887147241986959045334515394642949 0.5275953499855623500210989595959887310527847148478031 0.3253057454601248082873363870470839742665702942758799 
17000 0.0004922906942510497739886113355289865012309746816754341 0.09727670951727296045724547798871917336782644269987941 0.08633634363729928246848199097085441167109820526093245 0.07109365861007339217888601271000403869493311503902078 0.5054806578035231258557921640850452149607008323073387 0.311232298894912357109694689416556911965017206966877 
18000 0.000478910079615460741092403058926166292685877579060616 0.09401290071291157607986325311921760317090956959873438 0.08446325007044727184115804827224671669227973325178027 0.06911681917014350579129677160095113208626571577042341 0.4868174285088732236299706446214230481928098015487194 0.3026707794288700656079333511927487165849015582352877 
19000 0.0004689174258120864050400207571076341417359856222901726 0.09159982484851478099939156574116339015745325013995171 0.08335040850389292241317054643623407628183485940098763 0.06726628749150511318573124330821855210160720162093639 0.4766373972805643172872321761124325689706893172115088 0.2946732783765027612814073332270226046603056602180004 
20000 0.0004537950866943723316966566864094287381270476089412114 0.08882520964403522064332680702181122001093172002583742 0.08021435148777927781821913549853420022373029496520758 0.06566576493072412850661705857602257196958817075937986 0.4731117315867318632747681728112354448967380449175835 0.2854396100640211824230399462187790504685835912823677 
21000 0.0004430019975374287676755977562811222858485393771843519 0.0869893606840334705743948001677168235801218543201685 0.07840224972902410185033065734283574954588402761146426 0.06393840253326183317120635224428681908648286480456591 0.453630109509709045565025928303803937069460516795516 0.2736971947662538490110995664794657500351604539901018 
22000 0.0004385155140401319789412646726585801038034162502299296 0.08534703818023861332823717940065932907600654289126396 0.07755886265094939331985043548534086710333212977275252 0.06378089786217866857223786347663718743206118233501911 0.4462408421869979219449332819014131246149190701544285 0.2689602909015293095973658105135584150957583915442228 
23000 0.000432442294226409904774791100458102011128147523777443 0.08377407020486606302456505240838779968726157676428556 0.07669221484434707052557558121241854109939595218747854 0.06246685286175221576759550301538581607019295915961266 0.4356277874559811697744316633107430902782652992755175 0.265309702359090289415684271734363619543728418648243 
24000 0.0004245224061608383189118437532573110959610573900135932 0.08174523213051700198629933788452284204595343908295035 0.07580368392715656231871075923511860139569762395694852 0.06098869243293090092538993006454628442725152126513422 0.4253300112873044120515020338757494755554944276809692 0.258186473408799919526234595279490235952835064381361 
25000 0.0004160457716700971541335027495183904178155387398874154 0.08050885407183780346259804189257280881975020747631788 0.07463886140616163776642958890827905804599140537902713 0.05972223576154455644443325330883443058382908930070698 0.4171369950115785145742207384866873098872019909322262 0.2543994917226016929485618578432593039906350895762444 
26000 0.0004064318589624725783109431280666623553798899592948146 0.07915865145611361438054542211117947658749471884220839 0.07330136048386632258199238632023764239420415833592415 0.05881916819553214808227064626378055578470593900419772 0.4135883324542126240647588880650076248457480687648058 0.2505390069296392111474185843134065976300917100161314 
27000 0.0004020966310346644101006088759323042758353494718903676 0.07834872181022968807835409055240205589143442921340466 0.07129551351983447895170739258552394801426999038085341 0.057720577435629304192011169299947326294386584777385 0.4043546804239296005366137432002204832315328530967236 0.242383133266795041614030323251505194548371946439147 
28000 0.0004008609496799008953437767270415459375243472095462494 0.07814794961555822086420475952595054991434153635054827 0.07039005930997267712466046105102002172770880861207843 0.05751639290584126514905595473070576417740085162222385 0.4021358553113036327325384433617472268451820127665997 0.2380796412947657223011660443390269392693880945444107 
29000 0.0003912914119757038577697535515096879943364172049768968 0.07654344461330883386026690401449101841535593848675489 0.06972830012354934863829086094666465100999630521982908 0.05657325807273715039167846264922534516017549321986735 0.3932025452378801420860992416050905262636661063879728 0.2346571492843177112727409347470164391324942698702216 
30000 0.0003818215791143585313996283578863097374345159096264979 0.07478842529986623629650573444327399386111210333183408 0.0682266221583977289260507584356396648672671290114522 0.05548186317521910075143006489672981018657083041034639 0.3828771310298976998198576537912884987235884182155132 0.4563298403321728755012084977060737855936167761683464 
31000 0.0003738053327105009921335605451624475858984908427373739 0.07356574689029393050585447708100694796939933439716697 0.06731114343143198401484212159417985787968063959851861 0.05466633871343806005854465586424328904513458837755024 0.3737378386433008012508516504368571986560709774494171 0.440959632641020210844489540802371152494743000715971 
32000 0.0003642666294808351330191864336565873982998198243876686 0.07145006033960347513396852911493617455107596470043063 0.0665767622049645513838110090498734194852659129537642 0.0540516201674928646024609075332323371299025893677026 0.3645963598888635351185066174606319577833346556872129 0.4282282859185035767644877946480619357316754758358002 
33000 0.0003590167459248775160541886455368987274283654187456705 0.07048072451699462394455672487048047969437902793288231 0.06536413362879560803945502497902531047202501213178039 0.05298301568808478748974759992007577125150419306010008 0.3637076557503238212031970028048633025719027500599623 0.4198038175689443479189633112724777674884535372257233 
34000 0.0003522076733880280094409448269927170871440580413036514 0.06883296300592595972804100049047271170366002479568124 0.0643217394907127065068180166163003264045983087271452 0.05184268979360252403126960336898765291380186681635678 0.3564814842271443564355321020897804373817052692174911 0.4118621628785071969139526537606599276841734535992146 
35000 0.0003449094051534536935637526234221458820705663583794376 0.06817150909758058637238475191422182319911371450871229 0.06303621628192502862782220507398278641630895435810089 0.0507097924457755393936437236790393257024334161542356 0.3498308083178099397612600962581552721530897542834282 0.403053374223197511614638285926126570757332956418395 
36000 0.0003423059765729271505169087379738188103850404786498984 0.06743372723819458580885770684898439242260792525485158 0.06274682853042746190445075674113617480998073006048799 0.05006050742539701490162965674679540484248718712478876 0.3456162375106786832884391003073432102610240690410137 0.3927096616308614145628153035971763529232703149318695 
37000 0.0003400906693959363203309207443827966166338683251524344 0.06709410977078176021041935189748173229418171104043722 0.06196234573009905873680613908049963356461375951766968 0.04929692224743516454883523157659563906918265274725854 0.3406338081018638236135889080236083259478618856519461 0.3847817321502450587039981244608100041659781709313393 
38000 0.0003364390970344472221838010380810454758027105981454952 0.06688882456723567760265838563760176782579947030171752 0.06059951800513819534740357630742124683820293284952641 0.04890795535630547646613829580741761304807369015179574 0.3336759992474706614591813125247909965764847584068775 0.3749879894270650803169211973120411585114197805523872 
39000 0.0003351927864344636570313187232811324989256718254182488 0.06700835911173676676897423623580074547589902067556977 0.05941600874243447828626659389106290376503238803707063 0.04831762053219809243068279779043106003655339009128511 0.3310086142497081334581596201438458137999987229704857 0.3643749739455916453537143162577649491140618920326233 
40000 0.0003337688648355509853756445333471461478502817499247612 0.06597695369991278404144582209189806576432602014392614 0.05891168699083023803692743015913979576225756318308413 0.04820931345879866431573270400823272296975119388662279 0.3305706208984929590094254542309570865654677618294954 0.354704330155278790880427064458046970685245469212532 
41000 0.0003282415880204283147887335493272931152830551582155749 0.06449974665938393203788248433938612436122639337554574 0.05791205613498714129127480955416817920422545284964144 0.0471264071804859614054836452340380148484655364882201 0.3235958014769669882561720780644876072074112016707659 0.3538393718149419603228363756519669891531520988792181 
42000 0.0003250184866454353050465090718386743096068869363080012 0.06373702232058215452065175199436453112866729497909546 0.05721616670851793804255299574768045545170025434345007 0.04673276992792477962650079907624967034962537582032382 0.3191044667239841021869409254385629992611939087510109 0.3516461092892550934884809271663286267539660912007093 
43000 0.0003217808085280550888806151476955949575220472524961224 0.0631632562409337800480809733960629870352931902743876 0.05616365150458058031366303207432277844191048643551767 0.04589991309643736609144874447063777722632949007675052 0.3165100774483603370240258206846917232724081259220839 0.3451142534101159801344753386143082707349094562232494 
44000 0.0003179911977119771111005273899786927049859741600812413 0.06251716498732088834246753764056769853141304338350892 0.05550090096084643236792823157987886162345603224821389 0.04534436492549017889511242009048519463476623059250414 0.3125685930343285928506222304257278210570802912116051 0.3375383194320287781381353248155718915768375154584646 
45000 0.0003150311236751182172715287396584649126651811457122676 0.06196696453471350673141522166775807534122577635571361 0.05452550341146811816920138629716241496225848095491529 0.04466637411990918692054745343933408463499290519393981 0.3075223365909275715800088452089866564165276940912008 0.3335772934438433917918222920695470179452968295663595 
46000 0.0003095069733341661046795916472198009761207515566638904 0.06118459468043856981539258162172689736735264887101948 0.05376704485677668259244730598889194794764989637769759 0.04398739635096159192933162017380421815460067591629922 0.3028359702986664786527638837387854664484621025621891 0.3255434998816527146861272284938948473609343636780977 
47000 0.0003047640845337975158878700195639113723622415363934124 0.06007733609097107165366354747382260370613948907703161 0.05310395330653699729749907774978279206834486103616655 0.04349524584669219849652772175163661927399516571313143 0.2987570888390570291196987606774371215578867122530937 0.3192857808827253976511999222775983753308537416160107 
48000 0.0003009839153973452159743278761698873080554506032058271 0.05939989585394140838995116760123949006811017170548439 0.05266319032296355661065638542606137662005494348704815 0.04305320330844524140355140777447484623507989454083145 0.293515673397290154491082181387184846244053915143013 0.3138504468288967172342595474132664890021260362118483 
49000 0.0002969092011238784135708500299451889636870305366755929 0.05870555249523121406720650716781761957463459111750126 0.05174230979406256280937618022286450525371037656441331 0.04266679275863475039243981681846840103844442637637258 0.290357440909503430507372298552404288329853443428874 0.3115310431034713551008436677181023810589977074414492 
50000 0.0002927275401953460018178051045773316318765466803597519 0.05805979604892001453645138282777526939071321976371109 0.05121063253747006896942576409381686630695185158401728 0.0422087021526440808048732510754375013561912055592984 0.2903304869106084583742308918852259580489771906286478 0.3074962399950843501084205705575769229653815273195505 
