1000 0.2013582303576669778089362414230656384006579173728824 0.2170457092271889561207760116490206314665556419640779 0.3171586971734498722500991685357973892678273841738701 3.061245225364041106430254557402292903134366497397423 0.7713157866656754966367369463764447345965891145169735 0.9286065692061686635940323530924445094569819048047066 
2000 0.1369521907856194369783146835839460209172102622687817 0.154410211575387819327165317417893675155937671661377 0.2153765904257367270959074023739532321997103281319141 2.072423019778710337902155602662901401345152407884598 0.5085761081353899698900833392656295472988858819007874 0.6259372984716892117070322076877175732079194858670235 
3000 0.1101266215310751531928626020806483154501620447263122 0.1278675257381687279116706801307401519807172007858753 0.1774961055701751501151742368422858930898655671626329 1.764254377918143480230908637373943292914191260933876 0.4195686479477449364310776003250680332712363451719284 0.5237543203571330453511417646339509701647330075502396 
4000 0.09423455538227363016825577704538297041381156304851174 0.1082507666834370067856217235979787716360078775323927 0.1589438115329996163422980604007506144625949673354626 1.474901728171625828645203981626110589786549098789692 0.3558445143414997899290394545168680906499503180384636 0.4614484299954645127143926242041516161407344043254852 
5000 0.08667926112486746555136447531242360753367393044754863 0.09576284861922608987558781096227633611306373495608568 0.1440442814294028301953885101704955218338000122457743 1.33355969848803312266267290242538479105860460549593 0.3208574960418307065259952565172696381523564923554659 0.4152128507205514702316576092222533134190598502755165 
6000 0.08181600370927446412501774994363579196487989975139499 0.08865373022477435483579407890508683465213835006579757 0.1310488436864032774607780051923100472777150571346283 1.257749758348995303396805622853094064339529722929001 0.294927087601270755342925539155274350378022063523531 0.3752354129183936738288658585549484314469737000763416 
7000 0.07711065627788716664937950298619462330407259287312627 0.08268327557741619673756456113111745764854276785627007 0.1187885007488479470369154358810881433328177081421018 1.135741501779287121682085470730783072212943807244301 0.2738703277235608612863795863212601489067310467362404 0.3497704042696821370608643853028496550905401818454266 
8000 0.07123030770888689324702716318404860373902920400723815 0.07553441002681187480671939557530514264271914726123214 0.1121444802714948381935997773206636907161737326532602 1.062654724151211272308546751386160167385241948068142 0.2498561374158054166673154777855714314682700205594301 0.3279117721758347507999935277478442685605841688811779 
9000 0.06647313564123679223552337499980602331106638303026557 0.07066898854220062769061847657292574353959935251623392 0.1062181216606182541903921449921721631426407839171588 0.9976331031837570047617405610829166562325553968548775 0.235285885525377733265605176282697641454433323815465 0.3093393967582885959594074520850881526712328195571899 
10000 0.06350009765577528711682619294576213064829062204807997 0.06827454137779481513131560332929836931725731119513512 0.100229675976828946933993962076225869850532035343349 0.986286933705335634725575033598943264223635196685791 0.220722313136877349007197376962174928394233575090766 0.2972000009621499930451225118810398839741537813097239 
11000 0.06194042858355794776455257796832221117711014812812209 0.06448104051983102827930649167398335919187957188114524 0.0959364038990477447984704835459712768397366744466126 0.931760324307175233295337524186408018067595548927784 0.2079369085064120707874056256936334818874456686899066 0.2854177921341850739111751372734104847950220573693514 
12000 0.05952937799562356225782774540866704171548917656764388 0.06145615340227943746394321904158442038124121609143913 0.09176002099482787588132035733190505766287969890981913 0.876612440707903312390146532973034254609956406056881 0.200247727335403598569176994437235350687842583283782 0.2713088554214255583498394824859545337858435232192278 
13000 0.05689459830673664891419367972691389923056703992187977 0.05912965597761628598218034726097247499865261488594115 0.0879685394922600517514702476995491764455437078140676 0.8505760872700120379529160896669992553142947144806385 0.192581790729118604071825465728906578988244291394949 0.2623320793519085009787034784567438805424899328500032 
14000 0.05502295363435263075214845356064596870737659628503025 0.05687296586388136897499256255938959725426684599369764 0.08401322096788816111754107443521100151428981916978955 0.8244787358272118314890530843541682770592160522937775 0.1873576209966812190673953256170314318751479731872678 0.2517758387058341547836640833546439921519777271896601 
15000 0.05303649627714393939605639662071556728051291429437697 0.0554514519560749752394811489669690374171295843552798 0.08131594462392124758788212665616690344450034899637103 0.8041914233793257049199079689039137974759796634316444 0.1801462611260011159613645889687738588236243231222034 0.2426738849266965866111880542610457212049368536099792 
16000 0.05149093782595037835670965901957440991054681944660842 0.05340906407674691574216413632314459647432158817537129 0.07912625608284934337628268447017987341496336739510298 0.7948462921914533233576534432263116514150169678032398 0.1745728416041542880156409861536204175536113325506449 0.2332492807523906255075035395818439099002716830000281 
17000 0.05003686304604927841422896787892948822218386339955032 0.0512858747430389905472617167320192876900364353787154 0.07574965393791465912191017417764982155858888290822506 0.7736757326795180168929784436659957691517774946987629 0.1707364666014622496417827562931179841143602970987558 0.2268185247558986956744296603627475406028679572045803 
18000 0.04883645807609719344697329045101863442823741934262216 0.04980479492124833757737685339950228780026009189896286 0.07299508257204317855182471724839743387747148517519236 0.7402895455332057759209422875823491949631716124713421 0.1667213253139263990726609901416033210352907190099359 0.2178686944252356753719008369829523985572450328618288 
19000 0.04763021904548295247785127080886180550578501424752176 0.04886614483330152367999629769990121985756559297442436 0.07126153638543555696399731808066135840817878488451242 0.716262440263698153006342167481435012632573489099741 0.1601967164043448277501021856372709351035155123099685 0.2122415339803119987472680707529804067235090769827366 
20000 0.04641369801687000382824110390755922850303250015713274 0.04792817029072437849169553703010393519434728659689426 0.07002479744799178081819234636951065908760938327759504 0.6972885125138127495355959417633329167074407450854778 0.1549777316490113101497263711769925009775761282071471 0.2065261451986099330147125460732659973928093677386642 
21000 0.04496830555534150565186440190457162202619656454771757 0.04685556304059779389792664804070820849801748408935964 0.06882047411038419897831531699128326806658151326701045 0.6760250567439576336193490790904547793616075068712234 0.1525763744065803849338409936553517809443292208015919 0.2009676541011910403067243155450505298631469486281276 
22000 0.04433910979903359443667358770480024787730144453234971 0.04588758005568167813124089496334967464008514070883393 0.06739495606761290284893823818168634431913233129307628 0.6564344722713860213266119647546048554431763477623463 0.1482235754250747259108374545566455537937144981697202 0.1957754742586959235451943978079114572210528422147036 
23000 0.04334329942844496500351457977939784171894643804989755 0.04511031702081261956461199179313492635401416919194162 0.06536013515344037576651741588973365537640347611159086 0.6491471393912954582477298215437144790485035628080368 0.1443368088035741821241854723756325995509541826322675 0.1905168253000368045754027088167781300853675929829478 
24000 0.042241220370326195759295550419265552477554592769593 0.04418109951044319409747080859562906596238462952896953 0.06360722136281833507756187581771989414392010075971484 0.6442799400466688723482407141762706714871455915272236 0.1435624766918966088084623489162794385265442542731762 0.1842636168011434677548119470680276776874961797147989 
25000 0.04162984966454965532519218000817584623973743873648345 0.04357466268479541487092699010574836648856944520957768 0.0630369723846171590051173753976865299364362726919353 0.6319305898622362137090520406434990263733197934925556 0.1400495552265620183014348948402627570430922787636518 0.1817170695442571745409007788474298195069422945380211 
26000 0.04013199417636578377621301913502627201069117290899158 0.04267025526897250343184007405350488539852449321188033 0.06137791732039919616380294759006019944536092225462198 0.6164847432591096315027817675868959668150637298822403 0.1380289873771373163697986224951463896104542072862387 0.178341174476488823036584956127637013878484140150249 
27000 0.03981159241499857476726019836488212888525595190003514 0.04163176220817797268321540024582638750416663242504001 0.06040755055657400668535752033538877014962054090574384 0.6118126431222094577483221200520091542784939520061016 0.1350742455872832986890196699247823630685161333531141 0.1728613072550442305278959806424943224101298255845904 
28000 0.03889935740040998875209350520154583108478618669323623 0.04127297792529380509614746544433394603856868343427777 0.05931936847451139899198356390808140048420682433061302 0.6098161981753191940172978413592375090956920757889748 0.1336689027792467600048564174697318662765610497444868 0.1704087283512100296279691280521007001880207099020481 
29000 0.03813874338253388999913696434662657708258848288096488 0.04075534063229073523959046509990145068513811565935612 0.05822994178772005591549778234783385499895302928052843 0.6028023050038094271855203254428801074027433060109615 0.1303144236900154041527066448025173883706884225830436 0.1688295960466414549983266493726752344173291930928826 
30000 0.03735278108305586729193754555455875276948063401505351 0.03958890592784881336458398942701464306992420461028814 0.0571636942651511494658134876489796738496806938201189 0.5932750649053693297240927306823721210093935951590538 0.1279366270185760407743138372671509728206729050725698 0.166509196635191979344952327435347427808665088377893 
31000 0.037081911533192676303698296497168840346603246871382 0.03916332083356160348688759613444698715056802029721439 0.05618875327585462064062388209961795837443787604570389 0.5786879734014096453558612109802083978138398379087448 0.1257712087592594758946431057755610538606561021879315 0.1644653578455185944653341861831918890857195947319269 
32000 0.03676650351038490988973112504056839355826014070771635 0.03834198879054791465138861752959265061235782923176885 0.05575930118665152472763862218085861854888207744807005 0.57579128552581635699459186583659686675673583522439 0.124167085893917275877737504963249648426426574587822 0.1636463512746488698737946237971030427615914959460497 
33000 0.03644953823008306449706393027876405454890118562616408 0.03835110362317787582631415863043677916266460670158267 0.05520912847037645654571405388899574262495661969296634 0.5646704049150967589121991041523074272845406085252762 0.1224230863624790681637270750581336642426322214305401 0.1604354537905253950800686310595999373163067502900958 
34000 0.03589423703322626765772158582978867968904523877426982 0.03778315889235932287538717415376066099952367949299514 0.05460008452668573102073163588743298646477342117577791 0.5582143210124139888613989390897529574431246146559715 0.1201429367596366980532030487027750353945521055720747 0.1583892160387483935497831069594276698353496612980962 
35000 0.03546444756896529330297677430616776206306894891895354 0.03756395984839003446712564666942757440892819431610405 0.05365519486769879932443996946311859375100539182312787 0.548307960425728500137264320724028721087961457669735 0.1176064610915680912398939388097129921106898109428585 0.1554882740545937260196254769972767917352030053734779 
36000 0.03478828981050085667993876023529331575900869211181998 0.03692149539448866307273693435075934132783004315569997 0.05306677580330070162826063343008975436987384455278516 0.5444761650596208612672317894709550500920158810913563 0.1157958643124070317935404503262297737364860950037837 0.1541149574584945493316030101782487804484844673424959 
37000 0.03443959458925638229782406965484575778191356221213937 0.03636218373889311261462089185092505516649907804094255 0.05238471704729459019504386740884172013466013595461845 0.5336966197632594818508512679589017579928622581064701 0.1134539148073556746502228362305508824192656902596354 0.153181201846783614055336197878887105616740882396698 
38000 0.03397967013386206112774919931018846597226001904346049 0.03610866193590428854616664923471436310364879318512976 0.0514927759114010780023000697636081923747042310424149 0.5232949023818362155671679580848376645008102059364319 0.1114794134647189969392912754775348815883262432180345 0.1513431751654204645093524869703394131192908389493823 
39000 0.0334478049868743374814863706517842345533608749974519 0.03608011918398944651878933707889185455996994278393686 0.05055393976007476885826648696498075707950192736461759 0.5126277366607763584624608832474024211478536017239094 0.1097785953033171963726046145570780510070107993669808 0.1498964402757684254570121409888550090272474335506558 
40000 0.03293704486852223518403314818370208882924998761154711 0.03526679174931597450059865550553439561554114334285259 0.05049129026325351621984219643857194625979900592938066 0.5036115896584021001569815567666665856449981220066547 0.1094327906926816934104931648696901191897268290631473 0.1479330346592217896190555107005515367291081929579377 
41000 0.0327021064458470181873512693665473349824424076359719 0.03484597923916882546984557546265737215662738890387118 0.04992814050328813765423766925233284297291902475990355 0.4942508195082264328982981499427395988277567084878683 0.1077915449510822131149443726949588295838111662305892 0.1455813807246421726592205264649848572844348382204771 
42000 0.03234771962713214480677494620797229885056367493234575 0.03410124387518643566784152035276100889404915506020188 0.0490157668868998274689958039723736149539945472497493 0.4884685786875683880003170406203238940179289784282446 0.1062914305096955582043160605520970563020455301739275 0.1439017571514367870754358066931466453297616681084037 
43000 0.03194189497690789436128979902895785869532119249925017 0.03369441723552155727562456254131628696768530062399805 0.04852923529901456652552215256801737552905251504853368 0.4853252220858385538454493612903206667397171258926392 0.1049906306757584019710358158583574095246149227023125 0.14260878057732715789250859533821014224486134480685 
44000 0.03182834835964117229756102644966375692092697136104107 0.03324363292058014242714818198276560679005342535674572 0.04779580564210287944962611203503222156996343983337283 0.480420221887400350594147721561277819546376122161746 0.1034695382908228943841743262266330560805727145634592 0.1402654819668752113662711644703762203789665363729 
45000 0.03158003899171138999002516126179962441256066085770726 0.03307238923623084296895971792573654113311931723728776 0.04745388116867754051163893341813704296328069176524878 0.4810255576376284931473022860037858094983675982803106 0.1024104838571988519618023889823366090467970934696496 0.1389173547112790878732199728595730903180083259940147 
46000 0.03108752228632591347577435614973895283696947444695979 0.03273193365520448544335073079447617772075318498536944 0.04709152609480325799712341350300448539201170206069946 0.4786698814422425971926763205166466264017799403518438 0.1013926217032165346475344920584849006672811810858548 0.1375228315600221725442751236068161801995302084833384 
47000 0.03077058939636982191015858022903328716779469687025994 0.03225322695190580127004727727102473266995730227790773 0.04634211537342881403352926224237240404590920661576092 0.4772349527769536440321290760024908195191528648138046 0.09996265390198404326337284012127248900014819810166955 0.1356634584218257825229949839473952977186854695901275 
48000 0.03044913026192326687077997944552709697063619387336075 0.03218864063335901220421603717569691838207290857098997 0.04621304282138690505555146496863283545053491252474487 0.4700619134429298962116368365560248321344261057674885 0.09888923128321587437534979578290794677286612568423152 0.1352477224660420303411177689323352524297661148011684 
49000 0.03029361419727773142528928947136979132892520283348858 0.03176196767785711266772973558614179268033694825135171 0.04600112650900643962914235429728648796299239620566368 0.4668619450023821556693560258510800053954881150275469 0.09826921219411134040861051375248536032813717611134052 0.1344028467869723585185722306012401361385855125263333 
50000 0.03018778519760438966346627245179723431078855355735868 0.0314131311884672959151214126360951439664859208278358 0.0452384668230423003337748941166118754608760355040431 0.4598848173948012649182512379120169043744681403040886 0.09711220496879326606007873726178480922044400358572602 0.1325253779991622934481465198586214171427855035290122 
