1000 0.1195382179015272651166905577835297691535743069835007 0.1274228684952231673970521677596856591208052122965455 0.1794640943812764941869743878788412416724895592778921 2.775407445465918244813241511081969292717985808849335 0.5926863263402858258087867182606345295425853691995144 0.3982527166974283322237616183913999634569336194545031 
2000 0.08536430024414567721899446336997208106822654372081161 0.09260443354329091030890637806227694284189055906608701 0.1323966412928081406584664148073926526194554753601551 2.032244973763878255913067905069624430325347930192947 0.4237076892888112221739662505148871218807471450418234 0.2971882054950837229265886429985243921692017465829849 
3000 0.06993281734530491465642648360456767875348305096849799 0.073721599784925682382697234573676325908309081569314 0.1094217159231673015777207454146680021267457050271332 1.904855742544077913257390133328073034135741181671619 0.3479192562211646645806834010627994757669512182474136 0.2476360869005531720323876401779195077779149869456887 
4000 0.06100768539200037654683986786119387346616349532268941 0.06501064613017937489960465166638492462425347184762359 0.09569743561347086567851934202355579373033833689987659 1.639100025371302819408511619592161423497600480914116 0.2927212676344487099564916493532606978078547399491072 0.2178089641063306677062861790861170163680071709677577 
5000 0.05509606360619793103625954286406418702881637727841735 0.05869495387130595578407954437949456405476666986942291 0.08386572994010459161743362491159281546515558147802949 1.449314450559298786532988478903405393793946132063866 0.2533289340327941891036975241568995897978311404585838 0.1888453743013905087254865333701303597990772686898708 
6000 0.05045263870872389320093110223752752574455371359363198 0.0542278396763927668636944608854255633900720567908138 0.07522570186549440155918642980648058937731548212468624 1.29767307050890132982985669674036444121156819164753 0.2309285920529217927816938160656690115501987747848034 0.1764572159677683453301091920373266930255340412259102 
7000 0.04646427943792167361799811016453976009188409079797566 0.04986271783226450206693148962944217572612615185789764 0.0697834406984604691765524016322519429422754910774529 1.193619979594863595340377415698895902096410281956196 0.2076367037594161622977590592187269180612929631024599 0.1612651409702845035573377102666725591006979811936617 
8000 0.04300859893930480513195009455162942657580060767941177 0.04606052400929653186772419135031064740815054392442107 0.06476116044766374498235957102298954168873024173080921 1.115998389321935567865089200534356450589257292449474 0.1948984498749848341426224931915989202479977393522859 0.151718326255285980877864950022715362365488545037806 
9000 0.04056067483688473759072886000442981213609527912922204 0.04365086833589498119218919383599519790095655480399728 0.06125031495773440984024707338384541088771584327332675 1.035873291055188278068574514456656743277562782168388 0.1855833868788009515139866487110076320732332533225417 0.1432228223827041539820180762743184743612800957635045 
10000 0.03853678476683631437486724814756033907769960933364928 0.04157386909863884690759260921721907067194479168392718 0.0581719302053276541203180247108228684282948961481452 1.000145109034572711592149529824524734067381359636784 0.1732945379804218553399571683959479173608997371047735 0.1359442485188546180914720765131598056996153900399804 
11000 0.0364755200667886953439639479562783819233118265401572 0.0399286817420681099730496530636481011811156349722296 0.05595178037305208951226955134405915970319256302900612 0.962320739960458684022354125531251156644430011510849 0.1660439657378192319697653850374408079915156122297049 0.1282061339530166714463163546433577266725478693842888 
12000 0.035299050159749730985948206266056281776855030329898 0.03852448431320851436767240330572015238885796861723065 0.0533583439805547630334391692036311027891315461602062 0.9121353707628064680129793828644579889441956765949726 0.1582609476655412799678745647269373364451894303783774 0.122286220016810588022762584792246798315318301320076 
13000 0.03389687837213613700649596227609805509928264655172825 0.03710092766122799702433843020699111292515226523391902 0.05210773405152982745008882758952495350968092679977417 0.8733887914757470426695661058769104556631646119058132 0.153592780522749001163211948761677660968416603282094 0.1165832443718613164624904425525908635563610005192459 
14000 0.03244353322820837484436080899730114879275788553059101 0.03530829337766225892934453603477784611186507390812039 0.04952534406767009908463582704141181523027626099064946 0.8487118279328657834614454968935604028956731781363487 0.148075921794687808056407117562880415562176494859159 0.1130081146267955205341046096001456078283808892592788 
15000 0.03150849831774750975187495208307275618153653340414166 0.03457386274129485473932568533050879722168247099034488 0.04814866904207405183546437249519911460993171203881502 0.8162784058176444782536224087365894774848129600286484 0.1422580757570477276202809691074691045287181623280048 0.1094970098278564452103827145390546604630799265578389 
16000 0.03052492606103069289076839664537343921324463735800236 0.03351059427287643626352598227868817559738090494647622 0.04703045851893101075654368865841536972993708332069218 0.7924766055375415039455262722345452175432001240551472 0.1381778643992845225082696791751857290364569053053856 0.10678011715968917948502798706544858475808723596856 
17000 0.02945716507986395790178390467067837121817319712135941 0.03227560586991614212886260795731807604624918894842267 0.04524481070410159708875311689035836337779983296059072 0.757888817079168178151866303027262006253295112401247 0.1332722146051720790580407891012804100228095194324851 0.1038548789252752334183742440043562993423620355315506 
18000 0.02889584282711171553789848438081877546323994465637952 0.03160550162994468625509304066101279317990702111274004 0.04399129200356085798442277307040981781938171479851007 0.7320586318886300316124450537902390578892664052546024 0.1291337955840058897673608417910884327284293249249458 0.09981789955210027495306280079234717561575962463393807 
19000 0.02793022218631622054575735277642811738019190670456737 0.0304128000632226809503102409396047001166607515187934 0.04237008862848475510511276655167822724479265161789954 0.7096966741869124838679519506889903368573868647217751 0.1251245502975845877549664411643171035848354222252965 0.09782568614937573519895830723158702824093779781833291 
20000 0.02718396880363955050972121600671993491005196119658649 0.02982001044308931976656415648030407083979298477061093 0.04149626316701088286068759350411205844011419685557485 0.6846480057408295040607092152296075937556452117860317 0.1215468461653653672600427365635411547373223584145308 0.09509260861877465174013058027413514139425387838855386 
21000 0.02647972299775886442923535611659868749256929731927812 0.02917350772904922694492161130974672289539739722386003 0.04080207502109977484738454964197096330735803348943591 0.6734690016303502301301363297536539676002576015889645 0.1180490907137758600954765761392728506962157553061843 0.09340409652851765269038165559467579157626460073515773 
22000 0.02589876959720499793670507246434731030149123398587108 0.02849399947329980006811942384176150611097000364679843 0.03985405891896057837867051697189335612847571610473096 0.6575197117892362238199786828030113383647403679788113 0.11524795297671923393630728435499399608943349448964 0.09228357786636837237101383887849515019752288935706019 
23000 0.02519180253947949374784820442130239825928583741188049 0.02786762005780440746564483815023161028534559591207653 0.03912559867381778623007001875755417330537966336123645 0.6563146595398302983611314720402418743105954490602016 0.1118774639556281755276402958831916123472183244302869 0.08974996807618001878431536130764634151546488283202052 
24000 0.02449774390551177048486880538646914828859735280275345 0.02742245675961535679289004900638371253762670676223934 0.0385988436015447858838407074744125679899298120290041 0.6409568160847991887983307601750482263014419004321098 0.1097203802822775504653457674664185361734780599363148 0.08869280780087615955061507155843258942695683799684048 
25000 0.02386032634820728683336800261816090795718992012552917 0.02686511465595815360779357022086299977559065155219287 0.03779557301158300989643080460000934550635065534152091 0.6297528851187421462028831475876700096705462783575058 0.1078737932155155589228779505761579571299080271273851 0.08776274842428926765790361472219238692105136578902602 
26000 0.02335369779598289332801948608303588272860906727146357 0.0260865910200195010196997638315941081543769541895017 0.03685955384632215331113642108051831058901370852254331 0.615948864313276155623127355864809828744910191744566 0.1058229071519996506632555963167696688742580590769649 0.08585651890486796330894791323684600570231850724667311 
27000 0.02305610686426886859202154723968991589799770736135542 0.02573999101397138957546110483998180740172756486572325 0.03619401879287917680259986825952456257482481305487454 0.6047940306800250404918074809135219993549981154501438 0.1036685174615703802233164163015821657154447166249156 0.08332414044473568281372159727293791320335003547370434 
28000 0.02288606806008554491583097470486229951802670257166028 0.02537353168380137969322015920048407622289232676848769 0.03495748847137695905661265195762954505198649712838233 0.5914289194821736111388338352767846117785666137933731 0.1015068486034383144655428646285777460889221401885152 0.08162511768737164392863072531758561467540857847779989 
29000 0.02265653155274564761833373197769114781863208918366581 0.02488052877988882542647695005066932338877450092695653 0.03413337423322330827749233883583457327404175885021687 0.5869096705842604891215433249307409369066590443253517 0.09881093036806716573179371759794165086532302666455507 0.08058509996740461867400931797456031802084908122196794 
30000 0.02245793997435991104424110945125825367085781181231141 0.02444283972118031079556884580666897832657014077994972 0.03319375761321178255116312941219725018981989705935121 0.5687361170517600426010072778293391593251726590096951 0.09824841634241336291074589079364010046901967143639922 0.07949756810200556752800090179467140671931701945140958 
31000 0.02191935523000631549987412063917879834207269595935941 0.02399798824805628949103340503273829042996112548280507 0.03247834270415744049712893082304532299531274475157261 0.5558306107262329366592787383005713763850508257746696 0.09713610711190145167667504139119571959781751502305269 0.07790992847598854284800907327168673077721905428916216 
32000 0.02157006714149040922472427145306639317823282908648252 0.02354388841224045530875898062095341600752362865023315 0.03206893546453250242532603993261819397275758092291653 0.5481440238678686713877201419631290946199442259967327 0.09552353328698989627328942708661685401239083148539066 0.07672195372007217525434173005516313992302457336336374 
33000 0.02110445705514483511581482443053570108304484165273607 0.02302581678418752713021443439406210629272209189366549 0.03149482116857185869094096740405941403651013388298452 0.5413888552880976120129825901461373405254562385380268 0.09314433745947383156983103921766620203470665728673339 0.07504701904469450156613848090803031709583592601120472 
34000 0.02089590571611171180427257709766308835241943597793579 0.02270341945734653045980728103964141340043170202989131 0.03115350062630281193548002598159296638868909212760627 0.5294682840785874342742767240110879356507211923599243 0.09227814018648712706538580693993445436262845760211349 0.07398771393296004538300304764764092624318436719477177 
35000 0.02072139725659050278315791333849649191733988118357956 0.02249494973249192856032266721322265823346242541447282 0.03067214982970851689244803656847482287162165448535234 0.5179039495887747032568972083144132056986563839018345 0.09143243413990588811435158284046664789457281585782766 0.07317400645795145935581420618132320043969230027869344 
36000 0.02042784029919722785497630639095500981738950940780342 0.02227448335136699505100638975252369533563978620804846 0.03038481981307116468063803105259523817949229851365089 0.5107416667336155760852263452154176093245041556656361 0.08943621872666805343408003708960407607264642138034105 0.07195455680243031361604296586298445959073433186858892 
37000 0.0200137341046492048381660140352056309609452000586316 0.02177584044287753139118688373160326321453794662375003 0.0299868007972380610193875510524619265595447359373793 0.5047465105433185001706196393111980569301522336900234 0.0887712870434929847456495197177694933543534716591239 0.07099494334413238790139214287600033514991082483902574 
38000 0.01980173283232572821472964891970081069416664831805974 0.02162788980791843791046948856232612357075595355127007 0.02955768319663151592733727965334189491386496229097247 0.5017119164873278885593589626612498477697954513132572 0.08779223288269122167843706849854612528361030854284763 0.0699543737530863437041749215705710440715847653336823 
39000 0.01955476953071966198507362477004845047190428886096925 0.02135904848523571740608376599845907861663363291881979 0.02922456591477023809730589193334182596117898356169462 0.4960632353703542266412391398278103338270739186555147 0.08652496180068203480544855241141100066215585684403777 0.06906435291707689038282749413588668119245994603261352 
40000 0.01933502830371842062447422429943832966614536417182535 0.02096620350354182562863797345542593575373757630586624 0.02893308275813909104183627336859263579071921412833035 0.4889556866606323503026548804584194840572308748960495 0.08526536656786382910089066786141209774996241321787238 0.06865761481630334618219031750374625744370860047638416 
41000 0.01908982529923817766548020061906365540949082060251385 0.02068979699974057493211594162263455842776238569058478 0.02843609654385396852993334211590070736974666942842305 0.4813121468038820894490368434981419909490796271711588 0.08391069794609263608298026226872678989820997230708599 0.06761785071272910794458422742425618423567357240244746 
42000 0.01888422146597756157031299060339302187117027642671019 0.02048489371735808177575242309403913409937558753881603 0.02819407175145912589821358372466075792317496961914003 0.4774343961459094063987280975869254007193376310169697 0.08288392895253711672564483903258292230020742863416672 0.06712942175579357449282649414334933624104451155290008 
43000 0.01865267645988953924521714256706816925657221872825176 0.02023931794645814775275018907590984795774602389428765 0.02780421124517617496719307755570493867480763583444059 0.4712273587846680251967589059258756378767429850995541 0.08254811277028056912540314102311178601212304783985019 0.06632826329386316704543385611159145298643124988302588 
44000 0.01818887745085893865328290769367569623682356905192137 0.01984548742982016717676524431013262983469758182764053 0.02740562349479859122619313915175665030687923717778176 0.463217687307923788091407538147770139858039328828454 0.08203566802895362359432113869006641948544711340218782 0.06556052191320131641887524950873533668982418021187186 
45000 0.01804541221396330105981712678409056849204716854728758 0.01975786839968512917659201281322944865337376540992409 0.02694330621257538457496787630274237557159722200594842 0.4553772490146520781392324578318309136193420272320509 0.08107669811522902371934452825374961548732244409620762 0.06489124337939818123593147328187491496009897673502564 
46000 0.01791968749175644903492391098176472752356858109124005 0.01958153936924021365666224829549246777560256305150688 0.02675616106557042437530315615729081812901313242036849 0.4539655284634712808578601433984189839065948035567999 0.07992057692394693848376898553942382363857177551835775 0.06440089616973883267881740080640362577923951903358102 
47000 0.01779535589935522049813431972459243368689385533798486 0.01936329013660998729985695306771154022840164543595165 0.02648735504398449756033404739463676946797932032495737 0.4478279236406957130385737830824410821151104755699635 0.07902024878219253140580356428723796113899879856035113 0.06369820060265923507731048933133699563313712133094668 
48000 0.01764228365347560426931044792048242086934806138742715 0.01916220531187123919339030872488471857195690972730517 0.02621799750030853617285245445167607414305166457779706 0.4455716228445719204328493573408209726949280593544245 0.07802036537911879555078466588757812871790520148351789 0.06283111099475388524075378238187283841398311778903008 
49000 0.01739269549596733421179233902015281998387763451319188 0.01891302469241468945690507353490916742089211766142398 0.02599519135497943836097015871816617860190490318927914 0.4411826319119048130394569046108799170724523719400167 0.07711553248280169483777754177444840877342357998713851 0.06208249638271403176507500648595438974552962463349104 
50000 0.01730136161691400355475990973513900073044169403146952 0.01878463923615389381235928414892732973839883925393224 0.02568325858924978716968249084495745648837328189983964 0.4368672416828597944893526616727541522777755744755268 0.07550790569794570495292885051186182465698948362842202 0.06144748322014584110203221957446917400602615089155734 
