1000 0.1323521638121211589021438206903447110107663320377469 0.1357168882084811978029322346306351221301156328991055 0.2413033936288016786567795987639151178427709965035319 3.008523294417040278014852106025500688701868057250977 0.7177797771144491652218697086418330854939995333552361 0.8134366646206964700542216273326801001530839130282402 
2000 0.09244953175563940614981517027159974020378285786136985 0.09794029914466883378766203643861487648791808169335127 0.1723697035652118128828264032037509423389565199613571 2.051885943458815731842842522425485185522120445966721 0.4797494764961142955884618177542222383635817095637321 0.5785875833292759035531710454236531404603738337755203 
3000 0.07550102226180882647406161431447024767749098828062415 0.07990413254168071872669126820554197365709114819765091 0.1360098716426419828274922696476068040283280424773693 1.728827515428219984533995956521579273612587712705135 0.3904627432394306486319879301305491026141680777072906 0.4740123652844036497414938191585775939529412426054478 
4000 0.06678256787831688600704698258181402081845590146258473 0.06857167045303235267274645850510417233181215124204755 0.1224091381025710356260415359597182316520047606900334 1.454707827330789935132288048791338042065035551786423 0.3295068245968779604168717028978008443118596915155649 0.4218844761947770650707765366371759796493279282003641 
5000 0.05916334853439633458097078946846814062610064866021276 0.06184625685589154329345430369246905399904790101572871 0.1110701577859853873427010105545686968753216206096113 1.325977106073288424355899328688224159122910350561142 0.2945429553958093703215810610362979105047998018562794 0.3784834813592147380832946684803275161357305478304625 
6000 0.05447976155514280467999279483626295927933824714273214 0.05754861794786695596210564923600472297948726918548346 0.1020770361834658865543708737566586108869159943424165 1.259537670432817102082398430518139775813324376940727 0.2721385898228827403494498732294815113164077047258615 0.3418163848870795749630008275588011201762128621339798 
7000 0.05010370310003376370284219713802098539190410519950092 0.05304374894263134136812814882488975598562319646589458 0.09430692046634044712797402196247098515868856338784099 1.138208652818683102518441951911398746233317069709301 0.252124069195413411006555931548334115177567582577467 0.3206754327186330214179144082464745224569924175739288 
8000 0.04640814530204361679051263019080142413486100849695504 0.05018475994603707922905042396188868281114991987124085 0.08971732265376350040435825261564417587578645907342434 1.060781755331752808412318356268144725618185475468636 0.2310964424780814420359430910734133135520096402615309 0.3014083714156046542493889300873277647951908875256777 
9000 0.04406743729846357566145849220251573541418110835365951 0.04783278687793960133606144605189491869623452657833695 0.08364512166357264507288073879243128772031923290342093 0.9908614611093386702854457492861683931550942361354828 0.2164841242554401871625189765491192872559622628614306 0.2826145970535976462048154828066159893751319032162428 
10000 0.04216120048163542898987318774395305354119045659899712 0.04596660626797839989014305209225064174916042247787118 0.07933377444042551893528493131557688400334882317110896 0.9783830908059403535397859086319982679924578405916691 0.2031210136337039703604201087983049944796221097931266 0.2732949602738601790538879726666365854725881945341825 
11000 0.04057315774346317513522120791480407575591016211546957 0.04392063015811711791335750394715820021929175709374249 0.07596880390974052061080256173508651329484564485028386 0.9236824368856046045626190243993391959520522505044937 0.1914668885796583145368502179572978150190465385094285 0.2626820614548716275671660924651007462671259418129921 
12000 0.0392483066794701477958114219785068499390945362392813 0.04223067428571922265229002073361197489020923967473209 0.07296795916936726823125766022704041802171559538692236 0.870840057541684226948171254623076720235985703766346 0.1858695656566127836647160653793520168619579635560513 0.2505290726464137877644178936664687284974206704646349 
13000 0.03760534452245656177572720631208103014841981348581612 0.04057632328977454605728036191036878221893857698887587 0.0707603566012387605427508101285649644296427140943706 0.8467389347215931075349600043455922104840283282101154 0.1794804633067438886953690740932998437529022339731455 0.24325062258042569486972753201037278358853654935956 
14000 0.03623462915602491173034998758750724334731785347685218 0.03869271880692522259619753853543411281634689657948911 0.06708953264946258052538272803611008043844776693731546 0.8183408278827449763869784915559790761108160950243473 0.1751096583745038085628761836964883968903450295329094 0.2330501338713545780108229305005451692522910889238119 
15000 0.03506083497008235256233604250353241837956375093199313 0.03747618526687964114833253800873613670319173252210021 0.06452872021081254105232287085480713528795604361221194 0.7991961094446890016785786658992662978562293574213982 0.1682580236804642216381748542897156539766001515090466 0.2243961221496915997602105904973335270824463805183768 
16000 0.03435238867641292807408436721372524402795534115284681 0.0363144764274880904414649716166474391343399474862963 0.06255540728415875504524797795502522035349102225154638 0.7893351661102470725604914048023630357420188374817371 0.1639227786321051481838043453742592703292757505550981 0.2156110558117859960495414986536566459562891395762563 
17000 0.0332038587247368252246108605990615458836145990062505 0.03484275181423816490419308362913586307740843039937317 0.06008010979780114263398079106626159529014330473728478 0.7689504909044492609931573112724834118125727400183678 0.1599454631928593134263102623626728870931401615962386 0.2097021409526788015116821953243153586754488060250878 
18000 0.03249685915396839817071155016858785558042654884047806 0.03353354174316608480891309905513875122551326057873666 0.05820856651755441379822659034304344061183655867353082 0.7368782542345037843965240009769246398718678392469883 0.1565549925443459638085743484969825090047379489988089 0.2014962561574039853366574134851951782820833614096045 
19000 0.03167451720537688771868857842695099691354698734357953 0.03282503800969970740646032211773608366911503253504634 0.05677059258815558647382100432299267822600086219608784 0.7113880497682305065112323694265228368749376386404037 0.1509013934121551504623486711365032419962517451494932 0.1962941061046210495963327755108984717935527442023158 
20000 0.03088275875036706325898723871081763547863374697044492 0.03241840738014979003702950056953202562226579175330698 0.05532233899598409203719967877632690544942306587472558 0.693268880811459242783506562446405041555408388376236 0.1463615387569506654750215238203203682587627554312348 0.1904448081911863094989843803173101832726388238370419 
21000 0.03031270303812763355131405188652715665398318378720433 0.03140602724849963007892959636346841278964348020963371 0.05415512042247885446673402905226613057720896904356778 0.6722290491792220759798871798640362840160378254950047 0.1441886614324012428673847316384915018261381192132831 0.1848564493882587223124933095697031149029498919844627 
22000 0.02928856141685243704044080623183354816774226492270827 0.03065666894037536462341419357668925727011810522526503 0.05317651127058086676054125645218828566385127487592399 0.65210799279101546013564724701971897502517094835639 0.1405703616472576790100016200235621965930477017536759 0.1803653735603251097763428945075503406769712455570698 
23000 0.02877824397263608304397186545692255421613481303211302 0.03003246817779800361917369195402516268700310320127755 0.05179646340337205923334720596151736771162177319638431 0.6452362034984673520550749192814521393302129581570625 0.1370219594715676106338889464475450097324937814846635 0.1760886421056357925264907252071999721465545007959008 
24000 0.02795758115983666788312398017446458453605373506434262 0.02925542355018144324168855724410676089064509142190218 0.05065578143059303738401683188385948852783258189447224 0.6412933476628416126687909359915806817298289388418198 0.136223408388102029136401856235227825209221919067204 0.1707215080203615753876023042323595291236415505409241 
25000 0.02737117976398104071691593820736532194359824643470347 0.02877314114632886954983593749690662377815897343680263 0.04996090523437543523776983508954963042469898937270045 0.6297406092622133887094434956388511182012734934687614 0.132788268629910915222995873574696190644317539408803 0.1680873260723165775964126067432147237923345528542995 
26000 0.02689085004123338608801867689185316478983622801024467 0.02809411432895907561898380614545667199877243547234684 0.04880399919664776788101297547162182866031798766925931 0.6138481427570156670502944662448641111041069962084293 0.1306579509993717753805770459551993667446367908269167 0.1651045029303178883207632934859709905595082091167569 
27000 0.02642222128575499121197315850056996922035068564582616 0.02715146579290924524065047040988218896018224768340588 0.04762043922430613574105088062204949039823986822739244 0.609104363399261613132990023089519127097446471452713 0.1274213089785260855991196743408622182869294192641973 0.1596928836765490030211037467133827760790154570713639 
28000 0.0260728534284332851404830146135882529279115260578692 0.02662276085487201742492532809819527628292235021945089 0.04707213384363076788931626315282130690320627763867378 0.6077891937169581430778705910533687983843265101313591 0.1260343705074028094033572813814636504048394272103906 0.157894083283691848861767306755332640477718086913228 
29000 0.02568699846515918004742390530481532806561517645604908 0.02631435623614348878053601377829950891396038059610873 0.04626890497402167047957355187903782933744878391735256 0.6008708731399166650625348617964505137933883816003799 0.1230236629491642088088387829714065446751192212104797 0.156627964235777680652148859119510149184861802496016 
30000 0.02518760630183693394576916347454842437514344055671245 0.0255275364673385782577068759541250031475101422984153 0.04508746397709378302050839751324851079061772907152772 0.5915309557789412086789039568746062514037475921213627 0.1205388643885768028217431689641525593970072804950178 0.1540367169966592342001147561414420295022864593192935 
31000 0.02487075022208289597044808105080759830229908402543515 0.02536196060483851209709134106456973611898320086766034 0.04413013386559994372245700061663242763643211219459772 0.5778708481565696142051753725343843370865215547382832 0.1184024829123699448630668666637699715238341013900936 0.1519972153853858208425635714644563734054827364161611 
32000 0.02478422954263095178793622260643436661098348849918693 0.02490450542679298967295258276227754024034766189288348 0.04366987739578845007312616136041505399134621256962419 0.5746837506153929549376421781481383277423446998000145 0.1170324828150726034466447278425960121239768341183662 0.1512062711387290302200193947701478691669763065874577 
33000 0.0245658978716567499946457891341067281132382049690932 0.02460255364532526923895014263343750116064256872050464 0.04306319375441522211299849760834934642161897500045598 0.5636153154335925981018376451636697765934513881802559 0.1153146133609453267005991519700280889537680195644498 0.1478775007907049959262430968709445266995317069813609 
34000 0.02433889756935398465293742507886687320706187165342271 0.02423937786078004332667628142883309294575155945494771 0.04284088392523737199435581932127625748307764297351241 0.5573562444533448728386029746850738320063101127743721 0.1131344815920007150405524921910060953678112127818167 0.1463178276569604437226581467035302352996950503438711 
35000 0.02411047860782884949139401493944934173896399443037808 0.02377928664725614620566174206572895855060778558254242 0.04210399216041974373902416310666563248332749935798347 0.5468027189503776577458871166470544267212972044944763 0.1109209116835743854018788562276753850710520055145025 0.1438746068030328715257361305024375042194151319563389 
36000 0.0236915803799283227721548259273043335326747182989493 0.02347578147029377153168303721253451499251241330057383 0.04159529351649867415290041591791059261140617309138179 0.5435621761543785352170307656471948121179593726992607 0.1090405378098987552120237645714162511012546019628644 0.1424887981770246070021244955139394505749805830419064 
37000 0.02330186169069214448623206074884262051227779011242092 0.02325065561727280701191981036879408151207826449535787 0.04120619588006406747875999541097513656495721079409122 0.5329064874668393403498063698453535153021221049129963 0.106750398756431952697679155228627223550574854016304 0.1419342910019664974783726654750104501090390840545297 
38000 0.02297636435101401185872749960426020265913393814116716 0.02301750963461089587054609045119191179651352285873145 0.04055063017091264955651724530283352976312016835436225 0.5222420975737467829466166568952445459217415191233158 0.1048278404656044627459303593408623811455981922335923 0.1402201076737938852280604060118740505913592642173171 
39000 0.0226220924920666032299028293944820333649659005459398 0.02279981912633861298688700731951417566278905724175274 0.03978698466406076508051570597701562803649721900001168 0.5112925201253945913133780454273846771684475243091583 0.1032480379861331983064537745620192765727551886811852 0.1389668397086842794088939329055776283894374500960112 
40000 0.02240010937351497640098992123608434567927361058536917 0.02253080265483695059787439766291194942482434271369129 0.03954045226609937636335517265051553437160691828466952 0.5019807729609396901803396173757931819636723957955837 0.1028311962030282975474079591726717097799337352626026 0.1369798546276210576361437656900399417736480245366693 
41000 0.02222509233913003477888989650040896250970945402514189 0.0223715760326140766498014076507638847601810994092375 0.03895369247744452254080785476297865699280009721405804 0.4935657988685931398464227376488011600486061070114374 0.101051446726499405573504886818314574270516459364444 0.1346513887438063217943679666932510485821694601327181 
42000 0.02203854253910001010464481466244457408265589037910104 0.0219703156763608877132172049473357589022270985879004 0.03826350115901010453381739760680968487349673523567617 0.4873750343282121053089302881167199643641652073711157 0.09970400796337464398603686599464879236620618030428886 0.1328851308876264231421861911064397077097964938730001 
43000 0.02184926780156332510950773981295292003323993412777781 0.02160899922399850691386664815890616964111359266098589 0.0380472311723843876995717391137352691998785303439945 0.4846523524484032770167241804815105865600344259291887 0.09862986970702820966401709601445446651268866844475269 0.1318440990115929055496177615958153239716921234503388 
44000 0.02157928998052933207683109616964456378696013416629285 0.02121857140995131043196089172531149102951530949212611 0.03748081110761572896298947366044984619293245486915112 0.4800673772212847875782287809798276612127665430307388 0.097246905576531528635100647128819417730483110062778 0.129758390097579560178392248104284334431213210336864 
45000 0.02141772499498928986889467306758971787417067389469594 0.02098935931125357182907913925623555329025293758604676 0.03712724618416020333134153381948738825713007827289402 0.4807514379342975090409276206493416339071700349450111 0.09621916899255730976531523698791481535863567842170596 0.1284084285593795216745549581105478864628821611404419 
46000 0.02118787480077658860427142727134164346125544398091733 0.02063543816508256357542395835469317688648516195826232 0.0368200472266001433984696205453657213979568041395396 0.4785257971992443229685820077490276958087633829563856 0.09509835582439257983090137235637762103124259738251567 0.1269343818905674386868578928933004590362543240189552 
47000 0.02082084126088018264490793907822707708987763908226043 0.02027407017091826101473758716536854862511063402052969 0.03608401048730524008931815245493357480199847486801445 0.4770140306342972708845018986467678701046679634600878 0.09363462389246305974939248162325355906432378105819225 0.1251647631399226041508171078375788454195571830496192 
48000 0.02069034914952509304812916859916960277132602641358972 0.02015054279327823214429827453075816379168827552348375 0.03606763136725884629724754766588734611332256463356316 0.4702902231900886559584715890247608172103355173021555 0.09250600250099891890069028418941421421095583355054259 0.1247998263519713650938360548214856038384823477827013 
49000 0.02049395358111944497544218250772996015030003036372364 0.01991862706649514298416683150128037027570826467126608 0.03584694196895845020336924743875606225174124119803309 0.4671402404130652862837211336533016492467140778899193 0.09166772511353435892793002984224592921691510127857327 0.1239175759066720053930689242338569755474964040331542 
50000 0.02019983146231307325701401656631306380518253718037158 0.01980717009280394992688551121517992470444369246251881 0.0353767840510092791299128975324173040917230537161231 0.4604974600374068563447219754047878836900054011493921 0.09083403073375298979679577301982185133510938612744212 0.1223792888687966889046140721297728504168844665400684 
