1000 0.1675669665914704012203706451344942252035252749919891 0.1856782906044478738616853794041183789431670447811484 0.2439082034798562964843932077130261859565507620573044 3.315625412310312752428922977721015286078909412026405 0.6110546177913967912554045469608610119394143112003803 0.5758683369206208607724711834308095603773836046457291 
2000 0.1153970640145361635330164759571935917392693227156997 0.1326199448175968167827490709620441577953897649422288 0.1634268428835808993735030647531658587467973120510578 2.260793921375389806420128091524190949712647125124931 0.4291920108310696872018410313875946826556173618882895 0.4038366846855871148173032503247981139793409965932369 
3000 0.09574785965543766867372329695817789740885928040370345 0.1090618378022587048656712530037005137728556292131543 0.1369330566108916858337075234119950550848443526774645 1.879076992743384321750410581586265834630466997623444 0.35314422517357552200952149068502450290907290764153 0.3419355708593539028294656240136717428867996204644442 
4000 0.08142691774912684272297314080901742272544652223587036 0.09503960264521509309493252359857251576613634824752808 0.1219468168948864357677142056246566426125355064868927 1.590138333074421656508634637106069931178353726863861 0.3092633152085745699185880680515126073260034900158644 0.2936186083488376900548551956537934870539174880832434 
5000 0.07424265565819402872146069716219329848172492347657681 0.08456428669457265759291583751000587199087021872401237 0.1089144637930260670972059874883619556840130826458335 1.426826657651726368010274004216597631966578774154186 0.2765599868814391888369175198647553770570084452629089 0.2607415191470087568841040859268787244218401610851288 
6000 0.06835277701556437642731525738959419413731666281819344 0.07559295018516857733920956408102398427217849530279636 0.0988156351183302023531967311908985607260547112673521 1.276165296795158778770350183062731730387895368039608 0.2514512064911597763125234578085454018037125933915377 0.2432970028819460286761229214635982032177707878872752 
7000 0.06325232753329976084002159511521234946940239751711488 0.07124113321522350030119957037255673526487953495234251 0.09212641469979747826978336289194260189105989411473274 1.172405515671530157610809308454946631172788329422474 0.2330807939796664049605457239011663261862850049510598 0.2228897695791482179607104555096874776154436403885484 
8000 0.06066476921083351806659425715928524169839874957688153 0.06577192309855531766790140077438842070023383712396026 0.08728368002799493211333551473396497044632269535213709 1.0845713030446604736856119899357508984394371509552 0.2183430692386054706435535854858187576610362157225609 0.2096632259158341523783142257286726817255839705467224 
9000 0.05773124322738593787744578594844924168683064635843039 0.06207581992552693787553244608723446162912296131253242 0.08212186795303406346743357174799982090007688384503126 1.03664085100434614843904063130608506071439478546381 0.204476517047508003440976082076829811740026343613863 0.2018730289175105469087929954685733946462278254330158 
10000 0.05427826828520447369761433437096442844449484255164862 0.05940841332203634356500529870026561241047602379694581 0.07750681844232375181948622999694720192565000616014004 0.971675306587521461516160359295213311270345002412796 0.193021945023301991995671837709647178371596965007484 0.188934042036001304567778905085795315699215279892087 
11000 0.05184139314848409469993527690090395765309949638321996 0.05717625022847762211855365474533208214324986329302192 0.07457572354879230252123339939274160315108019858598709 0.9180304139927431325953269269923850970371859148144722 0.1837259808932828735058249980394151634754962287843227 0.1810987720014652692672365436044046305141819175332785 
12000 0.04918504859656764998328856534903774644362783874385059 0.05554860198591115126660520094625805853638667031191289 0.07039727691236554372018969019664247355194675037637353 0.9243505757734880008496224090830395425655297003686428 0.1759473209285161678300853788092794616204628255218267 0.1732416120994487320318769296711991501069860532879829 
13000 0.04748744852840116609582542077372391275957852485589683 0.05441925537802122763830076079827335888694506138563156 0.06713492930247826798552997912272743974426703061908484 0.873963171109663742913611222951075774290075059980154 0.1684459626401812501581174708054078337227110750973225 0.1650586801844426155518822524337352319889760110527277 
14000 0.04540779960930604433451082159456380082929172203876078 0.05193566893938807041167736965048273845013682148419321 0.06379552871451745139127348371843595487007405608892441 0.8413045649476154755124976403202197161590447649359703 0.1612426760554215968054272631326817588615085696801543 0.1575070599706918924936497466982032733540108893066645 
15000 0.04341006097218092605149303807310356972948284237645566 0.05121353467679282074742478682305435455646147602237761 0.0610941786068462370366848653707725347317136765923351 0.8437549087651279916999676189437451512276311405003071 0.1548003975647722502828737209390475015879928832873702 0.1515584431297965010537178928706758540556620573624969 
16000 0.04172233466439597299405136164585083946576560265384614 0.04913641226226494718753762432073006749533305992372334 0.05964746872538651691579699928857927204717270797118545 0.8195714764109646446269691333341711469984147697687149 0.1495260818141216967386633585057609252544352784752846 0.1456859204954303724693963698055831912370194913819432 
17000 0.03967467796845800416719973573165258784456455032341182 0.04728370991105048508644417143420568550027383025735617 0.05745013083248434529595261369139258533778047421947122 0.8035165504217354685129702518420202750348835252225399 0.1444598711489424498088289874897505171702505322173238 0.1411491817109465722037894841456306949112331494688988 
18000 0.03859327036522358020116229421203613014768052380532026 0.04567541256507292000366908350794670212735582026652992 0.05535472777374173573513866514206327451574907172471285 0.7743646759486020467113005782966439483061549253761768 0.1389684168337082686327721078867192261441232403740287 0.1364899557481063774029388102615456546118366532027721 
19000 0.03730716628445277641799187641480362032098128111101687 0.04452748334780027498184694009775164147413306636735797 0.05465020382710723828787444979193654859273010515607893 0.7542616495237053623914950939433055054905707947909832 0.137320355649552912404042816219007505651461542584002 0.1330684929596404397018818283049412798391131218522787 
20000 0.03650720074384113184709824660723054279287680401466787 0.04376890475584630357927442417809160701835935469716787 0.0540360353105016739827678139140854085553655750118196 0.7290307869372619928262022059861635625566123053431511 0.134887230468198950257292106913453721972473431378603 0.1300384885690893325808654285014043239243619609624147 
21000 0.03588488182120361137870359798107688931168013368733227 0.04309180272379213582172844017315060938244641874916852 0.0527459763753448822804555540938453717103584494907409 0.7214229823143001682104677452223029376909835264086723 0.1320309414852210503889479512040772135605948278680444 0.1268226468512709324929377957547060873366717714816332 
22000 0.03482580492115168235628050452667991976340999826788902 0.04217200501822372861826060223833234630319566349498928 0.05130930342649958822087642891507375253468126174993813 0.6949209237809754438792986253048411526833660900592804 0.1294247319941477257417570059794265091568377101793885 0.1233107276722819884952819444179361596525268396362662 
23000 0.03378221222536841425221386739363715889794548274949193 0.04110156702426372007651051050658441710083934594877064 0.04998508199602922860783405824280922757907319464720786 0.680207929250750265156785778764003680407768115401268 0.1270745022357560221400608196917758618837979156523943 0.1204233156711256866737186528582004285681250621564686 
24000 0.03313657751705322076441677207891967071873295935802162 0.04025683570670692036923450640717447868155431933701038 0.04876422803710912194974954995962956871835558558814228 0.6829699049603603624113666581418868872788152657449245 0.1239163548342202751081963033041866140138154150918126 0.117598233210311333865160775963287775880417029839009 
25000 0.0329543221090964917083341190889855809587061230558902 0.03902001861468544674746189611369562300069446791894734 0.0474882425786240434591211397735710519896201731171459 0.6682526118304320989524196228170893618880654685199261 0.1210627059518240074235538757119190478306336444802582 0.114079247904974723729499674201859349409460264723748 
26000 0.03235641245280142827043883511917155004766755155287683 0.03759778174598696211968743181863761293470815871842206 0.04620165149906746952321464315394106137091512209735811 0.6572356057061996637089912320917051147262100130319595 0.1178036954479004534934423811809445226117532001808286 0.1126128473370531689947424483499993641544278943911195 
27000 0.0316253339815184953617572660017343011418233800213784 0.03702466405434177065388533754697331090710576972924173 0.04541130396789446969495630118673901165493589360266924 0.6431680532086894133865506706371206746553070843219757 0.1160446324896740138933257102671348093281267210841179 0.1099050073349698279740415361727112752987522981129587 
28000 0.03118810723794354156359286654731644006233182153664529 0.03617767171636801266395135415199213468895322876051068 0.04495510883522298304214195700800882349312814767472446 0.6267949143115500337569874489407339979152311570942402 0.1142689813807346193959215037427856742624499020166695 0.1074724567068226606112780509294513109352919855155051 
29000 0.030853316869990609117949142449488508788135732174851 0.03582092474727867133869863534856303743936223327182233 0.04396876387498880229770070564299100368543804506771266 0.6210665610188106845637560915474040257322485558688641 0.1121379605322564458345425443541731880259249010123312 0.1054503900580554541068834840944479225299801328219473 
30000 0.03016004566394044936292629516261243338703934568911791 0.03554163696565254037856764618430460700437834020704031 0.04342838558999095303783753024839953127411718014627695 0.6060613481479959052515039952258035782506340183317661 0.1096175465018375552199631807470669997428558417595923 0.1037826114892636244688411267800276505113288294523954 
31000 0.02993633572860282341255699217752450635998684447258711 0.03488147974424306258189832849470057851704041240736842 0.04306088074748540195157498269851181760259350994601846 0.5922126096680944653985294301445918563331360928714275 0.1072416622375424491602001302037461272220753016881645 0.1022199497194690969158496415825077008321386529132724 
32000 0.0291078390889680185306815892246068422366533923195675 0.03421982441277633190814086612541178311630574171431363 0.04237015550092655535180125730976286035911471117287874 0.581195327434844914390489611921708501540706492960453 0.1056095781608520799474794718553205541411443846300244 0.1009452511026898560705998379727343916556492331437767 
33000 0.028649168402936422140651570068803355439968072460033 0.03347294037882782484038916848145817084514419548213482 0.04161400541446082630242476671500462259700725553557277 0.5734723586075509653013811128818844053967040963470936 0.1038703107360420563884742528593108090717578306794167 0.09947240293028009159600035318793409544468886451795697 
34000 0.02827533304313602587724287527881639192628426826559007 0.03316324971386251759181747894578151658606657292693853 0.0409736821114511147473189953127636897534102899953723 0.5660130772729829390171006620047222668290487490594387 0.1025830300179931142231961986588384405649776454083622 0.09862471792564019864815077001662935174408630700781941 
35000 0.02801073606481570654370299479352102167695193202234805 0.03255391270991884371263451990186066353771821013651788 0.04027025761977306061157569523623056539918252383358777 0.5583305534348988407276903611631269086501561105251312 0.1015641471864217931496431925053602896014126599766314 0.09751938432138937685572091171315456392676424002274871 
36000 0.02761809970048915277560422874836287832067682757042348 0.03215474541845428047513993224937323134327016305178404 0.03938171996396717327332151308005858680871824617497623 0.5487517411566672447908836474095295443476061336696148 0.1001319868455236168614495839701561408219276927411556 0.09641881053342044115528038442097802374064485775306821 
37000 0.02729338554523371224262977708524546827106860291678458 0.0317625407564324976318820888815386282999497780110687 0.03902015977139819211878574330143454318431395222432911 0.5431090881681947740234131516423587981989840045571327 0.0985271606503389477075692710894561088252885383553803 0.09492802793922877952381873811749102287649293430149555 
38000 0.02688618528897942799198769042723355937596352305263281 0.03133623664942874535474883791741351757309530512429774 0.03866379329860279190388735320871305134460271801799536 0.535148781534279060047645804054639029345707967877388 0.09764605846214901079888537002715587220791348954662681 0.09421951037210514340596197169208636523762834258377552 
39000 0.02657890946443185919745343451237040710566361667588353 0.03127190116105663471971778076541337298976941383443773 0.03802390088831968206791573315628252061060265987180173 0.5247638614311984054544048261536914878888637758791447 0.0959579619798366676921988829840337587029353016987443 0.09231111816876499290247326881542200283092824975028634 
40000 0.02608442480376415573614374936173287977680956828407943 0.03072182989665012781835078635450653194993719807825983 0.03733575141974452131520857689483960939469397999346256 0.5209005080966476892967952083690619247136055491864681 0.09449946701388224025908082331914883411627670284360647 0.09082520475135556206944644278000744463952287333086133 
41000 0.02573175266995178138539209725804690620520887023303658 0.03053308387189677382083079909547151942206255625933409 0.03693324434867645709372301066064636643204721622169018 0.5160337497289389412980821492116234594504931010305882 0.09321656061086486058528616585605597322228277334943414 0.08969749893221949442023276793944930318502883892506361 
42000 0.0254499794999149480299139658781570894063861487666145 0.03035892761941401774815351994468715091102239966858178 0.03652139459694172549466834737375009467541531194001436 0.5067347326256298051792327508113800149658345617353916 0.09229127056323079765937653431984166729762364411726594 0.08848455110439741157853273112454672855164972133934498 
43000 0.02526856739561504534061881725032217005377788154873997 0.02985958555205214222798043750828345110903683234937489 0.03596259201437400426784531289048363333904489991255105 0.4992534649451714379056292691938523375938530080020428 0.09090869331352836921997543837004052136308018816635013 0.08753780594175349457117902771119410942901595262810588 
44000 0.0249708590059700662002920923746018821987036062637344 0.02960803786969650874201010794239952161888140835799277 0.03551650570201883362449137189476022768985785660333931 0.4925147047844288243525871784367353711786563508212566 0.08902847564778292985992243918635935528982372488826513 0.08630005993859049933107814578381322689892840571701527 
45000 0.02458031217356814796550195777874447955468895088415593 0.02916509310011110074164933196605442589088852400891483 0.03500074233489474036137541548829865689640428172424436 0.4872750938617757893373590855068400173877307679504156 0.08775010291176421723074833891597990032096276991069317 0.08517972361291528899854665415891652457958116428926587 
46000 0.02412897208008866671588121648184266376802042941562831 0.02870237720848228395479836971837528381001902744174004 0.03474838179467848591099174079821487737262941664084792 0.4801659288072720649961748484724211039065266959369183 0.08657078652692258701893852912423454881718498654663563 0.08426992818249696240868453975259022570298839127644897 
47000 0.02389726482501530848712720852405899663040145242121071 0.02850931571599452315480779148598733385711057053413242 0.03432100151889440727820249944779451567455907934345305 0.476816053631876289223929729632622809276654152199626 0.084706013686025676781999466102845985915337223559618 0.08330843601589311645937586253696238713928323704749346 
48000 0.02360046450650103586452633209341600561970153648871928 0.02806710873743726390615240307707667355430203315336257 0.03370215767662127399228360127847459182248712750151753 0.472194823081719463242402617941806397539039608091116 0.08395816871138445363492719408782249956857413053512573 0.08225683604339728695564694024855434406617860076949 
49000 0.02334278398939212949573986793927460325903666671365499 0.02773119669249665038900467574356500932708513573743403 0.03351109034348644952224882502533898076535479049198329 0.4659852332079099373346193352363187045739323366433382 0.08297622043685186049956966497509469604665355291217566 0.08246894702435205922201513079050627652577531989663839 
50000 0.02307736871975762075556866913250697592729920870624483 0.02753600843307661732084143380028251613111933693289757 0.03318569837943114614567277458057059646989728207699955 0.4586858613443492971827042392618523081182502210140228 0.08275872199963729960791669962305583396755537251010537 0.08143925037729496169467248781193013940082892077043653 
