1000 0.1483914043828217124807323373802958599299017805606127 0.1500736332571677581138513621339392045683780452236533 0.2697881674544285975146477862818272797085228376090527 3.044925330434923131661673068037998746149241924285889 0.6366068418829937592849296801311709259607596322894096 1.060345618439897908314058228018694762795348651707172 
2000 0.1027190439139371780626693204940824699633594718761742 0.1088648864593577666120367483659769902715197531506419 0.1994934816994729486063853488020392035195982316508889 1.939469119548783920510895417699259724031435325741768 0.4760109369739365774165402306339345273045182693749666 0.7821910714555319705187062806484021848518750630319118 
3000 0.08575410111470018670922757161867444608560617780312896 0.09203851145785478276206605791065484822865983005613089 0.1725251678674200736871143999073829888857289915904403 1.7458088456929140671507541537899044215009780600667 0.4052112564245701144976553875753921829527826048433781 0.6700154628726291444642919337137954016725416295230389 
4000 0.07300353453772320194914901766991555120966950198635459 0.08012895712863430225630489295296499108189891558140516 0.1496851114103878355767992050506798307196731911972165 1.517877298648967825459021874223708437057211995124817 0.3565118848208019264041206131121697353592026047408581 0.5767476840269354140117163964873725490178912878036499 
5000 0.06751821087427420715372386808561522286709077889099717 0.07263647435550174352795723201059452378558489726856351 0.1360471799270264845090061545107573692803271114826202 1.332352999911855045435914168816537994644022546708584 0.3210813042330997465025662490623048483939783181995153 0.5247046245389434172986219129253271376001066528260708 
6000 0.06075515824029956326226956965508296804046040051616728 0.06600086727717303636931529473019786280474363593384624 0.1243191522109538163076009054108794771309476345777512 1.247509287701874706381748036942980206731590442359447 0.2881825946863016474418055234973934375375392846763134 0.4708686329333264312902926351789290038141189143061638 
7000 0.05657439676062650260683064770694805645234737312421203 0.06167851673785690595519818832381808704212744487449527 0.117226208949047590219562624963556274337861395906657 1.17852597355544895822362927439996838074875995516777 0.2759051050932165738307881575064328671942348591983318 0.4466212061848120135141692460534201813970867078751326 
8000 0.05259179088125473253357211253500302916563668986782432 0.05718366709035880003801958181008924242405555560253561 0.1108275639143005042073185373308064072261913679540157 1.181654033946067601447589556773465346850571222603321 0.2624485485280170166198353970399281820391479413956404 0.4207834902420049253324221133487625934321840759366751 
9000 0.04991853583369763848614250427437877277725419844500721 0.05395746716478287252949960599301970631813674117438495 0.1032981185830016539284955008615174421038318541832268 1.087132268417021768052745100963107915958971716463566 0.2506121122107558312137095407612363828775414731353521 0.398704028822905670614330786438728182474733330309391 
10000 0.04731442276856722111482377556013201314044636092148721 0.05167193309427870117898668085587576825901123811490834 0.09842797006190590708793073868032585949094936950132251 1.033892032806855339915376446047190484023303724825382 0.2393615951468492764839810296728650484965328359976411 0.3801028831138522537218000368897108387500338722020388 
11000 0.04462095993218019258092356220390950483078995603136718 0.04895901758785905447129592135691034116007358534261584 0.0935986454668068712845320836213325321750744478777051 0.9963251469534829103886011680835110837506363168358803 0.2264460661644379766050966945600819713035889435559511 0.3608050729570153894129082294828236854300484992563725 
12000 0.04297967359623071102316485027350356773467865423299372 0.04696124238891358051428410839978067059519162285141647 0.08975297902110090705733204397009927788531058467924595 0.9316672904736433798232424219332159509576740674674511 0.2218471626397064849517837964443245368784118909388781 0.3467990822061612265147460126835099458730837795883417 
13000 0.04224932653221715488691670112308962359293218469247222 0.04528527900862992455299597949203160851538996212184429 0.08810444956623596407979974107216314394008804811164737 0.8923359850268972393093173944844664902120712213218212 0.2147170677658113892039568396108428771640319610014558 0.3379975754145801849852824572106868572518578730523586 
14000 0.04126403672271501547861335783273784016955687548033893 0.04352292416242650486694941783238910204545391025021672 0.08604131362295735700160314099460556747089867712929845 0.8546208184001488996663076225246413741842843592166901 0.2104023716640196644975463816096272751110518584027886 0.3251954165658708647635224964211886344855884090065956 
15000 0.04022087814530432813415984291682825357838737545534968 0.04145034691484742259346405780784383665604764246381819 0.08352017231592802280998148745094766809415887109935284 0.8179746141346261153115201891772301223682006821036339 0.2027106192965764155776041063883319282012962503358722 0.3112035814940999652988395246522301818004052620381117 
16000 0.03916602627142807810094074331963565072101118857972324 0.03961230963541059242892560313120675630216283025220037 0.08029215698902019278756407930086602675601170631125569 0.795324178874110493040177488621722545758530031889677 0.1950239599526819037284344759974885619158158078789711 0.3009610613357855126933932538024762948225543368607759 
17000 0.03775584380632629276415709006220478016757624573074281 0.03879625970640970786498433718614275989011730416677892 0.07822141760130006494453882778805642317365709459409118 0.7938528989717291315330281731288408764157793484628201 0.1879651016826334722955573960923025822467025136575103 0.2943245148471100673930739288763902550272177904844284 
18000 0.03723166831437756018455590388549492075753732933662832 0.03741195422825858518415197660755833197754327557049692 0.07603370013609796059471639811944143616528890561312437 0.7699832301669668241481288284422390688632731325924397 0.1839466659212860143195926790338212697406561346724629 0.2876047458720923258399665423112878670508507639169693 
19000 0.03628159529748652921264011686486306018650793703272939 0.03653062111188931800924623895243659177367590018548071 0.07377343650964247833941907911414759269064234104007483 0.7749410501651063517495471311136157055443618446588516 0.1784269237187132987112201179535908579509850824251771 0.2787722300311701950983889197743792465189471840858459 
20000 0.03528588481679336941686502687742787998104176949709654 0.03528146649772020799974876770210840959407505579292774 0.07148850733104997005467077728080305121238779975101352 0.7435169915480071304247043639801262315813801251351833 0.1715994337405183694979932118584997624566312879323959 0.2707316886949831039857385789337840265034174080938101 
21000 0.03432603874098379229682156954517324720654869452118874 0.03467885386303130737525673120413838290687635890208185 0.06974226489780176831335305534520507819706836016848683 0.7241674450547691698929983483701278146327240392565727 0.1685928625295416692392736629502181244788516778498888 0.2654785373908810132968002365450033153138065245002508 
22000 0.03345494985245839231381573611323609895862318808212876 0.03379529085606974093323974159264189154328050790354609 0.06815348448337103317055344492425561497839225921779871 0.7021311174659230589390618293421653106634039431810379 0.1641425170348739447724649778703742697416601004078984 0.2608681336761772624657351044019648611538286786526442 
23000 0.03246309262425058624697195991393172675998357590287924 0.03316160755436459481966179896339497190638212487101555 0.06653757307788723324626280891669338757310470100492239 0.6866101985339341792291892319077817319339374080300331 0.1603296828748737808584311562154489649856259347870946 0.2518278183825356285959091995341196934532490558922291 
24000 0.03193163209899736871197058023230663792446648585610092 0.03274695577854099096836619844919091804058552952483296 0.06553030891593079055977436389590629062240623170509934 0.6765658192836654857837963561451033456251025199890137 0.1577598579873324541854046759725704873744689393788576 0.2476274089813664612655559615905787040901486761868 
25000 0.03106246247472683020098612599602105888152436818927526 0.03228467597044025345819832743810007258389305206947029 0.06419638290989802280783922683315978474638541229069233 0.658168094170914639391353762043479491694597527384758 0.1548602782757370280314205071570121674540132516995072 0.2417857792450323449072371179147111774909717496484518 
26000 0.03054056204315486454437032857317513290240640344563872 0.03175084420524959938467082082302894718850438948720694 0.06311434899846812931659785148030827883758320240303874 0.6400745955034868695334750177128313453067676164209843 0.1520230197553820872545570289102734307107311906293035 0.2372625766593568919632633446026304113729565870016813 
27000 0.03013134460877668217423041262248428751036044559441507 0.03108881785949735237956938465470058119421992159914225 0.06190088211667994861218586831463905895134303136728704 0.619498599260828467546590586634280839462007861584425 0.1496167088520286496497891520762735240168694872409105 0.2343197830752603042040469252804690825087163830175996 
28000 0.02963819525862858967300839108105492414324544370174408 0.0305306693330002110801067467110714304112661920953542 0.06064914812584097107133894628827608386245628935284913 0.6074182769222767621047735786543597669151495210826397 0.1471791141441747360776946124127917414625699166208506 0.2273184854676684361017829222317843118617020081728697 
29000 0.02886119711582206141253239238542160904898992157541215 0.02986031107199737586752670993189839876436053600627929 0.05938724793425060041398991575456456359916046494618058 0.5964353162687078487610818633424258905506576411426067 0.1440004814532773116947253835840037083926290506497025 0.2225332503884922135561257386382472134300769539549947 
30000 0.02851629087006344613736109026846943237387677072547376 0.0293775808976743252258181015798554902573869185289368 0.05863538650122985482090976969149487274535204051062465 0.590815318321549394280870620699275264087191317230463 0.1417607022471415205899705064274129995283146854490042 0.2202248355567060014308143969796738304012251319363713 
31000 0.0279190856797347079425273153746589471779770974535495 0.02892338135850240406260665011056731898975158401299268 0.0571796993419895725277728344704275542653704178519547 0.5862556866243826757495276325027333541584084741771221 0.1399208777888953685790505293562446809119137469679117 0.2164199497618260433818866000921232739528932143002748 
32000 0.02729347726838619914303113705295045221532745927106589 0.02867481264699713150723430366700883453745518636424094 0.05638829897088641787363709825808832931670622201636434 0.5815608576393855817581943212779549412516644224524498 0.1377430430609093008504370883593459495841671014204621 0.214054081858389536827938157137474206592742120847106 
33000 0.02695339525119447515063533966916953232839659904129803 0.02827649586271982634000301138482713625421638425905257 0.05585195537233157077767206968865743021979142213240266 0.5717107572286069074106278076197185100681963376700878 0.136596161375218204256853579692254641031468054279685 0.2116581740515218767767924995526485076879907865077257 
34000 0.02632170100886292903459269879040682837967324303463101 0.02774306342635811055674080125021951914732198929414153 0.05495189210034683368553401136558100859019759809598327 0.562273542860095228038217612942517575902456883341074 0.1340030943740795775005096926446590543946513207629323 0.2085942481002147920715172196848286034764896612614393 
35000 0.02609232549686460078543594805905447842064859287347645 0.0273638223674022691578474296425493861306676990352571 0.05456574231338122637924455647639998545628259307704866 0.5497561472666079512372841464618034024169901385903358 0.1338219261670856317968450466260321718436898663640022 0.2081435233032088830308495644438870897374727064743638 
36000 0.02563084051855033316747931298323903703817450150381774 0.02727260925303531135008945282538483922962768701836467 0.0537401917108836222083630747986537912197491095867008 0.5454102274280722426405554337236480932915583252906799 0.1317744269773162570070189347770650556412874720990658 0.2045529231637635934887417196725856172179192071780562 
37000 0.02535694948241769205422803303701106969469947216566652 0.02722026878772610526360147334412609154696838231757283 0.05314010373919419483968395144513063854674328467808664 0.5327353053294430334238876434405085547041380777955055 0.1307219024376054692732551307243760163601109525188804 0.2021306668397671324894889280376908402558910893276334 
38000 0.02491649383524827043656169403562650188632687786594033 0.02667522436147485838981872809799744672432098013814539 0.05249921795216535727756257574683207423049680073745549 0.5232726677719624517270101404786686316583654843270779 0.1294272252794902921212410323859032246218703221529722 0.2003786589517910442351288427542677084147726418450475 
39000 0.02457491718652368549395529663537107722959262900985777 0.02643181098435432186267556725622895896776753943413496 0.05186702059349619354006633194231756789349674363620579 0.5146534085377422336449702855443177895722328685224056 0.1270909365792733623903637205088124062513088574633002 0.1969330270719341014948843004983558557796641252934933 
40000 0.02428146202561799873453365038178386470235636807046831 0.02621640345976310651844359746881485406788669934030622 0.05125650368797217253181487152391415662577855982817709 0.5088671895337600862988317040880303920857841148972511 0.1262212968616337717479543648058104565734538482502103 0.1934171510941175449314237758113854681596421869471669 
41000 0.02398415458944078235661758868174642245207905943971127 0.02592044595715224949212163087913785020077739318367094 0.0507996041879617581853503804900640261621447280049324 0.4991160918611545945769089605015267352428054437041283 0.1246941389009119974422344460929235054891250911168754 0.1917309606310619608929074128567116019894456258043647 
42000 0.02366181560981338464183358367282083989380225830245763 0.0255361014848397470900171011415347166462197492364794 0.04985874928482293956015438014806040456505797919817269 0.4961101177786617822296384716640460510461707599461079 0.1229682564439212621759840715629508167694439180195332 0.1889731933504737116177743874723127248671517008915544 
43000 0.02346994026429390585180461466924262126099165470805019 0.02515022922822687750736819073393846224462322425097227 0.04926688778818639813844625433003621139960159780457616 0.4870977904073928805499076044593920187253388576209545 0.1214405126456713056648582631236177320488422992639244 0.187529626687435030182198904269430528302109451033175 
44000 0.02322789116217311035254898619190067066142546536866575 0.02471409891645441413127832694374141908610909013077617 0.04840769193491212028866276656513534248915675561875105 0.4793762668056540817123744452343814259620558004826307 0.1195504148423116781932581086100864098398233181796968 0.1837473924733597645296903633216345497203292325139046 
45000 0.02299687002461165933311557346002684809604943438898772 0.02437115885418703430951366684792391836822389450389892 0.0477954549912297766377494018241733897411904763430357 0.4722127354208666310847637703762558203379740007221699 0.1182723880597495693243917207204685126953336293809116 0.1811971846313681402251957383575664550789952045306563 
46000 0.02279713058600431814344701615671073824387349304743111 0.0241070853320158013506863212832564968834958563093096 0.047112697082002259574382441870143978235319082159549 0.4715497776965296337046973373929859008057974278926849 0.1163926230654854986431732608020972463691578013822436 0.1791612164234239747107827606109609064333199057728052 
47000 0.02259384445390690598410611544810677742134430445730686 0.02383666869252633998876650042730851453143259277567267 0.04656184888666679575142592559244825167752424022182822 0.4717581631793770573202705109761012636226951144635677 0.115504170875644314220353006672503681784291984513402 0.17792590296516507938017447043588248334344825707376 
48000 0.02239045409261275892434629123523004423645943461451679 0.02347988692189555080622610349488921244187622505705804 0.04618831281902200921056001782505351371810320415534079 0.4676276176849728352159264732623711324777104891836643 0.114419546270518553717063150315658148770125990267843 0.1765510014267008910343256800068445500073721632361412 
49000 0.02211453416021449263167389549800123660361350630410016 0.02323493706990004356943376774558007724635899649001658 0.04568591835911508206526554683180041394052750547416508 0.4676192981004260708301125543107090720695850905030966 0.1127414052234863394005501269212743409298127517104149 0.1749118652471403624029840095932541998990927822887897 
50000 0.02178779910270251387096067299115054183289430511649698 0.02310499822050197513600890836249490689624508377164602 0.04537826104070843726950293048338913592942844843491912 0.4617112403655981940273338864910712686651095282286406 0.1120215263826294126891158428604988728238822659477592 0.1739475425243940140911493366648876701674453215673566 
