1000 0.3013180591446404807344418980141753650059399660676718 0.190664597492306013383554612328207866767115774564445 0.1936995244516601312505721041445916341672273119911551 1.011091841617815678244091115445257855753879994153976 0.4492808740591233122201649669014145160872431006282568 0.8406042339516773224538000175432017613275093026459217 
2000 0.2235399916509170913938263358655689216902828775346279 0.1350052709728724394149445772739248639027209719642997 0.140013785832546888856066716333437227604008512571454 0.6745756213425125902847026559960852409858489409089088 0.314040728895919826551500625422264079134038183838129 0.6145759664470226994108063844901579386714729480445385 
3000 0.1775289592410696289944511613856370502162462798878551 0.1069668500065339616027877342463447973841539351269603 0.112695053175174298286278888603373360410841996781528 0.5602485230717747966174002716144286750932224094867706 0.2498606845957836952135285024656496943862293846905231 0.501729195546028643030219557052973300415033008903265 
4000 0.152611624038075175855636717026087012527568731456995 0.09098073700797452126640780731281488158401771215721965 0.09744235622354336793696878357695645433977915672585368 0.4807402567493255932454254697461237810784950852394104 0.2168392461190319661190444022746959262804011814296246 0.442521482589752525234902749695642398819472873583436 
5000 0.1367032068047401033322350502596798094145924551412463 0.08272026833701962034319345520860800036189175443723798 0.08567139962994716739503979485714779684712993912398815 0.4344817775791127829562200679536232428290531970560551 0.1890950170781103964121050431401727109914645552635193 0.3912251615795332951753138922557084811160166282206774 
6000 0.1230274728082596606874659327102161654465817264281213 0.07571508701674384035222630309758251598850620212033391 0.07903067824895418010415406445678954128197801765054464 0.4043855954685916608394927185265999014518456533551216 0.1712455009188112325685827280752349111025978345423937 0.363158822077003031364742999254069388825882924720645 
7000 0.1130004468449926291205077412416191151578459539450705 0.06989614491070816408411917400322899140974186593666673 0.07349389602649796587402692207846577332475135335698724 0.3780478071820480799321122222789171019030618481338024 0.1613450458244826605342606834492258371938078198581934 0.3319210748397634565840050996365917512775922659784555 
8000 0.1066586771397354869482325921692389414374702027998865 0.06559303627669175204648738253254691699112299829721451 0.06966683373869543044367824008444856076494033914059401 0.3648565142699771059859280286641336488173692487180233 0.1520602604011161648078125432914653458738030167296529 0.3124254746230675967866036862874423718494654167443514 
9000 0.1000139426648184756861643431025132855438641854561865 0.06192137136909819338908547367572587916129123186692595 0.06646265397362748680848811358434780061088531510904431 0.3435706851708045923528885706721425208343134727329016 0.1462176502646984568465834963824079295591218397021294 0.2949401050898864312449151880990427798678865656256676 
10000 0.09384436109481711004180661678253372315339220222085714 0.05836311330137811773606840680395091425225473358295858 0.06269385601859513778780089512943085594542935723438859 0.3243299674217114282452102680398553502527647651731968 0.1362768217768870190274290918330812871772650396451354 0.2829476612481565646003717900969220977458462584763765 
11000 0.08928443303825169709281436500325490612794965272769332 0.05629127365610484730950127153781270550325643853284419 0.06031189631277117877753671422447201422301077400334179 0.3069044007273016210564538230887166037064162082970142 0.1285730284018179805791614808696543548194313189014792 0.2705575995288489880613753968408019545677234418690205 
12000 0.08571038468662211712209000533113645303728844737634063 0.05370464143133033036676200928927205069385308888740838 0.05640764994773393045760520939091442471635673427954316 0.2900672546491278056348967623323531483947590459138155 0.1221845517813817092622101848076177077473403187468648 0.2585539001212685732502844643265760282702103722840548 
13000 0.08399020656131517234045408965004142487487115431576967 0.05193344940716441501888842556533543159957844181917608 0.05396468117357242403974272940136991394410870270803571 0.2829370903362450853537994610586991939271683804690838 0.1167121230789937283414876324771913829181357868947089 0.2452104259482955535151766160439912312085652956739068 
14000 0.07992393687485616123196939530881621749358600936830044 0.04974717305932936931218198844950606485326716210693121 0.05228299516974497392109437650387082641145752859301865 0.2726531146244351458082268158111816092059598304331303 0.1133036457903441886321859247144239191129599930718541 0.2376670022764886072323209723067272136631800094619393 
15000 0.0770242139626396618348465154813009547751789796166122 0.04748105263061795211143784924134880753854304202832282 0.05099925924455646131022365508123073141177883371710777 0.2632466195044581974140599639477855475888645742088556 0.1105912188566685482900417078488963795734889572486281 0.2276092927853120145571374360882188625510025303810835 
16000 0.07557147052391136508810078747933047793594596441835165 0.04585229567869191919909357610385391978979896521195769 0.04995583842475652035041268697601601900259993271902204 0.2576120312279885877853550374405600109639635775238276 0.1064443038680395213070963879309349664481487707234919 0.2208952643666409432844687302233133152640220941975713 
17000 0.07272140460708572498761811594980564166235126322135329 0.04438134527856687514349182804851423611580685246735811 0.04825864031736938555640944840952055727711922372691333 0.2451273100675704583195375213522382296105206478387117 0.1024840007089080611018703723114064985111326677724719 0.2142236391885215603288206143162142325309105217456818 
18000 0.07080002150200062140014386005693047820841456996276975 0.04321285680631662711438331116176048141142018721438944 0.04650858186834294290978473671027693114865542156621814 0.2404421736890367574654208890350126637258654227480292 0.09924427035929924990334191625684923110384261235594749 0.2132807226112014587095623910362185426947689848020673 
19000 0.07041531366474383486032733933668303905051288893446326 0.04142405476697663913328143793501912028887090855278075 0.04499787790424521311899658596034079494074831018224359 0.2309345548960564896016954897217665632069838466122746 0.0954936025751426902487360021121176600900071207433939 0.2063764787797312797888379942712333559029502794146538 
20000 0.06911964385040725116198662147937170630029868334531784 0.04056065108589922074556056823257943477756271022371948 0.04416556876921123098164788205177710977977767470292747 0.2258958231556409203174542663083990134964551543816924 0.0935067329619209075148851366410251984007118153385818 0.2012591629931954166632390723634671303443610668182373 
21000 0.06749289870119626487176894488739797850485047092661262 0.03939594250117637245012301543123367508769661071710289 0.04295475181146480059775675207356382401258088066242635 0.219598161009484400487843866467407849540904862806201 0.09066041373691460406947575934033523026300827041268349 0.1965740369955865677139726296895894108729407889768481 
22000 0.06561654701888350740368680696912306871126929763704538 0.03843794928476068669255354126601531561391311697661877 0.04241014397283867665776444129399624927145850961096585 0.2117168216923089573555790895986739030831813579425216 0.08868935769456792795505583812398775478413881501182914 0.1929120386818729683097838750738262092454533558338881 
23000 0.06359051995406309934873645070552150571074889739975333 0.03752898302913663152791980126554705066155293025076389 0.0416756492805682089904941670793769858960331475827843 0.2073648435094982003188681871086451735664013540372252 0.0869841994296148501663147947771115298110089497640729 0.1903031931167883296921383359801005497047299286350608 
24000 0.06205533530752750300617357100130266900350761716254056 0.03679955997653987823477932453397620804480538936331868 0.04080425626995753715423021455721563910401528119109571 0.2033111733623703651813478462950790515151311410591006 0.08541815683753231237666271591368882809547358192503452 0.1844065052208804115292835323902664868001011200249195 
25000 0.06069332464838962293401914381563155842513879179023206 0.03584322025106753307021451547542678639501900761388242 0.04042375329307049508341257229582232923803530866280198 0.1999067344333985633397093861773896605882328003644943 0.08307375898544298892950139140411991434120864141732454 0.1800025087047833010050600782703256186323415022343397 
26000 0.05951683314328150924111225650303680367869674228131771 0.03500338698011437122545514745441952442206456908024848 0.03936901515179492732078819598739993779190626810304821 0.1974909806433681270701864865491081957316055195406079 0.08173349523908000216292600581535765513763180933892727 0.1774732556159418461446189430041897594492183998227119 
27000 0.05834037692654384757269471657725734559107877430506051 0.03430191326802596255633975678989155966291946242563426 0.03863250058517050369768369710854472032224293798208237 0.1915584876675618717067331106540528651294152950868011 0.07978558590711405173952512279167414988023665500804782 0.1724282569362361121589584736502054340689937816932797 
28000 0.05689876218113099040328832674273673575271459412761033 0.03374163903587437228430542975055050902710718219168484 0.03805513413436378799189758852239418018825745093636215 0.1898175188359224741229411628773426912175636971369386 0.07764175716619855808164028798667999353710911236703396 0.1690502532176552799917084585201720869918062817305326 
29000 0.05585093117361518878246197730708111350850231247022748 0.03337998849229233674847398469220927097467210842296481 0.03724446497130486923463565072933700861312900087796152 0.185300578200733188734467861424892731747604557313025 0.07632529235016708096475289077598169740213052136823535 0.1664734044689586098828091437207277181187237147241831 
30000 0.05553050545734653320006750376602866481334785930812359 0.03257190492815835963200154015706466736901347758248448 0.0367657048686088631570239443346892471708997618407011 0.182695290828042274748339683643205688667876529507339 0.07462806172228532344809339219016131039552419679239392 0.1660549371274945866711926500958185215495177544653416 
31000 0.05535656694675042979015373509343866942344902781769633 0.03223825278240863884774976104441446267401261138729751 0.03603646485954922011585820074142105795544921420514584 0.1798725919683356612015787470704175632363330805674195 0.07296589103461261875411669047819529509979474823921919 0.1619158046266202946806200477225523570723453303799033 
32000 0.05442837948725046726724651618978256806258286815136671 0.03180246216071424499624142184783792686175729613751173 0.03532334622723423675480828275163869278685524477623403 0.1788671344061540184318479657088474255033361259847879 0.07173423508239004697443043714888410988805844681337476 0.1598938361373800078838597338304339245951268821954727 
33000 0.0532666046028298223418806067036568308026289741974324 0.03121799904893933235610400250825691159661801066249609 0.03464495859106105061809297365749138464252609992399812 0.1749612081887106075043115255285286480102513451129198 0.07065237321991035030242312223180967123425944009795785 0.1585663086613674672297911658058744421850860817357898 
34000 0.05268644413304585928005808852236935280188845354132354 0.03085670671711848658107528366872918113017476571258157 0.0345710122866359507640392906280268903174146544188261 0.1723018744470418235685505933818539858748408732935786 0.06995591662448070155216808124754024333924462553113699 0.155739607159727658152272890268452698592227534390986 
35000 0.05184799783910326391976608473299847901216708123683929 0.03032651292077529831289317129722205024222603242378682 0.03412278642301125121302210127516296722660626983270049 0.1697505175221491707755272840274507473168341675773263 0.06901157095073508381238153175374350212223362177610397 0.1527960178172954220797343655169342468980175908654928 
36000 0.05100493050243218382932414156627487500372808426618576 0.02988774401986548782914911680241853986217392957769334 0.03365720632159856404131640511545597860276757273823023 0.1664850919819911990841804910745693746321194339543581 0.06825668588481131383600281070656023985065985471010208 0.1514617476260913678590136477453143015736714005470276 
37000 0.04981484676719868046401783027998799724400669219903648 0.02979533341806640715660197023251232195661941659636796 0.03320355870100580910611251517217112905200337991118431 0.1657185151904654493411686577708508139039622619748116 0.06725041567859512904234680491510900424145802389830351 0.1502696474512048305450162208329878410495439311489463 
38000 0.04932563028260847507857418843546515319076206651516259 0.02951828044919902661523630846979182607014990935567766 0.03267484817050650745836703862934324860134438495151699 0.1632038843067871360391395477162923555169982137158513 0.06619260856678567647893999051356139773361064726486802 0.1492665632265145106942613381639795022692851489409804 
39000 0.04866430559173227958302083637209811683987936703488231 0.02930687518078839844489673696625864351972268195822835 0.032150593213695583040567273214183074969696463085711 0.1605443185464444945240907250405548722937965067103505 0.06568350980534035806309356084198292080600367626175284 0.1478599411900894222937326641376110103465180145576596 
40000 0.04817072397180960214210765878151132568518733023665845 0.02897621398479149774998233062700547790768723643850535 0.03200222808829747339956755397549770236764743458479643 0.1596598206144987689244401155019836835435853572562337 0.06473836234984695213494831564360332265550823649391532 0.1453534031677981033071163016745508400617836741730571 
41000 0.04770320579471673610330128938172844499376878957264125 0.02842738843678523888440403798866240592246867890935391 0.03157779421719511351722723888069133124645304633304477 0.1574961692088496162590010099546766753064730437472463 0.06401446191104229874375454445445399187519797123968601 0.1439075922215333608040858937027195452174055390059948 
42000 0.04715873530300220914192647035656502652045674039982259 0.02817332253437854207268279532749843951933144126087427 0.0314348673352374156002113619184923365423856012057513 0.1564531286677172420499903199297975220360967796295881 0.06333572965633429156979711943664668183373578358441591 0.1414329414339299200673591774823911748626414919272065 
43000 0.04689476075140255605539505237566721973507810616865754 0.02794562473753608964804125581321558868808097031433135 0.03086962257786770704522279207271395762290921993553638 0.1541822864988954595882484840951853755086631281301379 0.06283165795480464391095090301297965140747692203149199 0.1401465500967304855719098438671110784525808412581682 
44000 0.04666161978677688417684456083367461332045422750525177 0.02772096738974944716170833915874771591347780486103147 0.03059535399460149564843959840015896745057943917345256 0.1516514187791289522075095091979690664629742968827486 0.06229689366233253078862248247604682660494290757924318 0.1393195808040352820994034824253482440781226614490151 
45000 0.04610112063314760848570694924675184012130557675845921 0.02723656595289372975808583898782444521202705800533295 0.03043096788586299454721620285496674895853175257798284 0.1508965915532727650595450075154957403356092981994152 0.06165494434242190439465335777269316963611345272511244 0.137011934917930563540577372505513409350896836258471 
46000 0.04502925670185164755727363385118255934003173024393618 0.0267317174200581384009095748180429019669190893182531 0.03007261253327288944600485798286371164067531935870647 0.1493100329309930185178647427113318713054468389600515 0.06147641766946475633454950726619614442824968136847019 0.1357341300737818528854587360465977496915002120658755 
47000 0.04427473929458386070359774550064813070093805436044931 0.02623024277454797648994287966733862660362319729756564 0.02968796372457189566731843022306946977550978772342205 0.1489649436600020630642755153916212407239072490483522 0.06119288747575726124139252996847471166574905510060489 0.1333272063173635105134658476733200416219915496185422 
48000 0.04350927367987096481194084218735440572345396503806114 0.02609327068546392421364643957049089806332631269469857 0.02956991617387453853142058411013204377582042070571333 0.1464212457949692935049506789524365046872844686731696 0.06062859371327051444884766173704093716878560371696949 0.1318833228803191230719916646196843146299215732142329 
49000 0.04306439803801161923238124962232120651606237515807152 0.02585702466258536788542351115421924490078708913642913 0.02927777208195293768164756652294666849911664030514657 0.1437086597346664701570868524771462659828102914616466 0.05999439530528486799686150275634499706711721955798566 0.1297708959403596706784402708967363082592783030122519 
50000 0.04250730564089502109385051813184031033188148285262287 0.02547068436304946278206124288950862322167267848271877 0.02898153177759170370209290505669752491257895599119365 0.1426392572033938241051398074232814394690649351105094 0.05897767366127744366485308007141963315689281444065273 0.1289080388514681921948053233695219432775047607719898 
