1000 0.05568584334385174884810942690094304197145902435295284 0.1625711848141753553589330602568985284506197785958648 0.1947378142310986246323913084754764213357702828943729 0.9254286697270817217296154377770278642856283113360405 0.4445207014755480246653591286376538960212201345711946 0.8977528137248997115878700048252625265376991592347622 
2000 0.03945073610741064575754507605387377822125927195884287 0.1141005914341733490686308684358696297067581326700747 0.1451063458927222552181154208161828478296229150146246 0.6655551854019185996358398682559709413908421993255615 0.3214741736854144428428125407348758812986488919705153 0.657009109887650680009111431312263107429316733032465 
3000 0.03327632068529873294205224248942798226380546111613512 0.09696459408676111362050632422326934545253607211634517 0.1171087960117587633044429137885167335753067163750529 0.5276901155571393344043823470101983730273786932229996 0.2588666215940571926380775469311856795684434473514557 0.5205099719234955885365130623387841524163377471268177 
4000 0.02891754737612759673583574110411475999171670991927385 0.0846480674183895627016652185581335743336239829659462 0.1000390121977041666228290008044954362276257597841322 0.4713231597435690138088969225460544976158416830003262 0.2220109597515793302668083222806139076510589802637696 0.4605527075491868872097241810470436007562966551631689 
5000 0.02624908152361952290535255724601704230281029595062137 0.07695501363847467483854424344369427046785858692601323 0.09144387680798612197928271899671770484019361902028322 0.4379305919892159645108887372488837286255147773772478 0.1976186522707679844970728513797730840906297089532018 0.4130791823404947170231358427594514637348765973001719 
6000 0.02387413197872581487155203838756989398461882956326008 0.07007972917576894126049334710071292420252575539052486 0.08402815548037402550130784556481344793610332999378443 0.3962696672617430980023033731951542790739040356129408 0.1818027330971860552514358586040366105862631229683757 0.3742518151985909896748046243875052141447667963802814 
7000 0.02174916632763253000432763974852923283265226928051561 0.06355715112462225322060866555817781886617012787610292 0.0771645870685570734755611213562254135922557907178998 0.3714134545830066694988014219802607840392738580703735 0.1672113276904733298634797566961651682504452764987946 0.3474730229477102540626247406674309559093671850860119 
8000 0.02060960047741176170846624793320245316863292828202248 0.06024497368729149882179887270927665099407022353261709 0.0720556933422408871038936616082448693987316801212728 0.3474605580233748037513770434703275213905726559460163 0.1565755890672741348738916666860632176394574344158173 0.3214411453277263571262113706072938157376484014093876 
9000 0.01954804870267735019397851558425882601000012073200196 0.05692817803282714629120944693774220013438025489449501 0.06767334404340327554312241320477738781846710480749607 0.3323025185819905267809847709825632477986800950020552 0.1470052721905401618381677847358091071328090038150549 0.3043925663970946161353270387195379953482188284397125 
10000 0.01874777466048152646596331848821703758289913821499795 0.05446835174905719081451041518882050240790704265236855 0.06373135253882518309095483316495389658484782557934523 0.3137691522672324189000437472119031667716626543551683 0.1382096608783843853503290471929076943524705711752176 0.2830683461424148283382649926576135612776852212846279 
11000 0.01792107862899683181726073234740770345752025605179369 0.05220790462053026957547734177023102120074327103793621 0.06031040151679355602897837640430367400767863728106022 0.3034413155736327563172325533225048843632976058870554 0.1314191723043148156229147777152022058544389437884092 0.2725058713672027919288146091680857807659776881337166 
12000 0.01728589386137777724193912917693971564858657075092196 0.05040155759318070201487321096989191460124857258051634 0.05753523652451829112605186967999149061370189883746207 0.2897723965927391760277840454529396652105788234621286 0.1261904727523593265409076330518800546087732072919607 0.2592147325627999265363395758887676834092417266219854 
13000 0.01659723483416135220609992795975928814300459634978324 0.04817244645573375275276746358688040317019840585999191 0.05655336603366061166585018749053404008009238168597221 0.2816033349833962647990135558240254454176465515047312 0.1194913350179103001094714844865229963488673092797399 0.2458665182018507046123956608085769914850970963016152 
14000 0.01613223331317998011001592275487359628982630965765566 0.04649188702925912789360460633525384821496118092909455 0.05479444461632430374476874709865903412264742655679584 0.2709866722706099878667691804867700966497068293392658 0.1153269055227583292019821747942387446528300642967224 0.2345457271914767115685886145204364083838299848139286 
15000 0.01544669512914867726132453441476033439982984418747947 0.04448611207271442776601090909882607604686199920251966 0.05318174458199312481065219003484312310092718689702451 0.2599980412053914840858799550904478792290319688618183 0.1120678815891694393876414775901295683979697059839964 0.2245149322417180161369585494890444010707142297178507 
16000 0.01489442847954132082246756461907377655506934388540685 0.0429664231344902714112253538925045859286910854279995 0.05143439058535120841307011416154715277571085607632995 0.2573663848369547410717666363622058156579441856592894 0.1082196968804981223878343768451948392339545534923673 0.2146392404150139521809646098171597827786172274500132 
17000 0.01453059687946366378085528503830148316922077356139198 0.04179729199861645254408890753916594462680222932249308 0.0504814864176247216885639896438719986804244399536401 0.2493882282456668835271540451969940477283671498298645 0.1056872208568624993914645236736671307653523399494588 0.2076399022752521240171765665172287640416470821946859 
18000 0.01409967169625067744894065949537442783423557557398453 0.04040927590328467471571965465015896512568360776640475 0.04902668301333710000825395584900245893322789925150573 0.2416156000359770972138679159813001717793667921796441 0.104071538469997771836545764900794353025048621930182 0.2031219931442788465263560998552705427755427081137896 
19000 0.01366629950035268328219136566362146290032342221820727 0.03905009207907900380211127858154362968434725189581513 0.04772649114377610813863780404864289863553494797088206 0.2347328780693751782549351728168751662906288402155042 0.1011180571005030702486484142643696770846872823312879 0.1985688291678713261875430240444018181733554229140282 
20000 0.01316858752715718109272123896233419593215785425854847 0.03773532665492585939866253610941448926041630329564214 0.04649760387184823540269117646273056010386426351033151 0.2274182874261518996273669090957270100261666812002659 0.09675421339183199450695912341435800385625043418258429 0.1944234111740762710728589249264963711993914330378175 
21000 0.01286386759693470941476724309776580312814076023641974 0.03701201320326593487890307759835550882598909083753824 0.04494353631159169685637538860234485582623165100812912 0.2194020807010221066064674377837917518263566307723522 0.09391420950503176033467064159898640696155780460685492 0.1888666783769886944616828161613852898881305009126663 
22000 0.01259433628537318571577718331541695384601098339771852 0.03646274017462629817829021863784255685914104105904698 0.04327969481447204825607408089360728098426989163272083 0.2149937675394341599760788391604293678938120137900114 0.09302485045628989294649608537968177301991090644150972 0.1839073434361318899114660918581165560681256465613842 
23000 0.01228461389241847355428415185241153295692129177041352 0.03538479212420204363706132538736071069251920562237501 0.04247370878841945863112986719878350072576722595840693 0.2084126535190690185492170399816913572976773139089346 0.09068631218993862719193310012455455648705537896603346 0.1785182290426349750386836312543437088606879115104675 
24000 0.01198783101433718569828380416317226142552954115672037 0.03446492313198380743840577855596762901768670417368412 0.0417659761132039671007072645370072905279812403023243 0.2035659235667714293832207192447292243286938173696399 0.08796999922698793574729787814181491967246984131634235 0.1754177719566071151554307108733077313900139415636659 
25000 0.01177787980003659822698431789908535272104472824139521 0.03393010193490743164310185012166876106221025111153722 0.0408837052684918032219546328576154081702043185941875 0.2008973116728660913401973558967128496988152619451284 0.08577741264689044221799238756909211645051982486620545 0.1732610630799757104486026604295290098889381624758244 
26000 0.01173091486316044377620102998061035748378344578668475 0.03373851389418358323395944614597752320150902960449457 0.04045598312253898006557082354939236523705403669737279 0.1953490019647459029108593070445110129185195546597242 0.08473326434360480363216887311761382761687855236232281 0.1695160842162906163395081488021176596703298855572939 
27000 0.01157418399558788452746775849214189157976306887576357 0.03328598078447481404252531085596888971167572890408337 0.0397685870392198322573749143943322437166898453142494 0.1915277046772172023122700681985186577094282256439328 0.08348289968891614643220966049397269159726420184597373 0.1660772800104883651457418625163597880600718781352043 
28000 0.01126395337129717433212895000282927071566518861800432 0.03251669523302104677469877638817941090110252844169736 0.03882113105747934302943791609608048531754320720210671 0.1890088637803919241410673113268359202265855856239796 0.08066370653136076630319081098852151967548707034438848 0.163241621055444018409657375157095771101012360304594 
29000 0.01098381677187386980276852634433315536455211258726195 0.0317979674378228932322910851165920220751104352530092 0.03783735565370969344874282035140478086532311863265932 0.1855637864448080103993432565800958400359377264976501 0.07942528636129315035009331238957663856581348227337003 0.1608468383087876758986848116372847528054990107193589 
30000 0.01085247271780278995216627128950204195234618964605033 0.03141628016086306686562934845086125790203368524089456 0.03758113113764189145641746864212606737964961212128401 0.1805948868926927997156234306785904664138797670602798 0.07815208464513212583486996554160697314728167839348316 0.1584419043742173348392155915465018267695995746180415 
31000 0.01075481604627930043849829864696654446731827192706987 0.0311093409541717640443746423564719272292222740361467 0.03687764042940773933355294751657016405488320742733777 0.1770862342993305245186048610395168623199424473568797 0.07637668490295540479998208024947636829438124550506473 0.1544657281332551506113385728080622527613741112872958 
32000 0.01058258684154046915258705688356322127674502553418279 0.03054304836851119310113696070363431545047205872833729 0.03614308301890615272167076379994377077764511341229081 0.173640212399771432129477397032779606433905428275466 0.07569794057281371669836621263183218388803652487695217 0.1539760322648330631085033734506417602005967637524009 
33000 0.01042104313945208672181490282618310239115544391097501 0.03008530805354734568367682835676735209062826470471919 0.035632545932007626503907303516793803055406897328794 0.1705007240068707689958828893628250966685300227254629 0.07471922153238116272045690399727924102535325800999999 0.1519086515246536105790044896002299879000929649919271 
34000 0.01030262237275221895601678675016832364974561642156914 0.02975451747266162534779438894605441134899592725560069 0.03492560123168677894690522037213220585272210882976651 0.1651582162366935509320749198014510739085380919277668 0.07415221995822066531353980445295803747285390272736549 0.1492749511993793766175464207690559703678445657715201 
35000 0.0101989788050970349313859996016884412739500476163812 0.02946808715593057762518406760693379098370314750354737 0.03456126739855507154931119062624134130601305514574051 0.1640177712003135032810784144086113656157976947724819 0.07325886364337018477756830955871514277077949373051524 0.1470485858990976290374417048689714704323705518618226 
36000 0.01011923706953312502276594395805853210390523599926382 0.02922440949517771178849112612141425415757112205028534 0.03414274904116467456536708653669354163184834760613739 0.162454196172512977045508143769669828770929598249495 0.07310089354162280412158551531898176278900791658088565 0.1453297872840946389422830259396945962180325295776129 
37000 0.009913584538536855689865273481842233849192780326120555 0.0285834446070773841678538344096560663842865324113518 0.03373241991044095819721714002437096269204630516469479 0.1597688212714795350394844999919463646165240788832307 0.07257955007750323539732640459876122918103646952658892 0.1440776366207695583724745364007091552593919914215803 
38000 0.009769560524650120155969851808153148198243798105977476 0.02820849637504168291652804304719959205272061808500439 0.03346871285743708715891314882384666162806752254255116 0.1568671064098128854465228482206740068249928299337626 0.07203496028702862885676480933505594350663159275427461 0.1419662859742707974641849968944207205368002178147435 
39000 0.009633135524645283294662204392339033276471127464901656 0.02783280831538883113070593621624082558696500200312585 0.0331275924513563019362897155845049113054301415104419 0.1539465232005408991443687338751544757542433217167854 0.07122753424803091233820763819584165332798875169828534 0.1415847359425027383156812932352153211468248628079891 
40000 0.00952458597940637164690371027284121474565381504362449 0.02749020633570625152100120377335334964641333499457687 0.03286021636738638226576491967179105557761431555263698 0.1515922560934715871344214202509625977199902990832925 0.0701168872460150651118484903256966589424337144009769 0.1408088166057800180567573244960755118881934322416782 
41000 0.009440167309519270643253545036155394143406738294288516 0.02721955442126028400068023325314436888788804935757071 0.03253128340473368085956299561312121682021825108677149 0.1492160065506425579480052553971169970736809773370624 0.06884439102593851894412897707287157800237764604389668 0.1384443745244537744192112743712996802969428244978189 
42000 0.009245653525888266998698328084926867376225345651619136 0.02661594839608645651685863483398852835648540349211544 0.03219436852448728738726349378473923223964447970502079 0.1477599936870492625037029968404489466138329589739442 0.06823518037119792559473457557728259814666671445593238 0.13751330172004173641592261745358882762957364320755 
43000 0.009141341359113395314050034851788284484541691199410707 0.02634487933867726120662413214629227198315675195772201 0.03180384118403505131966930476183907927634209045208991 0.1464286759170488774295208755926722687945584766566753 0.06763204393208726555034504199226397247457498451694846 0.1356591279302714525063127196102819027601071866229177 
44000 0.008963399102876409915137227973208622344714058272074908 0.02592268833755422022180803145324778924418751557823271 0.03151319714305657022242993132998822858326093410141766 0.1437907008216687106615886554417116371951124165207148 0.06701480277120314929154660729682113640137686161324382 0.133578806684798624847460880860072762743584462441504 
45000 0.008871099197537629116739731766072551977231341879814863 0.02567840564982243484068663921804365202206099638715386 0.03122435109757017660732131454637272582885998417623341 0.1429978721278526586271201415101472775859292596578598 0.06583501406286714289080004916532296022069203900173306 0.1337381305866488549684463482680740753494319505989552 
46000 0.008805757074535667836200851076727813548927770170848817 0.02546604926949288008542133295714071650195364782121032 0.03081680160734101608947441402336364646430411085020751 0.1421213947466273659560494213582870770551380701363087 0.06502826547329192091961803587341073296101967571303248 0.1332143800126505101504145386903665837508015101775527 
47000 0.008721409876327693200912948186254158855490459245629609 0.02525370536035581183706985944348311079465929651632905 0.03054773579291441603672681553288681399749293632339686 0.1415171271092741383948801492387303824216360226273537 0.06432688135163170273250364192274552976869017584249377 0.1309597754284889217405536340765870306768192676827312 
48000 0.008652762814764336862598768929100145896882168017327785 0.02502632384956493227113748668150039478064172726590186 0.03020381088065343940670900470257809189433828578330576 0.139705463790095833279667793258571606429541134275496 0.06385102057078838182788225324992836817727948073297739 0.1288192332492033302426869337264925263752957107499242 
49000 0.008541075208676423888135877116045691082035773433744907 0.02464725598300544204219159494934077159200569440145046 0.0297481030515419497365243181943861294769249070668593 0.1391181764742213695516988292144588967857998795807362 0.06297741601365090622900678660189832669402676401659846 0.127791367997125099138723720859633914415098843164742 
50000 0.008490213152441672084678385250267051986838851007632911 0.02450771194175928329892985568783103644818766042590141 0.0293787605402776658145496757948422761330675712088123 0.1369730838864139344467334841182193372333131264895201 0.06217168100816775830398425335687750958868491579778492 0.126826222261425492580651057383800406341833877377212 
