1000 0.1203759035688012589957775200222300782115780748426914 0.157204470610736112386662463591413541053043445572257 0.1791536103192488653542639026605698404637223575264215 0.8569772079116290094719272929513209646756877191364765 0.4252531442486847646736614764195749671671364922076464 0.9425875903745832156983147642748122052580583840608597 
2000 0.08327930228951432511458807458892827924046287080273032 0.1126658091760486658881174060198304687219206243753433 0.1238350156905312190441640664284594919308801763691008 0.6690811293030410072555855260922896832198603078722954 0.3120847964598697654324457179120244632031244691461325 0.6158300947781759658106529031762477188749471679329872 
3000 0.06921660339948095343637650064816391193289746297523379 0.0943264027876915116819014905935603110265219584107399 0.1029210938022904126809531875907932629843344329856336 0.5696797113650541255166527554454347637147293426096439 0.2444049801682341053430400426571544869602803373709321 0.5145639947734050016368498314811574800842208787798882 
4000 0.05841100544497672484022280856019726513750356389209628 0.08109481333531055688857835245242355881600815337151289 0.08620137964170974842112969704910341306458576582372189 0.4867666646576424083821699878571465092136349994689226 0.2153029492702308942401372496289191360574477585032582 0.4489379889174712255997274495955551287806883919984102 
5000 0.05189970855803968593987734840566883320889246533624828 0.07075233774993561911486683949079612432342401007190347 0.07664716296146646147129403645048562054853391600772738 0.4255140936826485342271437356531649243152060080319643 0.1898641642895444025255146866526523297125095268711448 0.4054122339125302211960272247281977797683794051408768 
6000 0.04825738347630265652100250463318875659979312331415713 0.06414880842679466328368209637744712381390854716300964 0.06944635044507308305064899323078009274468058720231056 0.3888420606737475319653486033333322779981244821101427 0.1731571082109392176553476494493821746800676919519901 0.3739223032676221930234190110597936040903732646256685 
7000 0.04547490843453161397409853158868564548811264103278518 0.05950244896746921115815464643772347841377268196083605 0.0640322231390490950297261774082357987936120480298996 0.3559363115706566975328557778102123165808734484016895 0.1605503121673649408581103018023306105988012859597802 0.3451548916428256813201426445036901213825331069529057 
8000 0.04285590201319145914427640071953096168044794467277825 0.05612903404082194711228245148637583383788296487182379 0.05957114135187051297577330750965263206353483838029206 0.332789075811044830202276023634055945876752957701683 0.1499864490196234808721533968145500637092482065781951 0.3236594989729669455185909199279592485254397615790367 
9000 0.04069879151719190713031634037966099981531442608684301 0.05355811711702560178272264704291139025826851138845086 0.0559477898480023545427610234814785883372678654268384 0.3179448657249051434121878134675398541730828583240509 0.1425250013401587454348095132528051465214957715943456 0.307845080637712745187054702578066667228995356708765 
10000 0.0388294597333564581573457381163949619917730160523206 0.05029803159403297902323181668704510371981086791492999 0.05314148015635077299223228489144510433561663376167417 0.3048782719682244181553815859375689001353748608380556 0.1348158725130335133313760204165632217154779937118292 0.2904449320474871553017775366312136497981555294245481 
11000 0.03727781308280322715781253568867459335933745023794472 0.04775814921854432148519420398002921501756645739078522 0.05013714368260498984120011531362415269086341140791774 0.2934213236526988995719975733544870877267385367304087 0.1294923815515382444537705736165023040484811645001173 0.277055859771720651223928660877859897482267115265131 
12000 0.0358414557255359875613293270391057632195952464826405 0.04608825846894086642022321520517635917713050730526447 0.04826840784539453796007316827010313886603398714214563 0.2795462214176986360223992750251298389230214525014162 0.1225002845687378866891591513987869177526590647175908 0.2668033237213830127332152286623312420488218776881695 
13000 0.03457427398806952550220587122575821581449417863041162 0.04421452085236057324974098467484928676185518270358443 0.04739660816122307566199763247116738540398728218860924 0.2685773350312956628347521581545720437134150415658951 0.1175082988790760434789678563760606522237139870412648 0.257318093440122226087411402839499885430996073409915 
14000 0.03342591268595161671894184195197308184788198559544981 0.04289896526132690442807866848529130265887943096458912 0.04485116166035545114674273209365296111172938253730536 0.2598467494306456817578215162667376603167213033884764 0.1117965274430237919330846305121518469150032615289092 0.2455797839025488775330187049550367817118967650458217 
15000 0.03231215737468921693462706005994800051439597154967487 0.04169292730763203079543256605876688780654149013571441 0.04334601729495332080553671172395979738212190568447113 0.2498128221683879168616738974950663987328880466520786 0.109034741981247133735147096522677401253531570546329 0.2378125641942506258470638527691143337960966164246202 
16000 0.03109090820011127295611520759965884508346789516508579 0.04085266871659293913307650809862980878506277804262936 0.04262786543653142693236727384098472271034552250057459 0.2443001263879092310119921921396368702517065685242414 0.1066284368860097173852072988120553986846061889082193 0.2299656118980013086807757949348030024339095689356327 
17000 0.03012693777375959607230939633210065053958714997861534 0.04000344851631457238910088460015490596788367838598788 0.04100068198770826003823853841967483901953528402373195 0.2365935828213951797949817640320802070164063479751348 0.1039366511740294677813433062152359553920177859254181 0.2213875263531749687441908119867051141227420885115862 
18000 0.02940906645615224966039381003513053514097919105552137 0.03901749783726948357656595829656698271037384984083474 0.03996851112009739979808961053697746734769680188037455 0.2312632458464559823618170858461340344547352287918329 0.1009019642236689864563461971336266742582665756344795 0.2143370609445835204350146174778757313106325455009937 
19000 0.02912609455685822256328879487768945821812849317211658 0.03816853222711095476788779878862811756334849633276463 0.03907564222277015291437743393920811740827048197388649 0.2239886108280127083688297931485244873783813090994954 0.09882638498504041846341424196187297468441101955249906 0.2085745393459709266331626384416431108093092916533351 
20000 0.02832153006300766732236814330475604961634417122695595 0.03744563578742004148920403776290566355555711197666824 0.03831238348613108487923585750156707518954135593958199 0.2182620737886335041978962817621479075569368433207273 0.09605333977323480827269913673305268275726120918989182 0.2033923019980181342750797865437384359665884403511882 
21000 0.02762134471839674337282808606192086031683174951467663 0.03632411173797772261702008697592525265918084187433124 0.03754975514238442601180748871281256384691005223430693 0.214384730146862808827269708533691527918563224375248 0.09384677512162614170838784502515217411655612522736192 0.1988117888097274221868154819858887094596866518259048 
22000 0.02718993282416824075424358932162594015835566096939147 0.03537072470878883787741633892842685327195795252919197 0.03666129415307135980893579914330349112105977837927639 0.2088876427054127032288633955547929588192346272990108 0.09162423059427151948795175345763297514167788904160261 0.194345402224727260127000449951850669094710610806942 
23000 0.02657995018965432814227081541325059532709929044358432 0.0344744837919754486144237846934057500902781612239778 0.03563230332778497431450042721989834859641632647253573 0.2047923151191529486404028018164957813951332354918122 0.08982147377995502804946034020039391521095240022987127 0.1905684227082728403860787877444060711695783538743854 
24000 0.02588445506529346940238984001170230442312458762899041 0.03381974548870969694624533455340475995853921631351113 0.03486483074095111628733830583248831658238486852496862 0.2019351234729821541424811190412746952915767906233668 0.08790393022029805618014096021961556459700659615918994 0.1852631587576882071305905616553921788636216660961509 
25000 0.02536591113234151296958174531120944195095034956466407 0.03311195441143902407741422301568068320420934469439089 0.03375669632399982408727510431456497741464772843755782 0.197870212603342182424988153488509823318963753990829 0.0862566663550927989283743924087133336797705851495266 0.1782201980992258313684717743741181550376495579257607 
26000 0.02495010024891367840631239711363109634589818597305566 0.03261309277675917108266223642942804872291162610054016 0.03273647290313079896421802165995540434551003272645175 0.1945455388006316362585349302727344422692112857475877 0.08414470849841755817300967268401734600047348067164421 0.1731501488690901254370807862970060853058384964242578 
27000 0.02444482482047863230942557222907796088406939816195518 0.03217890493827924043834234554828377383728366112336516 0.03235139899136289549642616150681995179638761328533292 0.1925853513317596556078496738972916091370279900729656 0.08205932887626066315529425529429197183617361588403583 0.1684535450248295584491304080487772409924218663945794 
28000 0.02413441512921975121487864947983359442673645389731973 0.03169106632392910774146744037893519418958021560683846 0.03209698715664150295761919071124701474673202028498054 0.1882206710063198980541774099628504757220071041956544 0.08035873865558461383589057558385349011587095446884632 0.1648293414861001102362028647441150042141089215874672 
29000 0.02390248108595295425954233362042522514911979669705033 0.03077269843594756322359222953932711419611223391257226 0.03164755166187261431186305594975838317850502789951861 0.1838412379388090506920905298215984657872468233108521 0.07929690113440468242497153467107651181322580669075251 0.1613786262798640489348790671986222378109232522547245 
30000 0.02334815729235900732747887361545613416069500090088695 0.03021018899763551997304615592820908887006225995719433 0.03129023754348321771374518557307098376440990250557661 0.1809621450670810458819133537122780808203970082104206 0.07849780952741475011232800268468068338734155986458063 0.1588692452859652861447622984591987460589734837412834 
31000 0.02302356866311212515630491189100315096993654151447117 0.02957685154925530781835516999644930535851017339155078 0.03063658131957040258601160289536613490213312616106123 0.1771190698100854491803864826371395224668958690017462 0.07693029830028210142944897903527490257147292140871286 0.1553884811442267936047560705770109734658035449683666 
32000 0.02267699291644797499415949024875738260220714437309653 0.02927464748406631428501742473585744974684530461672693 0.0302399740566874236143434006088281940094475430669263 0.174072182564816893232152728021588927731500007212162 0.07530106483615989465915012759933411246038303943350911 0.1529027542210168875882591449366643132634635549038649 
33000 0.02230149294437618834739309701953313691547009511850774 0.02891308705541764488516464758766089104824459354858845 0.03013797150861515045943577785492184517579516978003085 0.1717705442797232144223028293961164081338210962712765 0.07397843845333408853767861654282533834248170023784041 0.1522840116675469498546411153960811191154789412394166 
34000 0.02179620698727826274555244203540160796706004475709051 0.0284493200776920629248040606890102210968507279176265 0.02965955024216523077793710490984713246120918483939022 0.1677668449461838044961103227903365109341393690556288 0.07383580184259141613147339744394059835030930116772652 0.1502270652956497067569271650078199797917477553710341 
35000 0.02147651242107602146032014484022809597263403702527285 0.02804114000081121259570109734843290638650614710059017 0.02899707353261542871487161081994754496804489463102072 0.163875363576478435753691620391236938303336501121521 0.07351629586466242970014314112026099223839992191642523 0.1480824418974312505251859223287524969236983451992273 
36000 0.02125946332966548816479821458480525819823014899156988 0.02766210568215405232091468230859465649018602562136948 0.02872318433435930261829189917566207412846779334358871 0.1635465527496269059316109581447840071177779464051127 0.07248411372229408563221510555796278651996544795110822 0.146499417972464449633749651591418938778588199056685 
37000 0.02082946920536132705206874230624558563818027323577553 0.02700550750890387074610156457193932411087189393583685 0.02833820869752117051416136911390353247952589299529791 0.1607584843065615245186672152555296122500294586643577 0.07146366584848462472415436125272591993962123524397612 0.1447803931174146010822916669225079999705485533922911 
38000 0.0204369722993964100428307623449897256762142205843702 0.02656441713582286689777662170436345334678662766236812 0.02788055215520908903804571735141060173646110342815518 0.1590556155816462201253507977027901176825253060087562 0.07080791179366665963915107237514057203497941372916102 0.1427634084821186361051676208533400824762793490663171 
39000 0.02013598328408870798899796012576546289096768305171281 0.02617532414530650505665114024383965940501184377353638 0.02770694969278011175363028890938910109298376482911408 0.1570449446055526529812066544034010462382866535335779 0.06966733784432937459527241177981160547005856642499566 0.1415893380606536223922757578019826496529276482760906 
40000 0.01993415722004230017159575726742870571683852176647633 0.02596848647194872796929623458977998140539966698270291 0.02744897127482091080409565796160986650420454679988325 0.1551387821480288409361830356814060394299303879961371 0.0691964526404916704515214026516289891333144623786211 0.1405050206877603132866365667763552949054428609088063 
41000 0.0196632476030572633401733318586623866508489300031215 0.02569607437175979252171531194703923972610937198624015 0.02710090551465009887903846296647314417782581585925072 0.1530397083645419495443861651606809459735814016312361 0.06866416963827569937289406129532487454980582697317004 0.1394821238009383750967341841775493094246485270559788 
42000 0.019402394629698071120614500870149576883250119863078 0.02540247666539142307759544664458317697608435992151499 0.02687656275652058625936005869377920518559221818577498 0.1511439753059212131008470086923622943686496000736952 0.06753055711310170150838512112545508614402933744713664 0.1378154859409419699244492979461895743042987305670977 
43000 0.01910585894508435260718854243472408782622551370877773 0.02503195113596712281618596358800932222266055759973824 0.02661355706571650168983523675886315729144371289294213 0.14950044443108252302369366726342292395202093757689 0.06753701786268567439921409883973879573204612825065851 0.1357677869540741943113959164235460264080757042393088 
44000 0.01888843604370739589888247324245273972564973519183695 0.02474534003026160013165258774736621205647679744288325 0.02622382218248016853220396221030297212450932420324534 0.1481478237871753123890659897821109325377619825303555 0.06666410600718474252577693678345482908298436086624861 0.1347095787678149181310332388461503683174669276922941 
45000 0.01862881635091488745824218811047989774465349910315126 0.02439056059197543012076339966065496867031470173969865 0.02578558821987833640867495126752784173618238128256053 0.1474425226016775251853879388774792857930151512846351 0.0657631318729276385392254304640413664628795231692493 0.1332262502033017488633007130438556941953720524907112 
46000 0.01834982400858381339552526882036298516709393879864365 0.02409480592841857908930854915985353414953351602889597 0.02530182684341504341463753753604937202226210501976311 0.1468099006184924556941539391941020653575833421200514 0.06513217830576907048926353985263126844529324444010854 0.1324493804581620875674254425580222971348121063783765 
47000 0.01812793280823985040962594353364245591819781111553311 0.02389093048844853387005233557455197157537440943997353 0.02508466409357127079275543487385524699107008927967399 0.1447779299200881250478476630627611143609101418405771 0.06489194375772758151802886358860966709016793174669147 0.1320563480114311276846991716205081957014044746756554 
48000 0.0179439459726901452334233300761612284190960053820163 0.02365315065190091199083348687953742839340520731639117 0.02491876391269742935467965041368421097445207124110311 0.145039292561464652655915663626018385912175290286541 0.06414403793456646276591745850503833992206637049093843 0.1306707466961634877107784405425583429405378410592675 
49000 0.01789914183615502346963378917099607434693098184652627 0.02350381298760191466133782217662329117047192994505167 0.0246043919640896875187775988749749878081729548284784 0.1427489826671461532026736682143841505876480368897319 0.06327513001762652372861285218763605087133328197523952 0.1286028894926477521710572043955878029919404070824385 
50000 0.01772132755838874675387978590429538527928343683015555 0.02316661478621483501492235232421812440861685900017619 0.02430488434512236589685109811737051543900633987504989 0.1419502755535383571041611189267328541063761804252863 0.06265075459067488845686265050427543599198543233796954 0.1265162483773846868972913146111913818003813503310084 
