1000 0.05076373316841026039214360490725574948100984329357743 0.151477828491138228223520170723226385689486050978303 0.1942356600636160058719883667044392439038347220048308 0.8666222637188728584751312711276227673806715756654739 0.4366838455572085202151429161876450280033168382942677 0.9602983217009216121190680326424882196079124696552753 
2000 0.03613806694686452490017348170014965802465667366050184 0.1072257012767839765341295124589926501812442438676953 0.1360021324441128507949476389438103751672315411269665 0.6742175967129373705555989149118545356031972914934158 0.3239045873368549268388454781542051819087646435946226 0.6211000743048200753654644601375878210092196241021156 
3000 0.02963449913945573506446340417141982470639050006866455 0.08883256826578714074722992535826371351959096500650048 0.1131536391026042783636154989701516626610100502148271 0.5723542223702462385537953482028683538374025374650955 0.2528634652908148115920110993171121549494273494929075 0.5223866142430772561782402474417352777891210280358791 
4000 0.0251649425236431998352852005412794156313793791923672 0.07684679844480384331014636428713870941464847419410944 0.09275409160571207794549397282479752391282090684399009 0.4859617649231905168463133831702194243007397744804621 0.2222043150085242416131138878943040992908208863809705 0.456284302534800039169004398642570663469086866825819 
5000 0.02235175502364753008044482435190403180058638099581003 0.06809167314525582372720978810431979866280016722157598 0.08313237700432817896555081141340970418696088017895818 0.4261516164237879826634427388176717954593186732381582 0.195919182096507981012418336819180808561213780194521 0.4096405400979164244186676857584217259500292129814625 
6000 0.02050234580858860185727124501170459680565727467183024 0.06242956738562756049859179229011285627848337753675878 0.07574762418991703814282563309023821318533009616658092 0.3886940071678708084380610837671454760311462450772524 0.1782241708785784467658150354019142014294629916548729 0.3791355977339178481508048107473385357479855883866549 
7000 0.01917364217622862154736152091871748126550301094539464 0.05796682139454613008348513557288494979502502246759832 0.0707466092525395621318294418766736697534724953584373 0.3562206410506982574425572513066029500805598217993975 0.1653068919076041732733927183685018746928108157590032 0.3489794119136202535326387458303187827368674334138632 
8000 0.01804013141348182793192599007031651225929635984357446 0.05460214018423727428175914848373917465096383239142597 0.06627055965761077929504149763850762155925622209906578 0.3332188317660946524770889526356754117841774132102728 0.1548702312584363285344248722941173923572932835668325 0.3269936601294846572696509157118782695761183276772499 
9000 0.01736916731011665856196715673753772080090129747986794 0.0523055109257925672574813646259483945755164313595742 0.06230095500680311552949139017321122935300081735476851 0.318288799098973445206349833225267786929180147126317 0.1467229680180553235774526879553469882466743001714349 0.3112527740862142756124875814238706084324803669005632 
10000 0.01650400600666190990331030300636294683158666884992272 0.04945844937745623059969645070321764279697163146920502 0.05975227930002949700490923710949342506637549377046525 0.3042906022681310164196711448569843128098000306636095 0.1393834980055647157211155817702064041441190056502819 0.2928540748733137336686383617179174621014681179076433 
11000 0.01584936106656685856265579046692204556734395737294108 0.0474403639321281363292609478676808976160828024148941 0.05627421334204102213865121215330411530430865241214633 0.2938229663312218160691434432063573467530659399926662 0.1334619884285747581199139608076897900446056155487895 0.2786945532077544940578652660212455316468549426645041 
12000 0.0150282362170527134085200858006070578909429968916811 0.04528625529362609603362056949482639112147808191366494 0.05387195551478440484283530254039362716866889968514442 0.2803578770026700118253668719825455468708241824060678 0.1264029374369335314990184238048698261991376057267189 0.2681707738172219482428344783375706583683495409786701 
13000 0.0145096091523577305078908155841488358817059634020552 0.04347758212109902767290381744857974410933820763602853 0.05270542673659094958456858108497566917094445670954883 0.2693455654806648150027034022135907775918894913047552 0.1210387627430718266691275948609973767133851652033627 0.2581814978764273453613973391407299118327500764280558 
14000 0.01421735103902592948258928624155617015389907464850694 0.04240112621857783015000948299844107935996362357400358 0.0503962346734449289376305165799596608167121303267777 0.2605477598080841494842044281377013703604461625218391 0.1155651293396523274611053730409615525331901153549552 0.2465656966492362243086435349970209074399463133886456 
15000 0.01377827764713102079805883293933677080644883972126991 0.04121895934703187989854187775473626231814705533906817 0.04871455814011739737486375578789932205836521461606026 0.250554056578583995203851619848478549101855605840683 0.1125660961773335835909692209666488338370982091873884 0.238807368720643765208893477547391626103490125387907 
16000 0.01338601612434932836349953718529937063408397079911083 0.04010460270776106438407842928739466259457913110964 0.04755748589335999499782669380776312095804314594715834 0.2452243312281082888716117820782081082597869681194425 0.110114130486453253017595666635175533087931398767978 0.2314354895049230772142035555960504211725492496043444 
17000 0.01299039038440090736739292512358368014702136861160398 0.03893256130178104299508282104547163271490717306733131 0.04591480009763242335694803653023399192534270696341991 0.2368253967244943158481631714784576558940898394212127 0.1075224329363390158231187504478398864193877670913935 0.223017548536376097287640615784987119241122854873538 
18000 0.01261989429415611320395139037173204421549144171876833 0.03786535143761552645150269061358194733202253701165318 0.04454737949243299801688417485778792581641027936711907 0.2313872153024843108832121069129428292399097699671984 0.1046473685407643190346197586970689030749781522899866 0.2160032736371761431917520521195363869537686696276069 
19000 0.01257731396390145446448669648217832950365391297964379 0.03751866627824585576729196634282459399400977417826653 0.04337763532833894947318481224995956324619328370317817 0.2240599112697204166186814786043690617134416243061423 0.1023525908704141409294712666833149228295951616019011 0.2103793475042994652574697075908538579369633225724101 
20000 0.01232316092160833082562898955353292151926325459498912 0.03670109551699479259056916116699120777866482967510819 0.04224739918791547263932258104990324909522314555943012 0.2188606077271467420362503417119448556604766054078937 0.09910295299608481464057095980391132172826473833993077 0.2050245774953611119695209147328895937789638992398977 
21000 0.01197586532257460347067470418994106218235629057744518 0.03575518767962910595501900730408539885729624074883759 0.04154114776970293168505501436860161135200542048551142 0.2150847025794031257175508570211874825872655492275953 0.09690683563280017959298872146089998125262354733422399 0.2004868665144505475233464159012797267678251955658197 
22000 0.01181901878920814558656738387648621468883902707602829 0.03524233524966097872593330520007981476737768389284611 0.04043553882562130875573998961547417252404557075351477 0.2093329443959553501619077695017345774886052822694182 0.09499290599844437948121511280930029386126989265903831 0.1958663110087205905344162962244958237079117679968476 
23000 0.01148108261473060405226956576588137615146933967480436 0.03424088465764193857599146167403070251111785182729363 0.03945881532159347098581703150443900085519999265670776 0.2051593203249264817821699916078337366798223229125142 0.09307573305477426115563154354615171826026198687031865 0.1923352056835013054253901917944880040067801019176841 
24000 0.01124441567622708192056849496251458297990666324039921 0.03359317389427030990984202225846377842799483914859593 0.03859272939358238408219460742476503156694889185018837 0.2027165645652052360575290715360985416282346704974771 0.09095999061851758058297456877028253074968233704566956 0.1868920304093834623563111230204469848104054108262062 
25000 0.01109246010435812652333896575346239288251126708928496 0.03303801868091940164336856033955314160266425460577011 0.03750158251394285277089258971716656532180422800593078 0.1984886856638766606787888449603407536869781324639916 0.08930399300897983499362801917964560516338679008185863 0.1793869136153735880235930710835390300417202524840832 
26000 0.01086822667020381261271497370934913107021202449686825 0.03242990574550503782942298403035863429977325722575188 0.03642608792393810122068318647914342278681942843832076 0.1953455851885939198176985256982796101965504931285977 0.08701610567384287024640058400004605232425092253834009 0.1742889126295224501238647143996907118435046868398786 
27000 0.01071551186334544856100368286425106312265143060358241 0.03200463937531486690896576768894377096330572385340929 0.03581207525992358300617095581697135742160753579810262 0.1936002973171236231462056381902314683429722208529711 0.0849462640897204220561842943904018454759352607652545 0.1695855451133517466356069591792987694134353660047054 
28000 0.01055039716852327553679301731098805205988355737645179 0.0316042157316559680800202580819302511372370645403862 0.03540025563193656178378565350939322087242544512264431 0.1891054285777372235926013094298170358342758845537901 0.08296264903917954641867976359193015412074601044878364 0.1659458660769408746166750714956528156562853837385774 
29000 0.01036665691771986078006310798282907370548855396918952 0.03089208761245354350597651978821422957821596355643123 0.03524206075365126061743115994107089505860130884684622 0.1847676318437095495633270408886161817463289480656385 0.08179580317181536611609608475315091880020190728828311 0.1624609205439030017078519060880203994656767463311553 
30000 0.01017054442414806451543357688344082490061737189535052 0.03033009514452195827325503823396202207618443935643882 0.03468606587075539141723761610291987267373770009726286 0.1820508798949827604477273365612965960735891712829471 0.08076902591387555919365216425265252553344907937571406 0.1600071639771691040513750328710962378409021766856313 
31000 0.01003010916097706541093222435898080213689809170318767 0.0297899831719001730485500744130544781285152566852048 0.03386304138780851552721629094122590686311013996601105 0.1782519936685683391893852273168974420514132361859083 0.07924900894511986347118178211634820229392062174156308 0.1564146980739160896399725722560880569744767853990197 
32000 0.009917348520052905421028456665194505958993431704584509 0.02943413974516596026173413398058231749132573895622045 0.03336534267892200076731541724672780446780961938202381 0.1753566013630551366069562982397123107602965319529176 0.07747692134779759184009606878817955077920487383380532 0.1538259138738303149563160787671733942261198535561562 
33000 0.009768471501036782505690667273434701911583033506758511 0.02894804829482687775746481157607137291165599890518934 0.03317715512821687450531428151268009685281867859885097 0.1730191854233052605913870808373999921059294138103724 0.07608502124319784898598103065059383709467510925605893 0.1530568274715175352250224466432726444509171415120363 
34000 0.009536892362292236841180980040644232786917200428433716 0.02836602487767319295181077474371500457550610008183867 0.03257133024452312941457530343081216983591730240732431 0.1687864087180036751483641621618403405591379851102829 0.07591857397215755519977609805382101626491930801421404 0.1507987079472217624523952897441780862664018059149384 
35000 0.009405130694077553919016257497759392336433847958687693 0.02805557469678996044581997023475983255025312246289104 0.03187078124735961541061130160301662073152328957803547 0.1648873574285378084091887099238427083491842495277524 0.07545696208567905121814911942323966798085166374221444 0.1486266148994165584349249134565873475821717875078321 
36000 0.009221765251969367547022317713190098231734737055376172 0.02760893427156298703872762834859999614423031744081527 0.03144846777316378032580555974828673271304069203324616 0.164555360737718661678918863344733836129307746887207 0.07449896502904554145723433483672337729331047739833593 0.1472560315275053244142176508968411496880435151979327 
37000 0.008978902573448558914440847424087710493267877609468997 0.02693427862920505573454503511765523171561653725802898 0.03104002786352914992409337494733145845771105086896569 0.161839287729517783808049456728550552497836179099977 0.07349455122159457305105545801837685360169416526332498 0.1455662393411501032505512426284965954437211621552706 
38000 0.008807998509599861392097052206762164416886662365868688 0.02645152302715739580087571901356735537547137937508523 0.03055116154680975704332546779434798267516271152999252 0.1600719974133079311388264814874915487052930984646082 0.07262274261678804979580018758023030045478662941604853 0.1434250138442859524569262738569186410586553392931819 
39000 0.008641187154504750476168906982155082374674748280085623 0.02590320204837901960003509159446988263653111062012613 0.03044618599589093598885476427834406720762672193814069 0.1579794756868878443853681375896869099051400553435087 0.07162344441055989194782173748454745521030417876318097 0.1423688850485994734354142088328387671936070546507835 
40000 0.008554202713614808109913979165123132375470049737486988 0.02567643130694119310520814880582918249274371191859245 0.03025691939614501361310416448907600894813185732346028 0.1560764340243441600854538628406764644296345068141818 0.07115309133965895354683979870391574706900428282096982 0.1411664931325752286145856773114104498745291493833065 
41000 0.008444077333926825023249361674981816605622952920384705 0.02537118924738264151037955493328546197062678402289748 0.02991845816611103740056520471773948699478751223068684 0.153992972070364604570769442859479170238046208396554 0.07045472159219571433360490564368205923528876155614853 0.1400756501485054474374436841999091996058268705382943 
42000 0.008326202248844765253445079477429002778876565571408719 0.02501807745610805799303482093581818546113026968669146 0.02963332069869520715111265406205287575858164927922189 0.1523591981612458164547238906316728446199704194441438 0.06934871624027908876676615929079972033832746092230082 0.1383833117372266372028513300995733459330949699506164 
43000 0.008193451397068147414673455492667430988262822211254388 0.02465376745927965295969658612862396296350198099389672 0.0294202500927078920481668117617446434053363191196695 0.1505831500998870698109378257756318930660199839621782 0.06930182192197844101019072945990551204431540099903941 0.1362332572563932283086964719620581831804884131997824 
44000 0.008098925616606867522959416118982778343138306809123605 0.0244584966063691480597102907018625117530064017046243 0.02891941021626871361029423573157925986265581741463393 0.1492709114604591220644641894055304476296441862359643 0.06831616891702239280701044674137811796299502020701766 0.1351483847462649313600361114517944827184692258015275 
45000 0.007971155964349484532865009345919959926618503232020885 0.02410313769625733719397387821298250898394144314806908 0.02842927032731591509271177296847010751434936537407339 0.1485561578554168172134610989565395300360250985249877 0.06746551779559433822009307385458853900672693271189928 0.1336111189930777349980147578056843826743715908378363 
46000 0.007842829350853372968099060276447875850180935231037438 0.02367383530348942755148350380878241594473365694284439 0.02794861369599471929629872380546062871076173905748874 0.1478494789322613979732018787971448148255149135366082 0.06674256577937638705105794986738310115015337942168117 0.1328357738940803120568584852478899449579330394044518 
47000 0.007724451741154665043821372786073120586536333576077595 0.02334016761627377569415103548272627520532296330202371 0.027617485637895486675759903170968012631192323169671 0.1457301350669305835098827489604289553426497150212526 0.06645468390282976652217892740703852894057490630075336 0.1324519113879949136096175407728559036968363216146827 
48000 0.007671288062671295256625668976604992543855132680619135 0.02319361631713390719037020532011794671234383713454008 0.02734691581304469739496982617910081359013929613865912 0.145835773775497243588661865076883117353645502589643 0.06565399374491480842161959807778970343861146830022335 0.1311687965538851644768745391411712830631586257368326 
49000 0.007617167726516320718014836990694682583580288337543607 0.02303714598361622806938517424996115678936803305987269 0.02701234514412086587537974603084878211234354239422828 0.1435720091889484313098495488203454328868247102946043 0.06481129186277945074701623690005547473447222728282213 0.1289802892911232117873670047214496037213393719866872 
50000 0.007515456180803571634282608804333847274392610415816307 0.02272161348393497572055769410243053485487507714424282 0.0266905523360934167358029644318007100878276105504483 0.1426387320004420388997986093859715595044690417125821 0.06416016233940525873306794796269159064650011714547873 0.1269057348291517764188752331877552137484599370509386 
