1000 0.07058020265854361360857716078953671967610716819763184 0.03741999102817841843935850985880531283100935979746282 0.4729046405072936258063599768153295599404373206198215 0.6826797273194085394665449328943651607914944179356098 2.319107048048815011408868569375840706925373524427414 18.42100603552436653871648974956087840837426483631134 
2000 0.05028984710246545369280750034657323510600690497085452 0.02645842941762564638138739269573873613694559026043862 0.3408544568912635322921900887793711376616556663066149 0.4705004600754617269430316039979800279979826882481575 1.777803599839115236518061191617334770853631198406219 11.4922577297931114191989476758237742615165188908577 
3000 0.04132690073541952284984744847573523429673514328896999 0.0217739569885478711903340105771054169281342183239758 0.2705171848278266387508982776521904156652453821152449 0.3695003183473345180129737003182910370924219023436308 1.490706178082191039045191482959040740752243436872959 9.079314432169245920913047687150765341357327997684479 
4000 0.03568951433189760583645664879237635602748923702165484 0.01879265570928323549239205916827621933862246805801988 0.2416860145895868335893597392272091894938057521358132 0.3305618985615241201209482668765815560618648305535316 1.317664364588595875987277195040547894677729345858097 7.221931331495529882667783194705179994343779981136322 
5000 0.03239068943030816204251953055459622987655166070908308 0.01709045220010751232929749332534186123666586354374886 0.2196991648124012815631971029528557437515701167285442 0.3039099457280732674417135508182497005691402591764927 1.191284710008675570076970562372054018851486034691334 6.079591736822119862806296231028113652428146451711655 
6000 0.03005822999435286441482020631382754416449643031228334 0.01579869874687833692703908643195642724776917020790279 0.2004738853760420425937803165505890490294405026361346 0.2754749752887187080841943642717239981720922514796257 1.077737518586469498099549013669928854142199270427227 5.290861539307797955199175188312210593721829354763031 
7000 0.02758818538629572135614060821029447367891407338902354 0.01453585866626286840732387153560245529604344483232126 0.1847043715224838873089274401961823457440914353355765 0.2544205321933454012331074500785632608312880620360374 0.9774534768695355467851837438786333223106339573860168 4.672328449593221028589284937737602376728318631649017 
8000 0.02636008629622231560974321331464187423421208222862333 0.01389988867979148697733623313288475742410810198634863 0.1722102742989637013721780298136643239104159874841571 0.2344745789827150047094327101060429185963585041463375 0.9241740633793672506741609384839364338404266163706779 4.546058015415164177235041176317054123501293361186981 
9000 0.02459007553129545445172541434653012970557028893381357 0.01298431734600980105951307380651726930409495253115892 0.1640896805862856882451570814107633111689210636541247 0.2211182899257334334843861159414224459851538995280862 0.8674734415985667912983060612308605641374015249311924 4.48663879621056016153146650538019457599148154258728 
10000 0.02318054947231658469588395313915052398101579456124455 0.01223798250869608636655935882814327797518672014120966 0.155363221831940864206197949748400333191966637969017 0.2089923022474875191059270895799215850274777039885521 0.8108453655261287902709238517573453464137855917215347 4.193818471920303617584552258179542150173801928758621 
11000 0.02215358124804956545882248138135128812109542195685208 0.0116906962487886040604137950597862793955528104561381 0.1478303217808157514701278625879332651038566837087274 0.19841384493718155023855680141320334541887859813869 0.7778964684917510493344060262810302219804725609719753 4.009750366793353689061352174149988059070892632007599 
12000 0.02114507730202049337751206512653334712581454368773848 0.01119425966865103999488522800581646876594277273397893 0.1415891224608448986286256265909599960650666616857052 0.186974723410694494343938995561948956947162514552474 0.7516538933961522834788053504251337244568276219069958 3.802633149639730497258358066225980564922792837023735 
13000 0.02010620323244722579692899538938988257541495840996504 0.01064549094447707861329246959922190107761252875206992 0.1365970362365703547156015745800416993915860075503588 0.1820088446789277549371340383932427187119174050167203 0.7120160061110345556993975191240053845831425860524178 3.845342046385853633722398670080622196110198274254799 
14000 0.01905658519712767222667405744157553826312323508318514 0.0100895466842067516744917577559137455978088837582618 0.1304452822943457105986419033993861660292168380692601 0.177419225225510215505756762832678674612907343544066 0.6827921611938988404391648323610297666164115071296692 3.755791734544367286696003871426796649757307022809982 
15000 0.01857024709416343413929235094117498050536596565507352 0.009818086008446568341346866355678901783221590449102223 0.1252907403754105654115338572274218620350438868626952 0.1702667146272239456024268772216245793060807045549154 0.6604108568972156101785711546092727530776755884289742 3.754984334934746170861150083020163492619758471846581 
16000 0.01771577011146682835608526587756195169731654459610581 0.009361402526039711259272808191456149984333023894578218 0.1210910048924545450620615313908068344517232617363334 0.1635249419364825296447675528899168284624465741217136 0.649929423859032010435312493035198144752939697355032 3.611381149271828834221298443196701555280014872550964 
17000 0.01699779560960470661851618324328372366949224669951946 0.008986490273155172860644775405941642176799177832435817 0.1174665520052885749817221661128741061475011520087719 0.1600358000183824260469591174715908721282175974920392 0.6414380142796562705043844632157856722187716513872147 3.421436049570595476542259061325523816776694729924202 
18000 0.0166098804072692024269190065252632670933508052257821 0.008769496090552194586393284538028414232258000993169844 0.1143348287528718958700065487510411088578621274791658 0.1549676972803968693335758405327240438964508939534426 0.6174496871349899266689237320449024082336109131574631 3.289795703926716919978864850371280681429198011755943 
19000 0.01629495402808605614994677274892653784377216652501374 0.008609369110686434066543790653847079141769427224062383 0.1113499159536924219024260629407052647366072051227093 0.1498194177557909128624792985395863809117145137861371 0.5933855785352205887265598927005072482643299736082554 3.179891114364610637654101621407676248054485768079758 
20000 0.01588850979810882975797655530802998669059888925403357 0.008393904903587839089777668678121758105703520413953811 0.1085969411207429764364314206392947426138562150299549 0.1461683212769165733375519716785717605489480774849653 0.5771975887793006176722243605325957105378620326519012 3.056803062355239082375710224503961853770306333899498 
21000 0.01550146934679184334455201519503697582536005938891321 0.008183720435081563380748468500280878856756316963583231 0.1065580930646786050438787861460721018147523864172399 0.141806997256861803372203489903569106900249607861042 0.5566659976764887780950781526190240811047260649502277 3.1784221109674959877041539035857908856996800750494 
22000 0.01525321643755451994155746247433524942493932030629367 0.008063571403369291539826738471341549541193671757355332 0.1044839889983533940802937559078067408790957415476441 0.1389231872511696247533266243556759889088425552472472 0.54093769654523417961776432516529666827409528195858 3.123144605511728046521452428763154784974176436662674 
23000 0.0148755335192787780712917562395136705788445397047326 0.007857092717767978745455482569165495121410458523314446 0.1022097416950876827229188585632879693321228842251003 0.1368007787092823053282011208642288124792685266584158 0.5350506523163775461355944063068790228498983196914196 3.15045042723257242471904260305848310963483527302742 
24000 0.01450233748924390971888042636481208624843475263332948 0.007651575556811767815648607678202797188760087010450661 0.09971034167346652641764981686578472874771250644698739 0.132880647248387094715876312334135178616634220816195 0.5198473151006176856008846043355475785574526526033878 3.053457689218160830187803744806274153233971446752548 
25000 0.01409651864611421441340612060663661786463762837229297 0.007434871886538105444190975990698122544131365430075675 0.09717029706929174611405603673164321776312135625630617 0.1291000944572443450981524132314959274481225293129683 0.5134826403746743635832412711028638341304031200706959 2.996243505411538870803617173876887136430013924837112 
26000 0.01374051234569528396818637646509264627070479036774486 0.007265737925690712405609855131446983556031682383036241 0.09455358157929611727024596032342707019324734574183822 0.1273435144448763833369478448709344320377567782998085 0.5049143024716549741953870722444008833917905576527119 2.932139122762767476440548541916086833225563168525696 
27000 0.01343062856967533670874743621445612795639590331120417 0.007097126771483615605627095958979344558770208095666021 0.09313038294285123535655186027826246686345257330685854 0.1250539218063794913660341859285018983882764587178826 0.4993719569682480303443247726669085295725381001830101 2.916784548653882721538574407382782283093547448515892 
28000 0.0131110968888639177996552147818787315003419280401431 0.006928845810006079333952597057791344958843637868994847 0.09176220100068894203995846503563171836503897793591022 0.1240137398724010506424362751398682291892328066751361 0.4917283938149568631756185232983824562325025908648968 2.934701698381142022766313037784868811286287382245064 
29000 0.01284813578078907244652099054957328227999369119061157 0.00679286893032818254859785123134230389041476882994175 0.08928772369115325973173329446308521539776847930625081 0.1227361549965607525307246042367559368813090259209275 0.4827978709949562290668946540339590001167380250990391 2.852284397649528579349320622782215650659054517745972 
30000 0.01270399008417084848529538107161918070175943284993991 0.006719928304183687707252869243321202752383669576374814 0.08779964735806656184522291444527475334780319826677442 0.1209579629069386054115997630731271783588454127311707 0.4787173956184289638966268543018856007620343007147312 2.797036964541556417667214629041438911372097209095955 
31000 0.01255192977870299190754391997076888642936864926014096 0.006630813771243221544813770118587115121044917032122612 0.0863182055361441849782857746453679226306121563538909 0.1192346504899071609357439141541057381346035981550813 0.4713227870838600611926548500374423156245029531419277 2.733532887366580167894103414738538049277849495410919 
32000 0.01238181639004399353932555629884126879858285974478349 0.006539163274827497348069989518276612372460476763080806 0.08541907530606573584132552856562625720471260137856007 0.1173920863877551726793535546988778150989674031734467 0.4658343799100633676334333455049119265822810120880604 2.682551924094998379351911799162166971655096858739853 
33000 0.01213266725247757112013922715237912441921253048349172 0.006408203712799731354432135116069857438958479178836569 0.08475985388577006949937684907037116488481842679902911 0.1151269323186203028021594614582756577192412805743515 0.4603784468031858131693411645413149813066411297768354 2.652325778954817063308435631796555753680877387523651 
34000 0.01204405134626907942830181851359694356062846054555848 0.006352773300680653543010499833404436387240821204613894 0.08324975457184140669310117022217099247427540831267834 0.1131867480893665401173045839677833157566055888310075 0.4529601405474583209007782835797684128920082002878189 2.577626121987604520917336525798191360081546008586884 
35000 0.01193331921682990017028868495740923094672325532883406 0.006283103382018165450097473435225881033261430275160819 0.08242467346082001039629227195915106563006702344864607 0.1114566073955564739762736856110159067156928358599544 0.4475774853126421951314724279047396748865139670670033 2.506604690428698821533931573313225271704141050577164 
36000 0.01170959549255300867722553439728705448885648365831003 0.006165629178429605211981574678162254521396334894234315 0.08122337520678259726458628545153750621921062702313066 0.1096945873382281909532137004203988794870383571833372 0.4439000045766802592540206662263813086610753089189529 2.454799839256615533742214574353113221150124445557594 
37000 0.01154756987098604096433972047985871967057391884736717 0.006075565897995950043741899887148050218854677950730547 0.07933236940957866366200355173754488191661948803812265 0.1079624674132256441564498526675119904894017963670194 0.4382770378059470219370401949943172326129570137709379 2.416644236171604493259093549006877310603158548474312 
38000 0.01133044894879626808062975974744635010438287281431258 0.005960558343336631180112958382569243731552433018805459 0.07780530747156260983922720225747227118517912458628416 0.1070587701924936140180570458280140400120217236690223 0.4321760062593749308510956974593852919497294351458549 2.369839971433438956379888273851008761994307860732079 
39000 0.01117150032711949736871718521710739047136939916526899 0.00587458303494876134122050720734464768213456409284845 0.07711217838337437993005522851586164279069635085761547 0.1056797022677879767523726611821999199491983745247126 0.4282611641129896194789359459287325648801925126463175 2.325507574643214083387129931246306568937143310904503 
40000 0.01109380276229977969805489844065671256601035565836355 0.005839503646323296330226368432494976623559068684699014 0.07644948425222491959117815732427381192337634274736047 0.1038616220037421678247763039137918639198687742464244 0.4232838717615254568325724310318136645037156995385885 2.279877533541697218286842252510382422769907861948013 
41000 0.01100614297891206602569971534019699355155808007111773 0.005802631906156280072879674906613511886632750247372314 0.07646558541421268727361496356231818083415419096127152 0.1032295287857934274562601156821628478610364254564047 0.418034461044352183663663433121904233757959445938468 2.225129318672689273999817927141009477054467424750328 
42000 0.01082858771067659264534030613344461890790171310072765 0.005720404707222910744003439983615399988536864839261398 0.07484848664408791994419800283622201675370888551697135 0.1027845220414795848393445937274393031657382380217314 0.4114320854239359066817360854884100263006985187530518 2.198486025738591410211286714115885843057185411453247 
43000 0.01070339166830230259231017007556796549749833502573892 0.005655989367274927072471520268781564055871058371849358 0.07425587026644609891883313385063658529361418914049864 0.1011729106334987260702577317739159212806043797172606 0.4061785712879760648998973826540037634913460351526737 2.219473402978655864623350191244810503121698275208473 
44000 0.01048526599873083129888992875294873030611597641836852 0.005546694893091615105697514669785830321302455558907241 0.07377928016655928338880148301126560284046718152239919 0.09982042539307175971858773766420824813394574448466301 0.4010696609166977559860454982665345369241549633443356 2.183302358958636831248040222064332738227676600217819 
45000 0.01041246787546247886513368181501948406264546065358445 0.00550530044744127756451500363583939634537500751321204 0.07347660893299131161222979141678379733093606773763895 0.09864473163962696342576489533238159879147133324295282 0.396065882947735095609680805450736329476058017462492 2.149006221518688071340022482935694370098644867539406 
46000 0.01040076406677699620148753231058114110396672913338989 0.005499771983952176839488383292692263992762491398025304 0.07274613396168963355464722603249683174908568616956472 0.09751129990035556400774499272166018215557414805516601 0.3908824527579768629980024041703501325173419900238514 2.114282305071242242617765572099131077266065403819084 
47000 0.01034114051218175341128116540012626956013264134526253 0.005473853250500697333686474536570965021553547558141872 0.07180048113583806485926783885753721392575243953615427 0.09654766642495791782388339999365634014338866109028459 0.3842713555536454615117053501549548855109605938196182 2.09402448846088999417046350171034418963245116174221 
48000 0.01019648321415003220673012101701870868453170260181651 0.005395797999701291692229430160127057192198662960436195 0.07097398471985849616053623756251056420296663418412209 0.09586805583519185666128157100041029536896530771628022 0.3821018435833491319294271532092110987832711543887854 2.060994101916572117036419165003735542995855212211609 
49000 0.009990633924892069243140272066100449066539113118778914 0.005286968925095757447681077412227068634820170700550079 0.07090261661202567493084061162056386251606454607099295 0.09480580680824016549053303432037509423935262020677328 0.3807512339461642598330368830739089958115073386579752 2.041208759296714829976904237440749056986533105373383 
50000 0.00991371632394369301152905809768056677455660974374041 0.005249838963749623079020568874181185137217653391417116 0.07032583894972751998924884175856675483373692259192467 0.09410780410436325768525978388567843069267837563529611 0.3746873858664045803756013908181188298840424977242947 2.01263974555597140538888700778130669277743436396122 
