1000 0.0868337915182866845062122952703109746153131709434092 0.06538314841038141191358230852603838911818456836044788 0.4661483782536795412998475995891567436046898365020752 0.6396317344400572506486236934453160074554034508764744 2.757039651861403207946249471760324922797735780477524 16.17639638358338733357955074865230926661752164363861 
2000 0.06582244241940418351719628217710855722089036135002971 0.05213953648351187756816412302574015313894051359966397 0.3308772004467456590774514235686609708864125423133373 0.4648949127270769678284528109157847097776539158076048 1.846404805243659185483469375999021622192231006920338 10.46840613307506846329369976089651572692673653364182 
3000 0.05531525421329612123759553871105154598808439914137125 0.04600205025812571826669553423649894341451727086678147 0.2748295505833394592387283750234416856983443722128868 0.3685604956290975797576249528564318325152271427214146 1.456820475083457871946952810748854290068265981972218 7.673594086028215272878016950386381722637452185153961 
4000 0.05091693617840411006974154703441648450734646758064628 0.04291118627016681767269326401581519547789866919629276 0.2393289636749394719766404274197135748636355856433511 0.3186317450453570778985765837854060578138160053640604 1.282801715700027527650162184613691351842135190963745 6.271112170234265846286564327627388593100477010011673 
5000 0.04779588686617461479612368156766333271434632479213178 0.04089065989226796730678179653262205306418763939291239 0.2158902557014097301933339134727418695547385141253471 0.2773005812916901065376829721431661823771719355136156 1.176826781051465821556142876680439712799852713942528 5.90533629276767941780959536579587165761040523648262 
6000 0.04548937487944455550158378946690174160494279931299388 0.0395465652578103885003452545171542809043785382527858 0.1983251552912005882887535451741811698411765974014997 0.2623012536578200142565759495072441609408997464925051 1.053903264974416559155226402744176539272302761673927 5.69019932305577091869938644030924024264095351099968 
7000 0.04388555576761460110590058920909672934840273228473961 0.03857535101220411425442468299207288140451055369339883 0.1870659174613536501638423256710375142120028613135219 0.2472320436293235134192361815430594162990018958225846 0.9607695155896335932545378188951445963539299555122852 5.307023774886385438301350525591715268092229962348938 
8000 0.04226684122098937674996774888080963705760950688272715 0.03757699459735499342198867048225885412193747470155358 0.1768769418783343076799182205793847799668583320453763 0.2317213461201717285921136343929127576757309725508094 0.8797046074995506330373995496074712718836963176727295 4.901987281839058632152555938787941158807370811700821 
9000 0.04124076530544993087111179698445173613663428113795817 0.03699088342136100986205218474345279844328615581616759 0.1647025382530978131477876133526017099484306527301669 0.2214247233579401146126054700236096550725051201879978 0.8296778578938494729433546226449180949202855117619038 4.504558615041704766179114782786996329377871006727219 
10000 0.04011965630899526787632187324605936851185106206685305 0.03646510114184560814715977024313975363156714593060315 0.1553140936058599218738338065826098954858025535941124 0.2136610876005795636712030621806590602318465244024992 0.7932793698756130602910488502921282361057819798588753 4.256149215524659107801747071064824012864846736192703 
11000 0.03942752638904927509010101514819179868709397851489484 0.03596485774833725833604224780826186247395526152104139 0.1495378229920989093316204682215797561184444930404425 0.2056306857905140698212446276338383199799864087253809 0.7775108144399262236220148059029355636084801517426968 4.401269129982237353956170400337555292935576289892197 
12000 0.03891084726854057671842877785817194080664194189012051 0.03559291905729290344653011242403994884853091207332909 0.1428122940452373784730360009587180059043021174147725 0.1960965312507969525028820798051576446141552878543735 0.7388807806319554366851140581040624510933412238955498 4.308574280947075886734343175277217596885748207569122 
13000 0.03844771043830649735832108090938241673484299099072814 0.03536559878529417187890244132775219298991942196153104 0.135523039074541253468791923708636204537469893693924 0.1876034782873677433717371498822501507675042375922203 0.7113065173438463804260825651404331892990740016102791 4.174075244605976021602944392441258969483897089958191 
14000 0.03805149447405615982276431627506774191260774387046695 0.03523397980753442059622770714255590718266830663196743 0.1303993385526153250006473754973868039996887091547251 0.1798384044608608841540322784147143408972624456509948 0.6787268841621238728463449962902132028830237686634064 3.930678858724491754042182356521095698553835973143578 
15000 0.03766736466383430382130910983595750707308980054222047 0.03507201693505045818376793936854696198679448571056128 0.127283360225135118933589666034844611886001075617969 0.1747242137529132892945563093611838212382281199097633 0.6597398414839183600102794080566326329062576405704021 3.745388063357498047243471228640032677503768354654312 
16000 0.03727516150675554758054134826816827796847064746543765 0.03494554025107333558374878360042181668632110813632607 0.1221632616217190625031163708769099685014225542545319 0.1692985081045445792686382491254448723339010030031204 0.6361794582415096149059438590533943624905077740550041 3.634759707078148839023631899713961956877028569579124 
17000 0.03715886711983323028991280274901942703991153393872082 0.03475339847855403110441093426918879316644961363635957 0.1181491149050572292064642532238849526038393378257751 0.1648760658757524472659353187431463538814568892121315 0.6353669748674741878514786452836204944105702452361584 3.468117086500661291892377846579620381817221641540527 
18000 0.03687128734651265548862486207126742954187648138031363 0.03460986930023129693736669287851270837563788518309593 0.1146629487842410454601213207204146726780891185626388 0.1613497568531248668060630591103432607269496656954288 0.6250527330570371520855089964019413173446082510054111 3.356074710342194095547690979586263892997521907091141 
19000 0.0365738141576147870929309417059593911858428327832371 0.0344472613595148567060667908062976394489851372782141 0.1108080992686869528971544893169998147186561254784465 0.1582737589624018017788126613809573939306574175134301 0.6136252161810401051277377715287286719103576615452766 3.317796945078299639293739620171663773362524807453156 
20000 0.036337708577730013365510121012280642105451988754794 0.03429603944345979858182170592340032300171515089459717 0.1082347459658731842369484149601888134384353179484606 0.1532810943467835314724806439201643115666229277849197 0.5978002197336787924462041254880517726633115671575069 3.234380739405514395765073309974013682221993803977966 
21000 0.0360531357039155991757179830353718941182705748360604 0.03418723352013667032454295041654646070128364954143763 0.1048038310138247446992240674568108715902781113982201 0.1500340724299414257777171913255109814144816482439637 0.580833785491334134848395720496228022966533899307251 3.166784396338151826976597957852277431811671704053879 
22000 0.03589450808627724099215657374561949666258442448452115 0.03406983668154101993952222876549384977806766983121634 0.103215387801987589056038237267376445061017875559628 0.1471658003769651766189270614137996062709135003387928 0.5604031940310195374749767383004694920600741170346737 3.046119035066161153009478557152078792569227516651154 
23000 0.03569336093980505492033830118592252489406746462918818 0.03391669803367586172416028346410232785501648322679102 0.1001527425356538095603357862994897686803597025573254 0.1439998258263973490147721867593588740419363602995872 0.5453381346980742764305252756606989805732155218720436 2.930168755980377673017733819449404109036549925804138 
24000 0.03557776647563423865044929771117576677852412103675306 0.03380140778741012228569601423544543905563841690309346 0.09847679198011130000442849355413166279049619333818555 0.1397591922119297881021331500517312917963863583281636 0.5349740042082763248946185308252410095519735477864742 2.892239726636895975333749198021848769712960347533226 
25000 0.03543109374841027939213649808336548119314102223142982 0.03370131338047978495782420159387893221492049633525312 0.09611960198611996726737868521062146953681804006919265 0.1364596153097040976895359953857678192434832453727722 0.5220320843466207801032361035531437210011063143610954 2.910997007634069966590037448206373937864555045962334 
26000 0.03524187422437236048955552965289417244321157340891659 0.03360490590404690210653607627955263836838639690540731 0.09484887390518499150399069769212800906643678899854422 0.1340203285121578402773858187946309783455944852903485 0.5123087414183044324298907379322542965383036062121391 2.821193643606503303556190531686809208622435107827187 
27000 0.03512450490525339708730058474461799278287799097597599 0.03351291579093380589037844130562149302932084538042545 0.09316470435967987832762225025584612581042165402323008 0.1319731174959887715417410775087247998271777760237455 0.5035142992326180831326801201619502990070031955838203 2.780619773762539053904574437581231904914602637290955 
28000 0.03490566305395982056486198392974973359059731592424214 0.03345744888327245514025387942980138689108571270480752 0.09216569389475790030424266069397631895299127791076899 0.1302199291158791330682122436290804046166158514097333 0.4955890842977126006698839616460006141096528153866529 2.742119974417156398139097661648122539190808311104774 
29000 0.03476561898616597859367535056085429800987185444682837 0.0333679528382519243612106332741440439804136985912919 0.09090641378589995034206327345627229874480690341442823 0.1286929176207579719634589363042032061912323115393519 0.4854548436150000637685948678967662317518261261284351 2.664429192511144680677662166523589348798850551247597 
30000 0.03469929285665450205365374462818106593431366491131485 0.03331394727317043479315598376866436325371978455223143 0.09051524092330970641098655121714600113591586705297232 0.1268478444075097357840670522777237749778578290715814 0.4722003374127531544256295564787606622303428594022989 2.66176867002316123816084425524053358458331786096096 
31000 0.03465667035745082362902533615334199623703170800581574 0.03326996156630181239796792067031638850949093466624618 0.08884981138045328183557025614192070861463434994220734 0.1251140677822490042913044366867936219023249577730894 0.4598641108701364712098638709569797811127500608563423 2.637136555753222588510328860955667096277466043829918 
32000 0.0345720419400796788628215435584811743296995700802654 0.03322274016797094407359852707983804975810926407575607 0.08829827268631354627946962801421371125343284802511334 0.1235848920060421318511739360856971359226008644327521 0.4525401115221169230434447583455437325028469786047935 2.556583639245499041696071951257351884123636409640312 
33000 0.03447519910261514804246277092480976733668285305611789 0.03317443314940183371616281432503470227857178542762995 0.08694490239510568447254840879212522963825904298573732 0.120672422943790838055044649379521359833233873359859 0.4437357286885040451242419312638531891934690065681934 2.510179201506801899843393521827294989634538069367409 
34000 0.03444141938851160593594189981980768777702905936166644 0.03311085521955610145314677361660926635522628203034401 0.08594583875331961820643114635664971956430235877633095 0.1191525636043796349954363919532163151870918227359653 0.4341613560683342577805905043719647551370144356042147 2.469834869683596927135774135031454079580726101994514 
35000 0.0343997210237527686863706101461080066883368999697268 0.03307580805022005161013221551102869710803133784793317 0.08485871344411047202010208584388450958613248076289892 0.1167638465453472760996749164885688543336073053069413 0.4301694072830512039818957187309322875989892054349184 2.42831927743196402335289219021063900072476826608181 
36000 0.03429774543870977909898315784398281635958483093418181 0.0330295725742417272587244346515600312841343111358583 0.08359140742890731648711936940809863472168217413127422 0.1145497389184676193107513715585543678798785549588501 0.4216485854125053636958127267764240286851418204605579 2.418850274976901763976031012326473046414321288466454 
37000 0.03426582273880805205279703566645377321719934116117656 0.03299511560048620924010085060651409349929963354952633 0.0828723261635649408973595952954127596967737190425396 0.1129789672582130629453290096564366251641331473365426 0.4178999444511074066598184384435654692424577660858631 2.396391115559782268107716363125803127331892028450966 
38000 0.03420761646289185744883440051800072012611053651198745 0.03297954560771585713206850709600104210039717145264149 0.08198092895935336218239458325185431419868109514936805 0.1112935075221434480535363450992569767095119459554553 0.4130965220286375968105838096811055493162712082266808 2.337941093612192449205378075305361562641337513923645 
39000 0.0341743133843539221185649310680298995634984748903662 0.03296598345464354724892097267541224425713153323158622 0.08109225035508026212753953168577147891937784152105451 0.1097940672116749371856883263354198732031363761052489 0.4073909549131157089804124160625775630251155234873295 2.290230947298009558411868713534431662992574274539948 
40000 0.03417655955017216789880571056747804448150418465957046 0.03294069677767323629235542668813874200850477791391313 0.08042172456963723602314797478385344220441766083240509 0.1075392649303118884217440875961102619839948602020741 0.4059810097458549521542720689426531066601455677300692 2.237022776803476994044936332350914653943618759512901 
41000 0.03410039795516617984778439016946283146580753964371979 0.03291809430741764173853898360622149965593052911572158 0.07923979115891712915058274838142615692504477920010686 0.1059018620628560990314819857671668756893268437124789 0.3991724463005008204823705758590435266341955866664648 2.19593416651073101313919322397083533360273577272892 
42000 0.03401891776636533186654160441919625412765526561997831 0.03287879583802197341603447064417586886975186644122005 0.07831302484171095690924186902281967093131243018433452 0.1050889541366495773952395749450960948934152838774025 0.3944527591883433361482757389948616832953121047466993 2.162550233046221813838078107394835569721180945634842 
43000 0.03397655329484383127748364436526706811037001898512244 0.03282968683975742558403716764292568086602841503918171 0.07752969527901464939063057302259807102018385194242001 0.1035707539658450959839581552446308165826849290169775 0.3853609752277675262993172217163007076123903971165419 2.155419830428706311686512520076064447493990883231163 
44000 0.0339034808962997990986712893574095417648095462936908 0.03277517012557202223430150196670229689743791823275387 0.07634240570984277435848466830670133731473470106720924 0.1029320009862517229119521430802386419145477702841163 0.3777325786174790173187285763356513257349433843046427 2.123420319362139834298841556403658614726737141609192 
45000 0.03387873255245378028449078355865964340409846045076847 0.03274829395309414894389850834988120453772353357635438 0.07575937289361712432433264632902769619704486103728414 0.1020623241320868433996819392428623274327037506736815 0.3732562615243399915278526418616067417133308481425047 2.121982877022264818000357733396299408923368901014328 
46000 0.033819324622632381684665800122835399577070347731933 0.03271124976388926523657705615344415406298139714635909 0.07445308817802340629036670846541134949347906513139606 0.1016675435610249895573278453020371614456962561234832 0.369701562713495069978407794875074898754974128678441 2.099800970806349504444929254809437679796246811747551 
47000 0.03379016530239183958590071243932584366120863705873489 0.03269851579633874783434289122696636553655480383895338 0.07376231085370994243282337377021207203142694197595119 0.1013750562135960336319537820892744406364727183245122 0.3651796413430953542158304697684556572312430944293737 2.056593443347001692791259364057054881413932889699936 
48000 0.03376633921195334766656706224075001898654591059312224 0.03267992003326940087304711655968869621347039355896413 0.07330301942589885969269467361209002831401448929682374 0.1004794690375207688010192504102224830830891733057797 0.3606028203566910805800364153705928060844598803669214 2.024987718509836122230197141824703521706396713852882 
49000 0.03372549279087488393512545351016207462180318543687463 0.03266281896382324652250320022595087010586212272755802 0.07246952317991293820379893747540833714992913883179426 0.09941661700000257472268315461771948093883111141622066 0.3554592886850955453048681725869428760233859065920115 1.990349498733943498602824706544822674914030358195305 
50000 0.03369252957306712834988126140101094563306105555966496 0.03264705150236888709470517780375509175883053103461862 0.07184651765010866085442832809637714319705992238596082 0.09792669867008632799467446675145687606800493085756898 0.3540389927506615204162027099599185930856037884950638 1.977532529316378368130190101847887262920266948640347 
