1000 0.1003858377361203431889680355582061821451134164817631 0.07894691746597575066594779449880014965401642257347703 0.5343190773232109930419853061067669841577298939228058 0.7995874425732908017338228245929343529496691189706326 2.463352324675708222108047595888535852282075211405754 18.69559042684189782181081174172732062288559973239899 
2000 0.07102693440992943347400820006121158201040088897570968 0.05672117015229294984942297851160386557012316188775003 0.3809418771783656498905890758210901481106702703982592 0.5713245104326092103723920556657134284250787459313869 2.167157123886613075179966014793819795158924534916878 11.81086908539289061746691000820419503725133836269379 
3000 0.05953877919439647106581554002191492003248640685342252 0.0476053056802761042823725692874070603011205093935132 0.307434164128042448666400937584697317106474656611681 0.4574161977667410194296586378737146105777355842292309 1.839852152249340187296390569660076153013505972921848 9.532850204573827091782123321905828561284579336643219 
4000 0.05160149364725867029269181299189206413302599685266614 0.04221429172473521741128124444564218009645628626458347 0.2636937617903708148167207098166997525368060451000929 0.3948030507310744729250646944951341765772667713463306 1.619612896960849932840448284210310703201685100793839 7.884071490051300902090342104244768961507361382246017 
5000 0.04655431702743763551475305977056518003109886194579303 0.03656125214557114227477939427668474081656313501298428 0.2379348432992858963666658184132884912287408951669931 0.3469253528312069959386402390189019229183031711727381 1.424016444753718759115047876040449637002893723547459 7.500157906531258924197336224182208752608858048915863 
6000 0.04215131018931333233422018534619635232729706331156194 0.03314359443599612627397404777951361865007129381410778 0.2204866474281002837416537296078011820554820587858558 0.3171150846672299600953210535481119336509436834603548 1.260940494897192457848973667910996709906612522900105 6.375726132308524555288714585898901532345917075872421 
7000 0.03878474267421502142893998017758594443193942424841225 0.03057425512890843808865243367428599086110807547811419 0.2044210591605464550089875722105325905886274995282292 0.2980454441322829692772797272048990180337568745017052 1.17615442406952883807897541901255067386955488473177 5.644343420327776124443414085263270862924400717020035 
8000 0.03614449969382680788047889144931623661705089034512639 0.02869900398301401858974345876474032479563902597874403 0.1893731804352290207704625352169713892180880066007376 0.2751646031345582380206026690272480550447653513401747 1.082533866149266842593065773847627042414387688040733 5.414395384415181258167676370263166063523385673761368 
9000 0.03381546235484474948934977521497469155065118684433401 0.0273282474086218193063974740697474885564588475972414 0.1799507846668706473488002356431181283369369339197874 0.2603482038370497089697832432397817115088400896638632 0.9992342996617684553221569454528605547238839790225029 5.206659326467780433272958262591600941959768533706665 
10000 0.03226437616526933960882416244086989820516464533284307 0.02653669670045599634830416936603914024317418807186186 0.1736213642499257680206197623773434202121279668062925 0.2482800936765884401155124808213692233493929961696267 0.9682654266032594583520423658917763987119542434811592 5.00694770391564425177782782228064206719864159822464 
11000 0.03009274759510908703907566992541422479234825004823506 0.0252604237686013037184908601451294174466966069303453 0.167684324259145979356920574954159519620588980615139 0.2359847894529511051233110902058953683990694116801023 0.9463556064940634658362930697883541597548173740506172 4.625569127904745834675703797245205350918695330619812 
12000 0.02806060353169537509631173161778194824478305235970765 0.02415982976919944978499564958857037666462019842583686 0.1599754277475546076668026090894514368301315698772669 0.2293046444754948125802030897690819699619169114157557 0.8898923439815425761104106250343193096341565251350403 4.407483585340301619932834586990111347404308617115021 
13000 0.02695783999579990427267097829328035274443209345918149 0.02346451230334908833779952296721971194415345962624997 0.1527835720739835179387677149831503697896550875157118 0.2191650672300590650215480412188462366884778020903468 0.8392076744693499957584992277048741016187705099582672 4.351399303586818196557667315360617976693902164697647 
14000 0.02580252426008299555687552397087447531021098257042468 0.02272254778046997080472155141478429740686806326266378 0.1471933725261345034658567662577688395231234608218074 0.2082893538079353236907665172794601460282137850299478 0.7990163743136388417652275772962155997447553090751171 4.224282236909959843424583469939648239233065396547318 
15000 0.02490866653335842170195106679703167529282836767379194 0.02174949623479914788771528207783623187765442708041519 0.1424237674593039375872107962783807977302785729989409 0.1993752020402953883086586209238966205248289043083787 0.7728276810620934682283245109601921285502612590789795 3.988928638485319895859437799856550554977729916572571 
16000 0.02413649975247638857243697926846515144916338613256812 0.02131058150925930378424919681146221250855887774378061 0.1401568820376791038492250360270041653620864963158965 0.1931741725169239647108294227750846516755700577050447 0.7473466409180134415704728489959762782746111042797565 3.742395283693437748858204305868468964035855606198311 
17000 0.02344144013441998414068879585253624142637818295042962 0.02064362074790573555981552412996737899675281369127333 0.1352246717037950382621705469610162708704592660069466 0.1878543989183757700076136260003423217312956694513559 0.7258093152165456263540284365110011322030914016067982 3.6397603859929174004248647600334720664250198751688 
18000 0.02272780941802774285102959998805527419563077273778617 0.01994121743220802495455477691688184194163113716058433 0.1328589872271320309064963904877032518925261683762074 0.1832536452243178790261299987429666202842781785875559 0.7057318003141247944186471852123787584787351079285145 3.582141514592694787671653400273896750150015577673912 
19000 0.02210511891802276957774676079127029737492193817161024 0.01941618249636880432012705794547757776058460876811296 0.1282877960444144150729990638826194526700419373810291 0.1789367686999482730128910312750178945861989632248878 0.6858201671325036824630391740775792186468606814742088 3.457838169013468992540188962081515455793123692274094 
20000 0.02166501582106289127573994605924223577630982617847621 0.01905798835686570707850827962465123377455711306538433 0.1240411360371266858199546141705571500324367661960423 0.1749013184254283862270997265686567345710500376299024 0.6704664243259797250587550543343695608200505375862122 3.351798374566394613134623359229635752853937447071075 
21000 0.02119187359828479146739823105183297968778788344934583 0.01862397888706670565194120029600677312942025309894234 0.1204140827838616967105224257739148896462211268953979 0.1703566229929806130079890033601763832393771735951304 0.6439354300894076096276746890012532276159618049860001 3.296328467655002911846848223653694276435999199748039 
22000 0.02046230022674547123524163311919510377379083365667611 0.01826377244238977205400273947505374039224079751875252 0.1172261009861318834841684491387958644281752640381455 0.1685284593207094503065262072749597166421153815463185 0.6269059972776558960368652184680371419744915328919888 3.159472037563694522561280608741185460530687123537064 
23000 0.01991937476822426491570141096620893961244291858747602 0.01773058618499629686220391694417841677022806834429502 0.1158005761721240808799797059047698155609396053478122 0.1642501055474315200405095033220348454960912931710482 0.6103124877159528108489829067995202649399288929998875 3.05025738137436120962601993067409011928248219192028 
24000 0.01961613425670098398526661545582250312236283207312226 0.01749931259546047034949026958289275412994356884155422 0.1131314971405389666259848693852241297008731635287404 0.163123414864852618908841810907439651145978132262826 0.6006066147353755182622912778267476596738561056554317 2.97744257406326715952732397951763232413213700056076 
25000 0.0194031992229296437161585988165346527978272206382826 0.01723626336874336992199764542060824723535006341990083 0.1099734031398841254111584456176764490464847767725587 0.16019507801765575445067466692217195145531150046736 0.5837347961877196903879641554091506350232521072030067 2.88021699585380337792044069811225881494465284049511 
26000 0.01901615514108904548053484342279295660205207241233438 0.0169222852818545047143668430891794152159945952007547 0.1081689956655983509466872893867162019887473434209824 0.1594356827985973077999341460109228307828743709251285 0.5677940118814080451255590920034421742457197979092598 2.813903931594456387732874902418700457928935065865517 
27000 0.01871929954390419174669680027478513295591255882754922 0.01675226058136197143176961740079766727262722270097584 0.1070876522718780276036652787663427943698479793965816 0.1549136186024150348486405626147188741015270352363586 0.5574268973063462646226964847251394985505612567067146 2.757339895501359813617323069045994543557753786444664 
28000 0.01849692011295542094262455475733863963228031934704632 0.01645431552417572018074407372290046680518571520224214 0.1054173950182823741306679422857772721044966601766646 0.1521342119255382021084620214335103582925512455403805 0.5516752861122670986834468087600669150560861453413963 2.704171796006592724424463791699224657349986955523491 
29000 0.01838990270699944356976799752362294881891102704685181 0.01611291803677750668370098185294692072488942358177155 0.1025710025450762607197147634197076371265211491845548 0.150049214160133111102069305986539404784707585349679 0.5480958173934991505449505766467410694531281478703022 2.649431315576715287611261895328595983301056548953056 
30000 0.0181409457152592428269750370051216492583989747799933 0.01590815005040413070124536484145627568409508967306465 0.1010405975855613714447698257836716351221184595488012 0.1460377329513997049904947683751643694449739996343851 0.5385617325935458644622401414014944975860998965799809 2.622829707432580490520171445645303265337133780121803 
31000 0.01786182818384538359766770549558190239736177318263799 0.01555333743924879818316448941081797663343877502484247 0.100079297410186140314294466618916246147819038014859 0.1436523843406291513522888073084438076421065488830209 0.530806226394743650937122630972808678961882833391428 2.570803707999051059560416399030202683206880465149879 
32000 0.0174471016078496742459866004210100598470489785540849 0.01528309784646143828516551060534012229652489622822031 0.09877708910669505491792099019510153823375731008127332 0.1409535832448229946220084538022199183160410029813647 0.5197154786257833027659884528315359375483240000903606 2.490598997694814531207035956938966592133510857820511 
33000 0.01728405757147516972820164727481229149930186395067722 0.01493090750487295594866742239059664854039510828442872 0.09768328115786787929072454775281109107254451373592019 0.1392095090196607045382806711053547132905805483460426 0.5119580402618731903630934498838911395068862475454807 2.448324288786285097847122971259636869945097714662552 
34000 0.0170649064724637024128471802023043757401410402962938 0.01468767482086134788632329501584239395128861360717565 0.09619221858329530112615216030924614187824772670865059 0.1371175384907588436423546765507985867316165240481496 0.5077670897584165625405702715333688956889091059565544 2.447998302353705883747242433301494202169124037027359 
35000 0.01690777155096460263848667533032044119067904830444604 0.01444189812879707259018411931797420955092547956155613 0.09514599583124390914712137021225224486897786846384406 0.134998619866875393610589767279250850151584018021822 0.5038683301016559104796091461686557977373013272881508 2.449175694694974553082544854731850136886350810527802 
36000 0.01672799822980303006409840815144063341790570120792836 0.01427692191352266375153250502205715122272522421553731 0.09500923356615448239586001893952627028738788794726133 0.1325344967337457402972245371075565856244793394580483 0.4974070407408485158329627950912765754765132442116737 2.396925110138537884547915712829535550554282963275909 
37000 0.01652112853419894948114648915854507649214610864873976 0.01403161383631432932799193002287863052401917229872197 0.09368932826608500341863255966856627310335170477628708 0.1319560195614253612640372551045864213392633246257901 0.4859812607118364068559818180759179995220620185136795 2.358444565063129827898330548308081233699340373277664 
38000 0.01648251768213115066660659838171376634363696211948991 0.01387107880466102475287018752983514424670374864945188 0.09253619932319953556644790901297703555883344961330295 0.129973096413541830157923478994419497212220449000597 0.4792264571207427411366364805589412867448118049651384 2.312195608596085951748355657997535672620870172977448 
39000 0.01630998218885434700364193538052459686582551512401551 0.01366530567303928034608403226796147222898980544414371 0.09080276524320312647346265313985647082972718635573983 0.1285438603017918085118535473365675159129750682041049 0.469770545293496007371956274534241515539179090410471 2.283388078040137849711657680451537544286111369729042 
40000 0.0161865664045022628398691347598181700107033975655213 0.01354802383224200495061268325128200906704023509519175 0.09018117487645332174353053622528619825970963574945927 0.1283665363563960772519574604633163517064531333744526 0.4598179395744654376389226602128701415495015680789948 2.263053253744246840709758439302845545171294361352921 
41000 0.01594288102693721288495272772611777156726020621135831 0.01339477590448815175927537628533525726481911988230422 0.08963458793456909593004534528293270057019981322810054 0.1271302611956251653514303120995343476806738181039691 0.4584967669504297999797780976960481780224654357880354 2.245192201593051689384114566472305796196451410651207 
42000 0.01567314913867605755465523854896847666395842679776251 0.01319227215365660550777166708583121312869934627087787 0.08814807959988596486897247800351706814581120852380991 0.1257278730667207893229638665522074347791203763335943 0.4536324905646882060881574377786407126222911756485701 2.218457755613881167248979675576947556692175567150116 
43000 0.01541197486320729647144922927481935914784116903319955 0.01305646983835975268158026332127041868602645990904421 0.08713046383442879656947314612192023730585788143798709 0.1240236093992451369335812232097548957199251162819564 0.4439649381787098238378620751465319926865049637854099 2.168880988653345727890792149494814111676532775163651 
44000 0.0151239073641636043435676397400646564506132563110441 0.01305648823637653862577898394164988005172745033632964 0.08654309339930427922405560201002394649094640044495463 0.1228807248989143410662053419735162407278039609082043 0.4395690409864507027968508895421351212462468538433313 2.119549900790582492877273113052183362015057355165482 
45000 0.01497261403148998588945117011947405494254326185910031 0.01297191441565022542779339435881080788703911821357906 0.08575592035134732343468200177483140578260645270347595 0.1221090866418708797071939788081440525502330274321139 0.4323933983825203924609113792509873519520624540746212 2.114869795734946122858083361606418293376918882131577 
46000 0.01476206020632016096400912193511989478622581373201683 0.0128267070556944298719793061923366561671855379245244 0.08510088414050253721623677527485796190376277081668377 0.1210100376803872363284486461665334644521863083355129 0.4256185407928530062921998466940465277730254456400871 2.072869025220358264868444897466304155386751517653465 
47000 0.01458936814512886583581756675884189000669266533805057 0.0126747464542596565395584100495451895795895325136371 0.08389914144299162226920503135363382796185760525986552 0.1200614907554493120001178584066447996292481548152864 0.4196069481518528629371538735126634378502785693854094 2.07365882909506759560619437721129543206188827753067 
48000 0.01446622767914387453307270342203749713405613874783739 0.01259108656180813147578399519704861475588586472440511 0.08261311354252345664247840495431063345677102915942669 0.1189600055736502108477453849844085453923980821855366 0.4150255697368893905894147999813270644153817556798458 2.065543688094414771913229222910501903243130072951317 
49000 0.01433452705310331912813895643282746661384408071171492 0.01244227757328767826133179147385376950296631548553705 0.08134390757766973347744291628069746025175845716148615 0.1174397208369825411505035610282288160988173331134021 0.4158983466396929644251848068314814099721843376755714 2.061037343231644623168380414668376943154726177453995 
50000 0.01417940199856186435190761587973873325552176538622007 0.01227183355347611622975802746216000826962044811807573 0.08046886870776595433339337115619116502784891054034233 0.1159602044611669750020762140185759392352338181808591 0.4114601556334976444030075010127589507646916899830103 2.038986561903026523655257928879791506915353238582611 
