1000 0.06960163509801377321981356513513894412881199968978763 0.03674626580922690344510302476455088083184818970039487 0.4612260406937405322501041804450494510092539712786674 0.6589628466755354567691363443238117270084330812096596 2.281023584965660026867631526847901568544330075383186 7.167806431876852962456481144215558742871508002281189 
2000 0.04965760016367855881754228390689842598249015281908214 0.02620167225174058938516803186902226485699429758824408 0.343933770609331208032485166503633422507846262305975 0.4726934148647350055101601373763742230948992073535919 1.577973752857652220090746431058192911223159171640873 9.511367790760974239364089477533070748904719948768616 
3000 0.03969797017975953521172005969419593895963771501556039 0.02097578416802367457061708790055920559325386420823634 0.2799416541145432187152192193835276157187763601541519 0.3810831976015943368864963280984170523879583925008774 1.34003583727018638993653404378747495684365276247263 8.594123034690461076720580102517033083131536841392517 
4000 0.03501083361332442119443820495450214735910776653327048 0.01848842319745458662976075273759457573419240361545235 0.2407831486213408040970417739456976846668112557381392 0.3378962261347388997142181243926728484439081512391567 1.155432558247797720997647463736512918330845423042774 7.45814709753838025454650284551405547972535714507103 
5000 0.03252466194539476228395503271118016641594294924288988 0.01717686729951427730269200057355849509121981100179255 0.2142785126451716310195996090248726773097587283700705 0.3042546425580341092152064641496167496370617300271988 1.094239969911124070000955910142437232934753410518169 6.17768092063113142924091203411762762698344886302948 
6000 0.03028290910235086546981584688931210536111393594183028 0.01598982464518786558875843538396477327978573157452047 0.1934641740419892489756016618063227952006855048239231 0.2791869824244943408151839459030441048525972291827202 1.020873815043606875696893809823961873917141929268837 5.752171682293644883448430205064028086781036108732224 
7000 0.02829075636829436005735083446005484475449520687106997 0.01490538792553037791281705026422144122477675409754738 0.1790253428065382742927083917217068176341854268684983 0.258100659955424854537578416291410121630178764462471 0.9421535649030481148098747912200678911176510155200958 5.105909533415552045178265050395793878124095499515533 
8000 0.02617759145564045395079800452459162229956746159587055 0.0137623914340527068225886230326548975710920785786584 0.170097555051772004813207678219910690131655428558588 0.2430486500470588783260174683964471853414579527452588 0.883621064923675297712347964651513620992773212492466 4.752433966733468474405444048613844643114134669303894 
9000 0.02455277242708249614749416774722723388890699425246567 0.01288779346922928039924669896612585695550023956457153 0.1618294007756654799372580261218601549444429110735655 0.2312905397858466129910317773954453457463387167081237 0.8652110836700407089450495790039497023826697841286659 4.370890161571657035830679172150325939583126455545425 
10000 0.02295434442656536918811460701306259579723700881004333 0.01204641081335040779707831228029224490683191106654704 0.1516625478544644024011655430994593984905804973095655 0.2161461666108267773759275820477654406204237602651119 0.8095088815568659273568148659894205820819479413330555 4.003293794850395374406576420867054366681259125471115 
11000 0.02226482121034226152052988220719775824818498222157359 0.01167980749904174979775906646414784795240393577842042 0.1450272305096096769720659391822437100927345454692841 0.2026727350763256618883896217897522262774145929142833 0.765034933524783232927819753843579064778168685734272 3.649656478617211699836883620484684342955006286501884 
12000 0.02095303313709924716764241084399067460708465659990907 0.01098661246731663480434327022014495689461455185664818 0.1402624083081493193067568192589078535092994570732117 0.1971450128009881891817103513608877563001442467793822 0.7482614081899859840175254221961154144082684069871902 3.526988323812734241928870670967910427862079814076424 
13000 0.02010284975761585679462299224712351630728335294406861 0.01055053401131078286505734142516899076724712358554825 0.1328243250728305324063604347939460126326594036072493 0.1892565978730921155736080518927622051705839112401009 0.717315998822988223383723127568600830272771418094635 3.284641787752883769707992756003989143209764733910561 
14000 0.01949689906708505756593151087702198154261168383527547 0.01024321463781741443195371201249632697738434217171744 0.1251154339591405062123968122689277038261934649199247 0.1798589778084654189040580626879339831702964147552848 0.6804655771413777519103852076121086156490491703152657 3.233793773279477220747302190773098118370398879051208 
15000 0.0188198889483378369577771692042200690764275350375101 0.009889963040997594888012781847580479066550651623401791 0.1219848779524662980735909278973139180379803292453289 0.1717378730578076024648834924102303034487704280763865 0.6714595564161624372998514453936280688139959238469601 3.113303923356967247391968722780575262731872498989105 
16000 0.01830439616664502703288536136078112903646797349210829 0.009623272490388014658672921879806194667139607190620154 0.1200095765705311296324235559307425091901677660644054 0.1645181271831171591787891170244328975513781188055873 0.6473031618167386007996373653572419470947352237999439 3.01810316462725777516586112003693642691359855234623 
17000 0.01777246945521671809687226737534126996820305066648871 0.009347949088234460857234039195956531997921956644859165 0.1164354490272310083012578807437620298514957539737225 0.1607222126131837211380397681392828701518737943843007 0.6286096877481281496946943776471528053662041202187538 2.920013254180874370975751208590054375235922634601593 
18000 0.01699589911785658103095437727186878262841673858929425 0.008939086317206126190996941932587205315030587371438742 0.1140043976078411032089917481746610405934916343539953 0.1571313721848524189118531668718503624404547736048698 0.6314838971591870284355910158957669864321360364556313 3.007188830226419276559976512253058444912312552332878 
19000 0.01653462813664241009677861697635403714912172290496528 0.008683574014078638644056331793996683643399592256173491 0.1107323881656599904332893315184183080646107555367053 0.1515496685311791824488569443984964379978919168934226 0.6088129284453477630127855857455898558328044600784779 2.915793539597680167482426916158999574690824374556541 
20000 0.01604877875421684107801298564688341485862110857851803 0.008419835812143528449231274102954047933167203154880553 0.1079865485398436049781310114292764978927152696996927 0.1475667741652598565692223672729532779612782178446651 0.6015671748204046815028216144138895060677896253764629 2.834744328084433884424112037869747382501373067498207 
21000 0.01578100666327447593466522246519190275648725219070911 0.008284414888409296419367346640816318625866188085637987 0.1063891523641330338938648311652990230413706740364432 0.1444665632332587402997508413404759153308987151831388 0.5837650567247380905123825545199878206403809599578381 2.73552497839836333934533663114763157864217646420002 
22000 0.01546656993500776840380048259351863926269743387820199 0.008124970534425678708117613078393270953370119968894869 0.1038758094594722653625619782080669040169595973566175 0.1393055607790987642511434246861412589169049169868231 0.5669389391010762633345450300925705278132227249443531 2.803429813795609233054856312961078401713166385889053 
23000 0.0149612740733652758996741986147194225509338139090687 0.007857353894941502041803730455038490276820084545761347 0.1009186759705360216839023848600653820994921261444688 0.1353988645305587008003684462709159674886905122548342 0.5585930481678160014437015123967000818083761259913445 2.816113705800919740510415700818214190803701058030128 
24000 0.01472928589921154035596314408815277197106752282707021 0.007748403134380716610888126640380169085631223424570635 0.09970288608248357437301720787581338356631022179499269 0.1326972682172032172204408084770221876169671304523945 0.5506726779800937710148377168817290794322616420686245 2.772541787985661222975392048439857717312406748533249 
25000 0.01421644346710413174812405933886139131061554508050904 0.007464360109517219814422484165661320076878837426193058 0.09693404537347160654457006723205836351553443819284439 0.1298358022258249029737059085376493783314799657091498 0.5422522935547069703647940497326374043041141703724861 2.792632300817671375196132865781351028999779373407364 
26000 0.0138044404557237387239969025366781441022112630889751 0.007238723052718993307036611647639623434713485039537773 0.095783911496963288705974812892174341527606884483248 0.1270543530162045932368651210420118502497643930837512 0.5284007100508503021224666895694355162049760110676289 2.703743926131476005758277891821705907204886898398399 
27000 0.01350381736144788888686506982475532545606711209984496 0.007089006502509498580087709835445552997157392383087426 0.09496505232873016511934696412544631982655118918046355 0.1243984253334868791306599619672645928858401020988822 0.5125193548461054391372250516045738777393125928938389 2.625556142315532150892723461943489837722154334187508 
28000 0.01345351990100701377007727261442271426972183689940721 0.007064374891641419007032889855121626787592958862660453 0.09438713391597520176780908643388023904208239400759339 0.1210224019845925946592185215577863743874331703409553 0.5038517452911680796702638407413843424365040846168995 2.551945093453835230155879454372325199074111878871918 
29000 0.01321059355660931414331758174812714301538107974920422 0.006934273665581917186381653720253503969672692619496956 0.09276562656281590369295201800592387542110373033210635 0.1193068997744156360023629059874394897633465006947517 0.4985467022937067978118758082572981038538273423910141 2.499894169906191739244719074442002693103859201073647 
30000 0.01305712681628565850124875724960760159376604860881343 0.006865770946221986117401252713507431302275563211878762 0.09127159993785170633939611561924465377160231582820415 0.1172223366039571232417762329525157127818602020852268 0.4921401295475104921937903323936325250542722642421722 2.461914532919738313144694674683421453664777800440788 
31000 0.01299942598049179353193407658248470504247507051331922 0.006835975797973290830322057451060024924061053752666339 0.08988081463819222888402644608407676685146725503727794 0.115327648070271315994164262191956638048395689111203 0.4846574049323663578819725017421404800188611261546612 2.43554339022756206911170251405707176672876812517643 
32000 0.01271451969754320672831423774673531568168982630595565 0.006677279049958742350672733249436485714056743745459244 0.08850113726352600028218688826830984339721908327192068 0.1132112651046664876741893249190162862305442104116082 0.4770340060830616559775160800960236429091310128569603 2.379609068821110363749216087825288923340849578380585 
33000 0.0125665358220072883385445036523442308151743418420665 0.00661294947027992465044722992899284275125637577730231 0.08749213246752286646175681902870557848928001476451755 0.1108446579467038203581927616192537300321419024839997 0.4702261815508059705434346781105503509934351313859224 2.331139091664314475817187943817998529993928968906403 
34000 0.01240930586041643218769549251653816490659210103331134 0.006538597021927859373959006838647467496627996297320351 0.08642171022104188701101496611345353926481038797646761 0.1095833795392087177267693813564886085032412665896118 0.4631949982872728690749559304906668444345996249467134 2.278929765059063449524762168252323135675396770238876 
35000 0.01228273742222432832981425260970853585718032263685018 0.00647494778845568300745829640359396695004079447244294 0.08472199383938386810081501432367900861208909191191196 0.1089708510096385602042073567630176000875508179888129 0.4527642752314731925018798097681838044081814587116241 2.252464511067988433635003731048129793634871020913124 
36000 0.0120997404731352944408294901833256229650714885792695 0.006383949911574257908034263440250066778958171198610216 0.08274711626598490654460387946911303913566371193155646 0.107363850880231320313279268219286421981450985185802 0.4431750858752601948209546428580907218020001892000437 2.20185994565606557495790474021646332403179258108139 
37000 0.01194148754057224296297868952609899650951774674467742 0.006307304489309683880978498740285664858618019934510812 0.08231137361800223619246862777343309858224529307335615 0.1053774250628869907429711882951295365273836068809032 0.4417558696189991260055117405780578110352507792413235 2.197832213275253078390431005217919846472796052694321 
38000 0.01181869937430952849478991550230544405053478840272874 0.006250840528619827693988954655027190376870294130640104 0.08111010170479709776621005459795732406291790539398789 0.1046180050185849391900633729990399700682246475480497 0.4321562358444814320806385415929540272372832987457514 2.209041850273355071191533349761471072270069271326065 
39000 0.01160224496844727303378766664412879983103721315274015 0.006140022387151864938428785919630192857709971576696262 0.07951476480765018002236105970625956729236349929124117 0.1032094286593951364247503249549353654401784297078848 0.4249634668181676782174657075463741762177960481494665 2.191579604754922662923286025282720856921514496207237 
40000 0.01139212913347574769976652906550151911346802080515772 0.006037507628217519240910863588533974422034589224494994 0.07833465216649791347660681042897046211237466195598245 0.1014977062178974701850517510515192753928204183466733 0.4157113986728154836521043069552661108900792896747589 2.155416361628108104422224533536223134433384984731674 
41000 0.01124090441285694083319658719347100550578488764585927 0.005960868194018953682637691022724868439297551958588883 0.07777038573270496147661363234293574464572884608060122 0.1000765564151169391665218560971695183070551138371229 0.4108739025808806782133052876160306254860188346356153 2.171002880055471260948088407793932219647103920578957 
42000 0.01115377650079473325286255093458098741621142835356295 0.005913103154422265741396128480716898323521490965504199 0.07662133048784367890450975463467742088141676504164934 0.09842436912417905831479457770538665783988108159974217 0.4027717174840357098870944480006883736677991691976786 2.121737665288193930854601654267810317833209410309792 
43000 0.01102314911985437387662310803129739333883208018960431 0.005854244798808453150229589960484855026834338787011802 0.07512361599167065816500671315836257235787343233823776 0.09785385863467510036013121896281141687268245732411742 0.3980917001714672823458728706524922813514422159641981 2.091154683578401679219793685149397788336500525474548 
44000 0.01084984402246770447167357413059685100620299635920674 0.005768186677471429706846699214661811083715292625129223 0.0738960322253094653842950614852647106545191491022706 0.097049293596896719900715428536175366502902761567384 0.3934926309638201664996629003390182788280071690678596 2.072075439991572920602966312308979013323551043868065 
45000 0.01067185151814365729567110228567794472098739788634703 0.00567833221455420138521920218367677879456323353224434 0.07312993915100280772309841378908679132564429892227054 0.09617384217274431725642558702049633723163424292579293 0.3891114603392329813189888521041126523414277471601963 2.048944307626125912232678549784736787842120975255966 
46000 0.01054517361178516954265424292180863830026282812468708 0.005611282053055867736836461031821321476797947980230674 0.07256684636343211705758254534415208070186054101213813 0.09443934226153764990271998261417429887387697817757726 0.3855612677635238599101359657783660850327578373253345 2.079821496100254206223709174672364952130010351538658 
47000 0.0104510498054574943856687694633544882805153974913992 0.00555779339107794696920301458047120046757072486798279 0.07172535874441046303769163941521647132049110950902104 0.09345386106526841223145424600304842499554069945588708 0.3806628021224102687806046391161274300429795403033495 2.063773730449356313921757677398716168681858107447624 
48000 0.01025361818118996747310512100345714081583992083324119 0.005454434933699032959232403956068013783919923298526555 0.07086700443067517738744828456609603506421990459784865 0.09129362727975248844382609100800429757782694650813937 0.3793645516118388187469002981178078925950103439390659 2.033452852007501087576793463718161092401714995503426 
49000 0.01018038094704390414733621199674939994395117537351325 0.005425964524328423582465511215006115364190009131561965 0.07013728705132558396262822467126518688473879592493176 0.09164961682054349434943790048135880965674004983156919 0.3769529043182751555695134126899858983961166813969612 2.020881966503739364526825994516912032850086688995361 
50000 0.01001355668583224399907817417712529994844317116076127 0.005335190298971155975679399405958713842323959397617728 0.06929872940672112215966527148935938384965993463993073 0.08993062605659769360636314819434922185337200062349439 0.3720626535398774576974927075223575911877560429275036 1.997755065757805191333472405457172271781018935143948 
