1000 0.08126054550467015143860611409154515172303945291787386 0.04308911901761580735104690750847389324462710646912456 0.5449910943760933112003409795054409414660767652094364 0.8039517761012667231511862053761063862111768685281277 2.372040506012654056825286752463455286488169804215431 17.24050484004630232753862983940962294582277536392212 
2000 0.05832530831966887322119030660771965557387375156395137 0.03096122217421928723362722999518092947823788563255221 0.3822892673949747558814326459097898691652517300099134 0.5734483683108792768457276367577435394196072593331337 2.136537737552274312169062198130120577843626961112022 11.35283695427761878945366325055488232464995235204697 
3000 0.04911050740760879161660775599207440222926379647105932 0.02603635998172799066038775490927736910862222430296242 0.3098403049867175757610317926582510494881717022508383 0.4580984176179810401705310568543083604708954226225615 1.847417143380148105364160771024728546763071790337563 9.334129849293677020673209998591346447938121855258942 
4000 0.04218961112875156685016165246382424669491228996776044 0.02241074492719492674958872875656812340139367734082043 0.2653958248634088493101909622673417743499157950282097 0.39330189872370312594756017188224461733625503256917 1.626715089095594459910228135601784060781938023865223 7.785351708189123367924444618637380699510686099529266 
5000 0.03783038481448860507514548798257969508540554670616984 0.02010804400969520339954421227907088720598949294071645 0.2385248585277207604849868810559243570423859637230635 0.345972430630057841387118081066809338608436519280076 1.430507684208606156389502472858765713681350462138653 7.440108985076254382445837265436239249538630247116089 
6000 0.03436118421262035338759380752315930607210248126648366 0.01830742973160344501844514365079819029347163450438529 0.2210350069340141387664059810513883519433875335380435 0.3163736394030367683305026565987461140139203052967787 1.263302005973969885745979147007034271155134774744511 6.355125166007449263351480883699196056113578379154205 
7000 0.03138349090862316730424479843675200640973343979567289 0.0167279741705156696916816571815700420700068207224831 0.2043263089989048730273730677953203382912761298939586 0.2977634711882727545895731269265382934463559649884701 1.176749527391887003018207391580318699197960086166859 5.656135331453318879860875378895457288308534771203995 
8000 0.02940070933968519710907847403841275379932085343170911 0.01569032029492239326252348442097828140617821190971881 0.1891291938956727691187363962765921598929708125069737 0.27457828362758508893601110123494635217866743914783 1.085467678182949188511220717234806443229899741709232 5.424414984428862426379253092179055784072261303663254 
9000 0.02747141027113232093455948840121649823231564369052649 0.01468267634199158749046438838387063086088346608448774 0.1798069068603989371436021466044152816721179988235235 0.2592616172910272673182534297620094321246142499148846 1.001364811977271324365708349279913136342656798660755 5.211572822732609046574719924294072370685171335935593 
10000 0.02662829934657867529146661658007166906259044480975717 0.01422178418150232411893080577969250555270264158025384 0.1731255728106647349181373973792119613790418952703476 0.2471880629355936517273619260071093606256908969953656 0.9686683701233357885059492564661098867873079143464565 5.00159105432444057092941647191253196069737896323204 
11000 0.02528027253335416723941547235965376927424586028791964 0.01351324776803235554072834178826467699252589227398857 0.1677840421595900384152660195224981976025446783751249 0.2351769823262517405824045466089522449237847467884421 0.9454019264626189803760354657402587008618866093456745 4.614975301524602418166975947855235062888823449611664 
12000 0.02379953533327924057572642924096584238213836215436459 0.01267994343297817167328744945159479939889024535659701 0.1598437994849867850453073100935874606420838972553611 0.2286828325921720217185325110809124282695847796276212 0.8888970433142766944950574625750050472561269998550415 4.396093522995210007685978892411071683454792946577072 
13000 0.02303922494162965774460328366446404402267944533377886 0.01227637665966669993241569980996219513258438382763416 0.1524712249659675396734658317510202607536484720185399 0.2190996967078870017771189196431613765980728203430772 0.8384165473638980132955848822984279422598774544894695 4.338120861357496129036281917734640956041403114795685 
14000 0.02224490241965083877910178654369044437544289394281805 0.01187190328074293846608749155441264733212847204413265 0.1472053111767881538696038645763763952345470897853374 0.2086526407083328048784349323385711727496527601033449 0.7975889096059221432819322239460291257273638620972633 4.214404892774985072773780148125410960346926003694534 
15000 0.02140984611134977495871883294148441123638804128859192 0.01142609725053147396764245419947814141892195038963109 0.1427269398002064086108074680847579429610050283372402 0.1998766350280986240750113330788551024852495174854994 0.7729015198714372476764163100160232033886131830513477 3.980730633478038083591238338598827795067336410284042 
16000 0.02086590588351544405252061247652006770181287720333785 0.01115384171833620072846480000827718015443679178133607 0.1402776538686911785269164840150857287426333641633391 0.1935660320121237759790049776098541656210727524012327 0.746741088319284384536463072823408992917393334209919 3.730372233846347051946373829522940468450542539358139 
17000 0.02023440385335819577438190575158216688578249886631966 0.01080473548998150151445325328064539505135144281666726 0.1352102370341638649248183767781483766157180070877075 0.1884192866011563467554040460227859909991821041330695 0.7247304405445644032352815744335572389900335110723972 3.628653266187776827355823683340929619589587673544884 
18000 0.01968448097918124676804045580791324709934997372329235 0.01047650778235867687213160289252944501470210525440052 0.1329497568682620222861113026824320115792943397536874 0.1836188873900571983462277902976467203188803978264332 0.7046211760424135275458421001637532299355370923876762 3.571061490557249693380062471881331020995276048779488 
19000 0.01916037449291132083670772309064167515657572948839515 0.01019238249700991495249149162288793135644482390489429 0.1285630046563417843889049960171000464015378383919597 0.1793977270451832193567595630234734471741830930113792 0.6848450274135966548295223477182958049525041133165359 3.44691605051694855560429076035688922274857759475708 
20000 0.01885104847395008235734763669261271346044850361067802 0.01004190361814732876508706989684971411236347194062546 0.1243038056046069941176063743115687287854598253034055 0.1753157860489020664773599303409845617807150119915605 0.6694885426164603704963541874750632132418104447424412 3.344595194205144292028467067900976417149649932980537 
21000 0.01836353049611382043633056680015380734971586207393557 0.009783927081654166057645837135947619600528923911042511 0.1207892917879893609499927613348813082438937271945179 0.170897488029863971672616014541024043182915193028748 0.6433352541490530354249995081961088772004586644470692 3.294599292769972420907159671443764636933337897062302 
22000 0.0178123889608926418387339907223321233686874620616436 0.009491458507178198824560922362836290488985468982718885 0.1176660766116207408428571794256622951024837675504386 0.1689379267267337431763455507516269449297396931797266 0.6267260230224037768909095547087417799048125743865967 3.158126926553123135516659703014852311753202229738235 
23000 0.01727545662509659087140113584157852244516107020899653 0.009210518314318970392076647239060216421080440341029316 0.116025421070594309967596163835068523439986165612936 0.1644029418981739776452850529397942125342524377629161 0.6100463478932018620637736661116434788709739223122597 3.048993365181781260491930551914663283241679891943932 
24000 0.01720068673538178506923659698280015817317689652554691 0.009154870445032666895730853566515161645611442509107292 0.1132496162792790038513187148017102856556448386982083 0.163409791257682283400912495729961904089577728882432 0.6001056819243458502564220191644039914535824209451675 2.976668269884525289733362418687079298251774162054062 
25000 0.01707894200570775038754069586471873165578472253400832 0.009086937814280665336692864413048464911071278038434684 0.1100324456312319687046122340667864136776188388466835 0.1605599240770731562046903795337726705838576890528202 0.5831592542945567698682921009556423541653202846646309 2.880055058963934351036473291429729215451516211032867 
26000 0.01675283089691920183221301911963285746764995565172285 0.008929946526529954630624537088162684383974010415840894 0.108255863246022577295085871640356600664745201356709 0.1596678924807591234405132474272193121578311547636986 0.5670297521512739284503534786807676937314681708812714 2.814791965343789388641695947690379853156628087162971 
27000 0.01642983785080871584909805501600876809220608265604824 0.008758365003696580034876827212247940579459282162133604 0.1075376238690969669096510197281446608030819334089756 0.1551505859305792511186432303116333741854759864509106 0.5567120965163494093362259174107009584986371919512749 2.757205127742720489033081965324356588098453357815742 
28000 0.01616360298379767801449044019312939468591139302588999 0.008592616513157601700978547448750433090935985092073679 0.1058300575015381188716083460388261983098345808684826 0.1522499135748263934315343062775305327249952824786305 0.5510467788044189656388761877625626084409304894506931 2.703260082344164743489711710822120949160307645797729 
29000 0.01583325184233475276264469476517060542164472281001508 0.008418178089327522126982558496599562403162053669802845 0.1030578704345772329329495274607975119351976900361478 0.1500035446793472073377662123760956092155538499355316 0.5479924962869475525196506782155125847566523589193821 2.649027120260995761579295160181857227144064381718636 
30000 0.01560088877066066090107220162494505721895166061585769 0.008302674728664259212684796342823778658726041612681001 0.1015711041290742843427484173868258210404746932908893 0.1461448335235966920086668127676254869129479629918933 0.53822674142702190189626113014931263478501932695508 2.623942393943351353291504324261040892452001571655273 
31000 0.01532927616086458143831961972725075327161903260275722 0.008147871376750891352654224044499420287479551916476339 0.1003756571301003431569793741817697707574552623555064 0.1436449775044208224908815624276670064318750519305468 0.5302443333551655309178636532596584629573044367134571 2.570392353728268507737433901105816858034813776612282 
32000 0.0150462024734723874915567854923525992205668444512412 0.008000274268580686067573511793815654868922138120979071 0.09912646983994210345852472754391015996588976122438908 0.1409326907300515583401330846347043745936389314010739 0.519190230155393354395665372891244260245002806186676 2.48987061621519052256185089433415669191163033246994 
33000 0.01486197708307999464994505339765495932624617125838995 0.007906667969126425353187091228657212838015766465105116 0.09798032001590322913819278843883253671265265438705683 0.1391320186477407414580090283529045791510725393891335 0.5115675744775996467979088666577780486477422527968884 2.447540338153007184176720989476905288029229268431664 
34000 0.01459511345526270578766163182535264830619325948646292 0.007763659623334551309777447564500207910498374985763803 0.09646334615870039367859162596219313456913369009271264 0.1370427631742947324717607840427469056976406136527658 0.5073332425737464853958934296596083868280402384698391 2.448628726392612871276543984322415781207382678985596 
35000 0.01438937352400445792058829427503829911927368812030181 0.00765538555419682649394918973889678781574730237480253 0.09545659763590844424730255668443135164125123992562294 0.1349019856459963054415209654512963766137545462697744 0.5034458159313302003730512812484931828294065780937672 2.450595846725121702011987445679608299542451277375221 
36000 0.01417013899128886577270488352636723661248652206268162 0.007540512271583162224850330982578450189635077549610287 0.09523098068595102427353000021370554861732671270146966 0.1323954943030369026341162147497598766676674131304026 0.4970801887811822918040397661920692939929722342640162 2.398670220221765212592623939258373866323381662368774 
37000 0.01403516926090563760799625851738436921323227579705417 0.007463900041423580781604956097333158915319017978617921 0.09390313253691702162945535367621907596458186162635684 0.1319990297802100401921166633600890349953260738402605 0.4856309114955216897516285939895297474322433117777109 2.35850357536501808422731152337092908055637963116169 
38000 0.01394233807548188911207964887570276424355597555404529 0.007418198290353978503556940269844655055919702135724947 0.09277254540338301517691339467819311437324358848854899 0.1299050840353626234317894333480936097657831851392984 0.4788259967208921695134248019964928744229837320744991 2.312071502986880873432504190922998077439842745661736 
39000 0.01385028742078739477809937695462760842701754882000387 0.007364429417177939949589279182776135890264868066878989 0.09115080278523039315297180756880734975311497692018747 0.1284459279318163947927484286326560436464205849915743 0.4694047975168794326322058152456406787678133696317673 2.283487498318644997414780806188616679719416424632072 
40000 0.01377112514986739168758338907119775917919923813315108 0.007317050156007882270805549708783677154144697851734236 0.09044071273461831951887132316492134975760563975200057 0.1282043005291673743210271313452963681811525020748377 0.4594619274024470236884344631622667520787217654287815 2.263213942155575908498146842084963736851932480931282 
41000 0.01362053258711728580823496033078146005834696552483365 0.007230780602946898484140425241231686648291088204132393 0.08994834021793013198198827110041442267629463458433747 0.1269630897778529992307857895972311723653547232970595 0.4582197122316094585470214184397264034487307071685791 2.245904744775661727096069397724420468875905498862267 
42000 0.01339692815966678963136783815646158046774871763773263 0.007111925161144747034786851858090273026391514576971531 0.08848834257242765838477258077965359461813932284712791 0.1254639009520689091841229648172095778591028647497296 0.4535384240017267984098128796865978529240237548947334 2.219637577963835890293778363435706069139996543526649 
43000 0.01329703920635264268883301078116865312495065154507756 0.007063666508343169259321925367370309523096238990547135 0.08730012362254263321543427261994807508926896844059229 0.12374125753784345008856734512980857232378184562549 0.4439147645071300856106210480644946869688283186405897 2.169857962188971999646300292674538923165528103709221 
44000 0.01314338310772758446081818692330323017358750803396106 0.006982571620053196842788198646367892052921888534910977 0.08670017505260029059703562673289134465903771342709661 0.1226900887126644850244161326358049990403742413036525 0.439490145250005352813016390456368753802962601184845 2.120904966870521946194216855730019233305938541889191 
45000 0.01308204377772534942774896888489921664699977554846555 0.006952692770716384820310461281969716118567248486215249 0.08603553052593258895113566969703455811213643755763769 0.1219183723547715694421333942898399982368573546409607 0.4324157465627107701860391136827743707726767752319574 2.115784791376553806985238992410813807509839534759521 
46000 0.01289601746826179443584025566954531782926096639130265 0.006854788568745555415428338938074737107797318458324298 0.08546029446441111556364254864259777377810678444802761 0.1207357869507664596177027444001694789221801329404116 0.425725684040614008518330080299563178414246067404747 2.073669396539956056484468871481396945455344393849373 
47000 0.01280036920591433297796622216291329010573463165201247 0.006799957568474882542426093777823692398953880910994485 0.08423262856431590540922564949721795812820346327498555 0.1197366770324990193293565425569635607416785205714405 0.4197531789503325695949581541910333726264070719480515 2.074651541335704885409690900743839847564231604337692 
48000 0.01261170848570305685370547413640118783462185092503205 0.00670312856155594919235112330579973161093221278861165 0.08304586455780131205032168137392112328143412014469504 0.1186774519529000313278785209980537018736868049018085 0.4152533817196451526847916779772162954031955450773239 2.0674267113118322363157081111850743582181166857481 
49000 0.012477308486715018966780774926222941090259155316744 0.006637451331583652917844027337851420256242818140890449 0.08180647148858698270351480150153200554541399469599128 0.1172037435791170985346595391496382632112727151252329 0.4160353584099650881044166195188438450713874772191048 2.062620650053088539998408235121019060898106545209885 
50000 0.01232799776498540215355218582077290179199735575821251 0.006558489485775889950851014241831049567110767384292558 0.08104638489275865468220317461289781135747034568339586 0.1157680979888735922205553544039879909632873022928834 0.411500342006837579783475739025888628930260892957449 2.040411439919074282345334836463734973222017288208008 
