1000 0.1049054788787399883638715332445645600500938598997891 0.0752605815479582432333638224164484853417889098636806 0.5009162042123052205485310428567657936582691036164761 0.6628776272578234808564509594752678367512999102473259 2.449761725943767228224484666654348075098823755979538 13.94444958232050070252167062179182721592951565980911 
2000 0.07732044594981012055787909093007570504596515092998743 0.05768883760606327557366422575935160921289934776723385 0.3548662702688597960615744797419068845556466840207577 0.4741035131392283406999692968453175012655265163630247 2.01605741512698704025370599612898558916640467941761 9.029614547836393310259461841837946849409490823745728 
3000 0.06595605985145370110390690768231714002922672079876065 0.05139964549003714748158294298163717428451491286978126 0.2840086327158283859169434631963824244849092792719603 0.3887965445408374971238661677030989949344075284898281 1.532099500931195309983388896934997092103003524243832 6.641905319920263012743733010978530728607438504695892 
4000 0.05942005035833361227391074058101771981910133035853505 0.04763127677738554460634451577505377173338274587877095 0.2493219706917801585765699992625066272466938244178891 0.3303481828211180217546791282323681571142515167593956 1.252540705259211868314271620672428753096028231084347 6.889827637563946231141764897643042786512523889541626 
5000 0.05579731484851419779429581267959914470111471018753946 0.04475403800047853686831138622648218472477310569956899 0.2227213059053327534597948450523219321439682971686125 0.2936469015226751429594245768051052891678409650921822 1.137644987158079063838470035285865833429852500557899 6.080967563641834416551801290040657477220520377159119 
6000 0.05174343623573002805363660674964343400006328010931611 0.04290768577449465481180729264920614696166012436151505 0.2039188815493540499185600237130877587787836091592908 0.2729516427521597495410403400040166843609767965972424 1.061231017188251409466212549226327155338367447257042 5.777036819902462278647492510685879096854478120803833 
7000 0.04948475865078803512150636481625731732947315322235227 0.04152246788702341539557035682284080735371389891952276 0.1860816830640501243958415816814877530305238906294107 0.2487198172519396236455641729934384898115240503102541 1.002261817907622739286244151202254215604625642299652 5.185513083550967565037853601594974861654918640851974 
8000 0.04732971226953559729149151671934170337863179156556726 0.04012783657635025539667586458314474384678760543465614 0.1760105616617691972757182850006785201912862248718739 0.2274094990294392449865865796221342520766484085470438 0.9450079490399033814158717692333055993003654293715954 4.583257801615020482228352038944763080507982522249222 
9000 0.04642121069670813049439948502761232873581320745870471 0.03886781558859910898007174358259607771515220520086586 0.167124701636226101226102153107788694796909112483263 0.2198072713112655033300272058860436175109498435631394 0.8766907270510077234315811367526549702233751304447651 4.680301675713221127780871988477429113117977976799011 
10000 0.04479976052070697272928004838143944965622722520492971 0.03827109079744037608834632269161346584951388649642467 0.1599029884702132543175187584516550032276427373290062 0.2114359825277207048107403972170281747366971103474498 0.8074389972077120053027717017091191564759355969727039 4.31660181555285978483721409659779055800754576921463 
11000 0.04363112887968760714103898593063668442937341751530766 0.03784715187497252265985919587876207259569127927534282 0.1515670564083023619039248056084012716837605694308877 0.1991406498090931532850928961653202975412568775936961 0.7594021588848161235596814777615293223789194598793983 4.217051520834203377774418441958914627321064472198486 
12000 0.04268990717786317855828893963465731076212250627577305 0.03753723729792108486011652929148496582456573378294706 0.1441953577596090416921550611539792896564904367551208 0.1917061069802214461364536432497196472013456514105201 0.7317981143578054049675038483790956433949759230017662 4.031052557092203903529176178821558096387889236211777 
13000 0.0418542976608167921717565222727852614070798153989017 0.03709935032343144676588797895022686645916110137477517 0.1390147785824690762060060200688837994675850495696068 0.182458388015463648885788536246899127490905812010169 0.7093545407456165881017809415887143131840275600552559 3.871272769734699908429631509676482892245985567569733 
14000 0.04119440781259059412380851318558061535668457509018481 0.03661502830739021825437701056216166506374065647833049 0.1350030274805458487338708298275413710598513716831803 0.1797242911713444102930455417710398080544109689071774 0.6923421107757265714668232226003397045133169740438461 3.705587835820253171182150908613550654990831390023232 
15000 0.04082149729007514395655959946185298292675724951550364 0.03627885869219043735961851594729044023779351846314967 0.13035033080275538116816862188596104488169657997787 0.1728726964305016593692002763171799983865639660507441 0.6664138301378328628531491628628202761319698765873909 3.58752133870204207482038083476538758986862376332283 
16000 0.04020611403693273854946564974111034018733334960415959 0.0360376259059301158706515016277860397053700580727309 0.1260643507359163362918381273702905787104100454598665 0.1696370094238433067585988811565300693473545834422112 0.6454559304345549438307848288953749715801677666604519 3.701118990462970680110910137727842084132134914398193 
17000 0.03984772923681337447214057326250191692906810203567147 0.03577016382822791522126931046399178626415960025042295 0.1220637173629123675754146877148187400052847806364298 0.1655791898204766294063665713065525153524504275992513 0.6231207537950564478014363334335001809449749998748302 3.680660686380246617846120904538054219301557168364525 
18000 0.0395550616910255871706294204803722180940894759260118 0.03547957770398891989970945222421239151344707352109253 0.1177603953566078140682469276023791593388523324392736 0.1601008366681317779221934913258529320501111214980483 0.5979357531678311016200971783618456356634851545095444 3.543439686452273145074454152592124955845065414905548 
19000 0.03922808709260857515155112781868318450051447143778205 0.03532428018858121917839410636164032553097058553248644 0.1152779441060210593116529265156344763454399071633816 0.1554732415819143950667415021715811462854617275297642 0.5884614930126083349863110039112967797336750663816929 3.45257577097516261195771225533945880670216865837574 
20000 0.03887537679266372147557340697987537936342050670646131 0.03515807338002003394413657634542946794908857555128634 0.1124475101065461713980989447159153371558204526081681 0.1526258614557613812817097459495485622937849257141352 0.5730974183086495784937575148632049604202620685100555 3.405952361683916665337917839551096221839543431997299 
21000 0.03839404297282935946228842570560058078399379155598581 0.03495502254524126024764021404556135763641577796079218 0.1109094915599287276000641140616398416796073433943093 0.1493083298150665819153557964393819190718204481527209 0.5556362249057914926659781928997006161807803437113762 3.280981633941444808137688493587802440742962062358856 
22000 0.03816691268351256370263855852154044612234429223462939 0.03477188278102074346721296095596986930331695475615561 0.1089444209980482140733958756895205510772939305752516 0.1455895539615129745674056149784547642411780543625355 0.5431284221538711368322017991605576980873593129217625 3.178739888294433780721592874840553122339770197868347 
23000 0.0378507922736141921042564862515122925401556130964309 0.03460574529786932975171940066183573492253344738855958 0.1063816800523292190717257119092487016587256221100688 0.1426281673728766041927759622431892694294219836592674 0.5362100594446774036298287990920385936988168396055698 3.207527500512520120690834746213226935651618987321854 
24000 0.03765681610451591698377577996370568769179953960701823 0.03449429872899151586738974994972295462503097951412201 0.1046719697661988654553331078156386269029098912142217 0.1400351583341459444259939279286975022387196077033877 0.5210983819899362507388138054942317012319108471274376 3.192394284136675877477581919627880324696889147162437 
25000 0.03745737725603574410591098745038074468993727350607514 0.03439753131805439886024833295863345483667217195034027 0.102765294253969496776970893314739896595710888504982 0.1375907404980458298426881924569897819310426712036133 0.5116280550653486024941310472691213817597599700093269 3.143926014631959390968965473156515599839622154831886 
26000 0.03717428047522067798043711277233835943434314685873687 0.03427422565384108491285883313359761359606636688113213 0.1007701296524890090985080749741431560551063739694655 0.1353893609580737409243391886071172791616845643147826 0.5076820043276233028169477923263741558912442997097969 3.059640472658313393962067894271683599072275683283806 
27000 0.03703098043388620380674653397023998735448913066647947 0.03424115667809377877239492872496473552246243343688548 0.09956121127925793774283719922424396031601645518094301 0.1325433262488952412008714684676924377981777070090175 0.4942864503138862971969025306151479526306502521038055 2.998288126087539066976297985611665808391990140080452 
28000 0.0367887238471885330148988205861693145948265737388283 0.03416861324521970256197175332124604807404466555453837 0.09803012710442201124483351318272816854459961177781224 0.1318142447000339819351746178943685094964166637510061 0.4872281824311329256438178603172417524547199718654156 2.925584708258281994896002342620988656562985852360725 
29000 0.03677406753100531502026016364426119764630129793658853 0.03407712639306432702733171136166845371917588636279106 0.0962335506085005079206272718406189881079626502469182 0.1311881517115432646954044024201202489621209679171443 0.4766660228174128490126210816457685837121971417218447 2.842625079659268563922122630138744625583058223128319 
30000 0.03657037196055042188176892152540187197473642299883068 0.03398044188866797176971933959477301101514967740513384 0.09465386732431076681769420780310220209230465115979314 0.1290261709699006754568321314602385996295197401195765 0.4643878096656470990278176708132562566788692492991686 2.777789281992396683588705807999019725684775039553642 
31000 0.03637753908714309803768991932737542072118230862542987 0.03387468222295229725360746729501126850436776294372976 0.09380567659826918362427940201175857737325713969767094 0.1257118175972815532959094703135960457984765525907278 0.4591936033071647809387667155123224915769242215901613 2.731282105788675250738692379393057763081742450594902 
32000 0.03628566369327174779557134386143157911419621086679399 0.03383628270404526116005121394447741067779134027659893 0.09155071597150583552802245376756040684540494112297893 0.1233873263828589786141889071691135626451796269975603 0.452210273214565001970296695410489462574332719668746 2.763623688286749958313917585606134252884658053517342 
33000 0.03624684750640947039876144271375313365979309310205281 0.03378270278109739842861778541527328911797667387872934 0.09042748003902705069840649992896075559656310360878706 0.1212341787815460078742493821302161904895910993218422 0.4434329456777029771668337948531402048502059187740088 2.691306276852639685782248024636942318466026335954666 
34000 0.0361451376341215548399919861577433977117834729142487 0.03370090091790208200014564675350836608913596137426794 0.08906871888444361357977914830930110667850385652855039 0.1185430780396784478206454946369596825661574257537723 0.4355149496481605680042650113881208540078660007566214 2.646239449531702176733605202940680101164616644382477 
35000 0.0359696080021311078318011281163002479388524079695344 0.03364382545258167098788473249604269454948735074140131 0.08836450919340414869210904511009907480456604389473796 0.1179101132340183643061192093892675103461442631669343 0.4275868794827222597084836336334134898606862407177687 2.628263356518478521210019360765386409184429794549942 
36000 0.03582017115159743503961320768014253701494453707709908 0.03357866848898990432277619939960278117041525547392666 0.08681335236411118493781617980187270688929856987670064 0.1168021850627605459670751292255985731571854557842016 0.4174443477865056001223365012009480778942815959453583 2.557614170636207542083168098301371173874940723180771 
37000 0.03570044242525755401760560563129143218930039438419044 0.0335026383106850414044007926972490452044439734891057 0.08569050999216664396741392414891258511033811373636127 0.115029021856906673813294387370698146355607605073601 0.4106240652269381926904416590939916886782157234847546 2.521239586215835811865842996937203679408412426710129 
38000 0.03562443289493640908877775119734110376157332211732864 0.03348428317570876625288637910837774569472458097152412 0.08476779519732550378013696476542371271989395609125495 0.1138334918406037998654667386944083773414604365825653 0.4063148183292953945157550965650017360530910082161427 2.483749582801965041919597942943198631837731227278709 
39000 0.03553036067162692708545847393442063122392937657423317 0.03344263819461671844059233102419703698160446947440505 0.08388755071028051749163758840643900782652053749188781 0.1118652508527955952337211951996831515998565009795129 0.3988855646530541955170189732937657822731125634163618 2.435827594205164101006516608194374384765978902578354 
40000 0.03541249343502061128240773063557966793268860783427954 0.03340671913879013269594534657480622286129801068454981 0.08235472261103305390944314193224506936985562788322568 0.1102193101621142444515263382476266684761867509223521 0.3922378943834808200400929290019291784119559451937675 2.431382836738747333900703684328448161977576091885567 
41000 0.03532431254780884877068642541120269129351072479039431 0.03335479120175092654013290424663829014662042027339339 0.08176998279201617010310612632117965858924435451626778 0.1095432884152659533841625040528899859282319084741175 0.3877304436859330547188780963230314569045731332153082 2.386536988121573749088710769683530088514089584350586 
42000 0.03520454757101580848475388604845726092662516748532653 0.03330710864062904814184734071658144927141620428301394 0.08057628822856887404035147737246802535082679241895676 0.1084743163384185209917277489810594204300286946818233 0.3837346242990932531442740266447444241748598869889975 2.340943611037282320180841210799371765460819005966187 
43000 0.03515685998899423299904548959049499501361424336209893 0.03325685507737639247952338497626989521904761204496026 0.0796082232597990843302095814726371258984727319329977 0.107085917012868362377029079340884365478814288508147 0.3820341062910633410029670464780338079435750842094421 2.285322855665502510746564523991253281565150246024132 
44000 0.03510360032335765769804874179838005687770419172011316 0.03322243091515094765304853298426568386503276997245848 0.07944991295795961833771684987293149049492058111354709 0.1062820615068311964570733560431214925756648881360888 0.3772473802078037913667642178072725300808087922632694 2.245021467332525328189363200692696409532800316810608 
45000 0.03502022592724819780385186150650778102999538532458246 0.03321510486505157746706562611749280478079526801593602 0.07866719037061524371273529485093511937066068639978766 0.1054686305862398137001695319625582669686991721391678 0.3720532150705929523039610512524788532573438715189695 2.232269673502590113687779616036266361334128305315971 
46000 0.03497211502614229586654291150049633785101832472719252 0.03315710872434318034571317478087504326822454459033906 0.07812496468562816269941805058518724536043009720742702 0.1048699898666697197797243422401347601180532365106046 0.3670341316217803893950412386093518080087960697710514 2.199568596584712071306810798887454438954591751098633 
47000 0.03492937692152757359986912227833855126846174243837595 0.03314886140217103771958583914580831475404920638538897 0.07747875986492965141801169196011933593126741470769048 0.102963705822603210048569490064895859404714428819716 0.3618480531116535588078558793867500753549393266439438 2.166907693599113128232747094159549305913969874382019 
48000 0.03484586915141372018305714400310257872206420870497823 0.03310874377378316981660345136306844437967811245471239 0.07662829798592848254737940061342982289716019295156002 0.1027451174438447267363793379002512295983251533471048 0.3585669614420739722843861629897332932159770280122757 2.12387976470818368385576335732878305861959233880043 
49000 0.03476813078002721609313522069251156665359303588047624 0.03307309467044526960492105763234071957867854507640004 0.07565582547571457320851467942546264566772151738405228 0.1015236402213446271594371635160758415850068558938801 0.3549692777408902807326652323327564886312757153064013 2.086508991091394083850288354575752691744128242135048 
50000 0.03474230614302946125771551048877494594080417300574481 0.03304666757470347785918753265310687794453770038671792 0.07467534391568833869565376126775646525857155211269855 0.100258687262429555930171032329667468729894608259201 0.3553183139821609938546233264933249529349268414080143 2.049018683192525516973195309766708760434994474053383 
