1000 0.08810481316978118576340502782207053655838535632938147 0.2019369405441741542725411079350905652063374873250723 0.5335339060023466876666112246319073619815753772854805 1.485814764018208139375980259000442629258031956851482 0.9991619425186871912558661534831117023713886737823486 1.512206846939060618474279240608382224309025332331657 
2000 0.06207022045042145667173897304047525125270112766884267 0.1426727397744249190751977818258922070526750758290291 0.3663674287643462197216603221106012711061339359730482 1.092061591397111860882521150450941149756545200943947 0.7466396122483384498874636747700606065336614847183228 1.123995101084450949635584748875771765597164630889893 
3000 0.05096872427715762313005904392271272485004374175332487 0.1171377948267478772965792532811946102810907177627087 0.2985334585447120069967661543097747767205873969942331 0.799926552753068480911251975085107801533013116568327 0.6318000115056606727417104485411414316331502050161362 0.8942278860926790902277985773061175223119789734482765 
4000 0.04539128880365172105768208077325454041783814318478107 0.1047751969728587833997966553833958158747918787412345 0.2525197749443194322358993697541507117421133443713188 0.7183699263374078636994538027416012937464984133839607 0.5176422461194082701553889624968007865390973165631294 0.7494897069333605851598929803447646236236323602497578 
5000 0.04169158752553991798746346221504754936404424370266497 0.09647261338709207166255054852199712911442475160583854 0.2278694373068371211538910708904737134616880211979151 0.6030399335885892540516997617494610040012048557400703 0.4910189714625218222006017287917245539574651047587395 0.6473468932701082155772159820728006707213353365659714 
6000 0.03729218479639026215152449242329346645874466048553586 0.08643051251893984084876277479425610295038495678454638 0.2121234081552197092137776457398956608813023194670677 0.5595909860927098678634594719483175140339881181716919 0.4146951094860321971691339421051125668782333377748728 0.6915968094194244244208094607451187130209291353821754 
7000 0.03405253714242237037034075758379358944694104138761759 0.07880653015020087707434483931256963273881410714238882 0.199832884455614314856580250590045721992282778955996 0.5034892800139816319729239857405644897880847565829754 0.3886162157447589285267416231439696616689616348594427 0.6296563621347925233787991283751495075193815864622593 
8000 0.03284473864910520727830069154240533180200145579874516 0.07615403901878826769796058254735626746878551784902811 0.1866865169729552022660854643243411032926815096288919 0.4889127964185551322587666711605436375975841656327248 0.3551621482053950279954551011440955221587501000612974 0.5848859821645286544969030706475621173012768849730492 
9000 0.03124573238094221938162728911814181032013948424719274 0.07270599943387462528947935355705389781633130041882396 0.1758085773921188945555964602829313037091196747496724 0.4860030511673584344991237704558528776033199392259121 0.3285039555934358287091461708895323567958257626742125 0.5435088596372075120583856888689666675418266095221043 
10000 0.03025752265175760225709663576998398326622918830253184 0.07024056874112515053273572696035387252777582034468651 0.1663044248730393456753946443416047884511499432846904 0.4523411340225017780226381136632340940195717848837376 0.3083563614302725977025197712233506308621144853532314 0.5094704661822087577143641778931737462698947638273239 
11000 0.02884708232998021384199682521504159993241955817211419 0.06691766611374845038053352230811299250490264967083931 0.1549933795485425135069054367042973296975105768069625 0.433624493573587319609130216746528674320870777592063 0.2951759796359280589150148044197408125910442322492599 0.4739437147936971671442502734850066303806670475751162 
12000 0.02756239663507911985563527627191016122765176987741143 0.06370089504899773866057350463210084967613511253148317 0.1485028874444560262254319896180199123136844718828797 0.4087586828309250079247459674913756089154048822820187 0.2843337376947567610694939804760750234891020227223635 0.454622810811887180179342166086442489358887542039156 
13000 0.0262844198133223224877547596553539754893336066743359 0.06062195969969008066966301151445861705724382773041725 0.141256529895480991459630858153584398451130255125463 0.3967612445612363355443730911220612256329332012683153 0.2716079325285469924108026906761637064846581779420376 0.4301099977475074655436457909951641909174213651567698 
14000 0.02524752479403873756386557456604657900811616855207831 0.05817868522703884069224161690314645056787412613630295 0.1387271190878204168745076174662500534395803697407246 0.3840825202237975835876850755346012533664179500192404 0.2642932194949872188758852042944624827214283868670464 0.403709888268367205144343881628721248944202670827508 
15000 0.02404857683445546160636062740789675729047303320840001 0.05519797303399304360581540188079863185066642472520471 0.1336024824225320139478622241679950377601926447823644 0.3714165322953497717938832478612454224276007153093815 0.2561375940362796769492106235821538007257913704961538 0.406852299376034284644158139920833150426915381103754 
16000 0.02328701786756688165614022096444601928055817552376539 0.05340131685636586640308063646254144174463363015092909 0.1304170780447218878168782335569275687703338917344809 0.3688291650105062534164244991696790521018556319177151 0.2490045015720500399018181442167829686695768032222986 0.3951175422116228461491809625938387284804775845259428 
17000 0.02263761161778651643730750006588969824861123925074935 0.05181443733877257070536380412217880575553863309323788 0.1276930332855560142231443609972529884544201195240021 0.3531553301192195634422999611645721529384900350123644 0.2396564447946201559095681654643072988619678653776646 0.3859742819896155795970221769053409843763802200555801 
18000 0.021779508324030456737718883936105740417588094715029 0.04983259595298772952866252390624612900182910379953682 0.1244577350003100007640481280968280941578996134921908 0.3463677732078970607286320937401313813097658567130566 0.2322591842127537502949016431919027070307492977008224 0.3743070976597828653019243982935648773491266183555126 
19000 0.02130768568666128229216417868524535705887501535471529 0.04876808263423376191327278557363644750921594095416367 0.1199232351967061153955236042778498273264631279744208 0.3338877673990743794377438619092046678815677296370268 0.2235766192342403765224356435026287215350748738273978 0.35802807823488155640739155627372269918851088732481 
20000 0.02082134305242469922810543900282276297275529941543937 0.0476273747559181313803442544413391246393985056784004 0.115874781258889514522463903140048202544676314573735 0.3238514939367215749160128224204413527331780642271042 0.2188508139137691518280636263082961079362576128914952 0.3462019241188031744304882258989053411823988426476717 
21000 0.02024241235746261543359647127465761329290216963272542 0.04629635656041886010355354899581392658092227065935731 0.1156332728476732785543299765473879148203195654787123 0.3168902291114509420038268527886060610398999415338039 0.2165006516470949857341120325937566803986555896699429 0.3372069909953720602915384907394269475844339467585087 
22000 0.0199156081184567977767420647247642584432014700723812 0.04552895153293500145395659994829173911057296209037304 0.1130717752859151998924623454267912592285938444547355 0.3069009312900763234463301365462228886826778762042522 0.2137347202398147470009913406752133369082002900540829 0.3265138566553293509968358687700629161554388701915741 
23000 0.01921245995623266570435060118793302308404236100614071 0.04396397159611059804197033193395860450891632353886962 0.1096215958668477494307013503371805995811882894486189 0.3033717804697389612295782557183088101737666875123978 0.2109062359329702633761521521349457941596483578905463 0.3168274500794482098848039997029957248741993680596352 
24000 0.01886129846682204848671389127434672161598427919670939 0.043075104892518805195256734533182374491389055037871 0.1055337876459641172259356321772028053374015144072473 0.2960191926198214812469139411987839594075921922922134 0.2120248019201588200331656114405731727856618817895651 0.3105932383520604477737756671240632044828089419752359 
25000 0.01863844147865693863133195861542246163367053668480366 0.04250649798193267081363160703189052469497255515307188 0.1045413521904393870654015330501351854763925075531006 0.2863179597714120946027813174872278523253044113516808 0.2111244413276497123725704632701827279106510104611516 0.3165053923520468390619218151948999206979351583868265 
26000 0.01834511444873453809359658151639793643994380545336753 0.04180547021132832856922848484282351222418583347462118 0.1017059027798827444029881351961197566424743854440749 0.2829195850683829579748449628562312341273354832082987 0.2071498039483754985634828341134472395879129180684686 0.314797758959889708440952130197310054882109398022294 
27000 0.01800067881895457337057585636697076836298947455361485 0.0409412748704945702827521624572737479752504441421479 0.099983360971288925222826265287734415210252336692065 0.2764747941126992136296261493022541344544151797890663 0.2017297663357315985163979374372722475072805536910892 0.3076326200897972085602626729494701862677175085991621 
28000 0.01765577821525594951591149259217949918365775374695659 0.0401677405595875076849598974554345076626304944511503 0.09949059547162136694166455555543571165344474138692021 0.2717519366090243508702218450112653158612374681979418 0.198090363519861320743139197764204340046489960514009 0.3003210311360273778726829446705792747707164380699396 
29000 0.01738155967922924307474087050190414416306339262519032 0.03958384825574976331638262297407671042037691222503781 0.09654572383485695428502340945109416736613638931885362 0.2669417502778989463899875916874648851262463722378016 0.194902363444097303900185216840590385345421964302659 0.296432612869184115530259843174221146000490989536047 
30000 0.01686736456841658608219196215788349135777934861835092 0.03843248101919214340196928082760141620610738755203784 0.0950163868149023469101719860385735216823377413675189 0.2633948904703529916978763103507787946000462397933006 0.189599477347384391445793763719684932311793090775609 0.2887376397744610350781877677883713317896763328462839 
31000 0.01657164049480678936781435136443851874332722218241543 0.03783900052659982244152351259225408597330897464416921 0.09280123672161719158754103128905477149146463489159942 0.2610837510579820048076116201229979196796193718910217 0.1867792603269053464874705980380831249476614175364375 0.2822052685124662908409867018155736673179490026086569 
32000 0.01643356693870321549512554786670603945708535320591182 0.03748420056947419660292597498596478544641286134719849 0.09225323302071052287965085419996214000093459617346525 0.2571095602906707188698310490027054697748098988085985 0.1846934150689470755836441018260529745020903646945953 0.2774002913420481491492408654409018708975054323673248 
33000 0.01615347491922856930440463314041510400898005173075944 0.03680693392454090347867628162104036704249665490351617 0.09058617315306761183860140285162287909770384430885315 0.2563138295201510637373078227430056585944839753210545 0.1810498733106855774187445018430508980600279755890369 0.2721745692161113085486782298128005663784279022365808 
34000 0.01586376261513269577931506057466570780434267362579703 0.03615868419258648264782681283624476975546713219955564 0.08914255341539409450637857293409105352566257352009416 0.2523958103715064396057807249995619258697843179106712 0.1778406559000744252216092561313942610468075145035982 0.2670719797187103128192388334927187543144100345671177 
35000 0.01572071351773642419254628944252916156187893648166209 0.03581547716313734572302074354865908389911055564880371 0.08788996178248894304004890445924935704624658683314919 0.2484467724459798501195897588167404990144859766587615 0.1762952467709449494301853986200079305035615107044578 0.2627790501201872515042549938169003098664688877761364 
36000 0.01551414977071339404008081409164221398100380611140281 0.03534863602316499581147343778120273327658651396632195 0.08626907706290616640080418792146943474108411464840174 0.2429422869009670438432977115916777677284699166193604 0.1721074722019484833871599827048726183420512825250626 0.2584974579514266322297598443835653370115323923528194 
37000 0.01520603572879119874482591392994557111251197056844831 0.03467760278795110281087397778587710917008735123090446 0.08480815633022197681713943984149750576762016862630844 0.2436400978098449715574707122311970408645720453932881 0.170230528156057313597573216190639300293696578592062 0.2541094552634537515750645653156425396446138620376587 
38000 0.01497540835206865950466069469307339723229688388528302 0.03413959517070315642103079875613325100403017131611705 0.08451263824655640806237212950269288569415948586538434 0.240709399467868173630902446646917525185926933772862 0.1681081756554361919211342327185043643567041726782918 0.250835991779087572408919043498443102180317509919405 
39000 0.01469207274326274077589645590188882628979172295657918 0.03353793443045986248326507939143681369387195445597172 0.08370239997119142964690074321110202504314656835049391 0.2377619631220153103678526668174342262318532448261976 0.165613106797464669929075692378361850387591402977705 0.2457277021687715084304233503775805047553149051964283 
40000 0.01438230668359661352151326191295410694692691322416067 0.03276969146755806941900606918394167621499946108087897 0.08226466695232188667576134211145699737244285643100739 0.2338211634087101537031417805567734546912106452509761 0.1638249566882913593854516343117921906014089472591877 0.2404827492577458724465734943298578230042039649561048 
41000 0.01414204084920619951740427275646561078303875547135249 0.03218129928038620483294663700279958362671095528639853 0.08182534923504383863419528455374063469207612797617912 0.2336941236622160022285777172812437640914140501990914 0.1632616313719955654625839644444873499651293968781829 0.2378290084806743008067784692083357356295891804620624 
42000 0.01407452222977404689020894303780329082087519054766744 0.03202087943046267126562275974477334017365137697197497 0.08122492957483675044482677313206764324604591820389032 0.2308941001124217697406965782436216727546707261353731 0.16096411590535797284063843082257960759307025000453 0.2395120402441183204864062414318759408615733264014125 
43000 0.01387157160704666349219834611469770457858885492896661 0.0315450014295904707471035217231092318002083629835397 0.08052356205532641438666566907622623716633825097233057 0.2265283791696581714694615911076525094358657952398062 0.158873654605226485048174479841609496588716865517199 0.2357985783692195643423353962342403633556386921554804 
44000 0.01364933097366572088688627161293109857354011182906106 0.03103946158115597303450597203855476635681043262593448 0.0795083794541882631613468647435727376659997389651835 0.2280380366436138880989643873409278285180334933102131 0.1570641352220076776194769910266479939764394657686353 0.2350736701758145728380702821347369990689912810921669 
45000 0.01342831693253552015356429771494872760229100094875321 0.03054979417510350389536398062889643867379163566511124 0.07856716541283979535518437048446926951328350696712732 0.2246014627460966254498620289781207759460812667384744 0.1543423946171780798648298996256222892498044529929757 0.2308043792946336362494844790527181999095773790031672 
46000 0.01338755747389399293549957408247519374810963199706748 0.03038318444953807617056021524171161019012288306839764 0.07771933252021584432678649734249631819693604484200478 0.222167059463987918359155482317390806201728992164135 0.1516011462985329195961910903056590882442833390086889 0.228295932513089118489073466033989490142630529589951 
47000 0.0132693951556803650001473311725863624133125995285809 0.03014873955535944655019563263170789824130224587861449 0.07701099413587687615722916084637361677778244484215975 0.2195460194483710599893918138936221851054142462089658 0.1509899872326135901451490614610939644535392289981246 0.2244958302959777353104619743162650991052942117676139 
48000 0.01317873327374837430880878197739236590280142991105095 0.02992848909214732268461436545670117936879250919446349 0.07629767835634172790939492442285896345310902688652277 0.2180225919830889914918532063170530932438850868493319 0.1515725283370365378829772162738720453489804640412331 0.2219769031971591330550889337169806481142586562782526 
49000 0.01303735136605899110759311694540674153586223837919533 0.02964389107103528477033362389936321790173678891733289 0.07493556953883898156105981477881350372172164497897029 0.2141478853320198788963641192695241954879747936502099 0.1499348061468504957315919443039398117889504646882415 0.2215905604241745836444597850256599258500500582158566 
50000 0.01288851441417743356159512262484878597490478568943217 0.02934471085631168640174917545265786955610565200913697 0.07390863177098742345036419543191641423618420958518982 0.2129129997064690329723569625630652524250763235613704 0.1480747429673007003146905508073061241702816914767027 0.2200318512213929335568762118979790898265491705387831 
