1000 0.133754180244104649549069518954524937726091593503952 0.1379894997950234590799708025987690973579447017982602 0.3716619957212584529377286807205749141758133191615343 1.20998725455687619351891060048842518881428986787796 0.940101508629626942965384212014257059308874886482954 1.542695485708169154969761349693868623944581486284733 
2000 0.09403406867499682072417946029907476201969984686002135 0.09777665699917977658165747778529208744657807983458042 0.2567378508449244081700887226693552634060324635356665 0.8968223567980944907788651287994241556589258834719658 0.6586398566618782185640157411654627139796502888202667 0.9673940088690939219547015870404038651031441986560822 
3000 0.07545538008393971520789507076432123255926853744313121 0.08130327296891176174766999174003956341039156541228294 0.2155899876157521976883244332889866257119138026610017 0.7134769504704645458554104764381520453753182664513588 0.5530594227647748642256141093920263074323884211480618 0.7892324680174204893636988322747072288620984181761742 
4000 0.06582252367292146679573442563659924076091556344181299 0.07020415271489429161883271540700590662709146272391081 0.1883266200103526240283973586242538544865965377539396 0.5961330665790007183376525423668113035091664642095566 0.4781161553849516541081412362990121778238972183316946 0.7239830111748136463379645066940071274075307883322239 
5000 0.05886338846512387787174216263741399757236649747937918 0.06381059852506404326660241141389029451147507643327117 0.1658499581368054705184664557315876720622327411547303 0.5265197069780360587028938956777324165159370750188828 0.4185918907884266056053813170878541427555319387465715 0.6414062829554587586659147868672903314291033893823624 
6000 0.05423281623607671711554409701983026081961725139990449 0.05905616724396695816482242245848421902110203518532217 0.1523827078855381490617030074141702300494216615334153 0.47402344071924892179403614178578862947688321582973 0.3738139584411679200404935580204224265798984561115503 0.5902907161468463985150127715240131465179729275405407 
7000 0.04972542882337978931825872748462291639270915766246617 0.0555731452679237503125488258082231851631149766035378 0.1441888921930150980544368261027088351511338260024786 0.4339564123773123635141417409055719645039062015712261 0.3409493933510576754004027522082509449319331906735897 0.5434507782276411082885043957180215556945768184959888 
8000 0.04667890483906489112043806943841417478324729017913342 0.05161702985170359787850586676116737550046309479512274 0.1317109186213597524846719705182707116364326793700457 0.406218911690893978678551859418099923004774609580636 0.3222146871014442356690593571855174559459555894136429 0.5052048189448461739010920457104703018558211624622345 
9000 0.04405942151141297042019474676510792932049298542551696 0.04901801812927277622266805136297396217059940681792796 0.1247968879612155553878024769054455589412100380286574 0.3872982255459901170272993264909189292666269466280937 0.3044889003888133426035337431025951104857085738331079 0.4755287325571691332728573725630027979605074506253004 
10000 0.04142859885552726671736510286048194018349022371694446 0.0461298235996966194124115946684216993389782146550715 0.1181213116223413089539494118251905518945932271890342 0.3619241090616702537609890993897110433863417711108923 0.2876269486102642144195826873209753671289945486932993 0.4415787260632815609199663259287760297411296050995588 
11000 0.03897623588714205168900329458170350704904194572009146 0.04400809396106063050844764590607827159374210168607533 0.1119099078369628814548291870223373223325324943289161 0.3473809267292001481584017008596987352575524710118771 0.2753718961332581898122408292639562432668753899633884 0.4337792848605445832944893513882789193303324282169342 
12000 0.03769906476861360424232311357173319521507437457330525 0.04191214428882320569788610432893083412864143610931933 0.1080800416480634110270430542355413194854918401688337 0.3294203996070181196911038495889201271893398370593786 0.2619541586310081957478159558894148517538269516080618 0.4069974230440145451445643764998294500401243567466736 
13000 0.03584445210226984146879803880270110028050112305209041 0.04021253230387970637119544707605012234807873028330505 0.1051487795852195277621272430368382089227452524937689 0.3193004516387949803996916531279026685297139920294285 0.2481583896990100969194006572116073527922708308324218 0.3890165145688863919512436723158188556226377841085196 
14000 0.03402253496286701422334419406268146701677324017509818 0.03840690837574630127704083080997232713116318336687982 0.1020861949714353213009812755551752871951975976116955 0.3088225462084514667500997203708479332817660178989172 0.2391052005500761246347936686551527429855923401191831 0.3751020288318942059123915766516432768185040913522243 
15000 0.0330813989366100947572347026892636279171711066737771 0.03632022556941149863963527386068186331158358370885253 0.09765932154441808481015263945779203424990555504336953 0.2968512674431345594715930813478621530521195381879807 0.2318841821548298914580600246782005058321374235674739 0.3667608835787943126233601881525103749481786508113146 
16000 0.03219582696267340666529117691740946582967808353714645 0.03553874683394473440003254877117555565746442880481482 0.09486016362720229512826364617894547848209185758605599 0.2905961890787889893026166299172530216310406103730202 0.22324819056761848692254420617464560905318649020046 0.3561490190441219040216273145071923522664292249828577 
17000 0.03120066991876690124217165727554812448829579807352275 0.03461139760779690375988278464025604819198633776977658 0.09243173436128122331592723778803666334624722367152572 0.2827212855491935516029193553588783061059075407683849 0.217451567900980001393339974269380832083697896450758 0.3442460041610581950770678116846568173059495165944099 
18000 0.03035888491239453089163874595357572871989759732969105 0.03360005777259579937916241128281757966078657773323357 0.09027345085757007115101176533689120162762264953926206 0.2801268446494894714905374288882455857674358412623405 0.21185612152040254401407209233765271960692189168185 0.3343976791216648696382970212814811361567990388721228 
19000 0.02930163390792977166791953656105329528713809850160033 0.03256972224089051318779062214880948289419393404386938 0.08760626633171776898336129829614193909037567209452391 0.2750633466394225497579292816219265205290867015719414 0.2046348875941575075495214297571777706252760253846645 0.3291333979140060033579968240546875790641934145241976 
20000 0.02856584391304123170799615996640063997347169788554311 0.03172694911235649670597984244035938417027864488773048 0.08546638620257238622401332536759888114374916767701507 0.2704305336946247163777863609102070086009916849434376 0.1994557528738167865255386662637349104443273972719908 0.3226193480647673574534216311970880042281351052224636 
21000 0.02779792689975756227234600891085047891237991279922426 0.03139442367415761990558369272374950043058561277575791 0.0833269059938688119373991977645310669231548672541976 0.2672326117181150566238199972612932242554961703717709 0.1936449328550082086463019273581132040362717816606164 0.3177461692630036094945732844108121639692399185150862 
22000 0.0274518077031930654770421453350626173062210000352934 0.0306948957468417254255916909108647949722126213600859 0.0810412307211011614916339185210603091036318801343441 0.2597031550178773320035081201284654639493965078145266 0.1884002477009802977759873182650451894915022421628237 0.3103013093326921355730608348411081465201277751475573 
23000 0.02726416224367886908937989431239712345700354489963502 0.03019050583665520890847531760431410319256428920198232 0.07883047160422558728384324899796098407023237086832523 0.252817174564639829040637100665556147305323975160718 0.1844251353050416880721739179560536570079420926049352 0.3021123058192662412069044719498123185985605232417583 
24000 0.02668171753161324964008667675469110847075171477627009 0.029339412332893450326680049797256621957330935401842 0.07672153605999011901381366002050654628874326590448618 0.2489075399687323790888591329428791709688084665685892 0.1795048001897584607935813572066052756781573407351971 0.3020012025785767367910741171277422267849033232778311 
25000 0.02610178322231000260597469451312457877634187752846628 0.02903399565599451699379860043770396060835992102511227 0.07420765656571115495055996486017946267566003371030092 0.2435135271353158367907756898240734244609484449028969 0.1760446133067325188525757695412465864137629978358746 0.2920476496352182292377125394366998989426065236330032 
26000 0.02582559236214892997442573504413010354596735851373523 0.02837173802171098347914756851451123509377794107422233 0.0724262131324480368263041100973520514116898993961513 0.2390027769480911665184565476072187095724075334146619 0.1754692715243493533224103039791508251710183685645461 0.2875696624827062615513753596196977468935074284672737 
27000 0.025457164730628354583035605727958650135178686468862 0.02775311044118930867077995553598990241539468115661293 0.07110344605515824908161795145367101156352873658761382 0.2324362741593390533945432882556580977961857570335269 0.1729661405719124365630220974132669198297662660479546 0.2783607126370405625520425274554980887842248193919659 
28000 0.02518163970832429153994631507162971217894664732739329 0.02736173573233248377650208768563366845683049177750945 0.06995815077758409037116549972212808938820671755820513 0.2278327575081958298512749966358015285550209227949381 0.1701892112121038056729745158168753960126196034252644 0.2717842231287611418782696609541815746524662245064974 
29000 0.02468650610150427401368077636595321777690514863934368 0.02690853217899444131090897543850948281374257931020111 0.069744831683805203776250602326625127602710563223809 0.2215802296717679356407660132277648301624140003696084 0.165546095774076515194954059562171266861696494743228 0.2638519230208141541735734209028763075366441626101732 
30000 0.02429750543687449100865220850270498331724411400500685 0.02658981557263478848870052410197084569176695367787033 0.06889506039401454521187845303487051751289982348680496 0.2190188287277437822775935996610918721216876292601228 0.1626167941737532779617522032955534427856036927551031 0.2604673989337884147741552370858286735710862558335066 
31000 0.02385757628169293080126484984243573350681799638550729 0.02602262216090872289694230223844328975246753543615341 0.0678464368998016191026657895069007508936920203268528 0.2208823310283971988362801755489961408329691039398313 0.1592315238546458380021779085988775648274895502254367 0.2574125379919826453532609444874168502792599610984325 
32000 0.02352631918330271432549872286793535280935429909732193 0.02545755156241030050817024995429838085669871361460537 0.06705258643471267475193696439017543298177770338952541 0.2155613707034872166446066998890529475829680450260639 0.1568499983034595568237752616358449131439556367695332 0.2560865291318911089561705107797706659766845405101776 
33000 0.02298360665285233655630444619261121275144432729575783 0.02501081130841787156132466525548796454359035124070942 0.06606810313679157849170832730867353177472978131845593 0.2139873992261247401204440204969259298195538576692343 0.1558896105259071693650927553642659972865658346563578 0.2512099725989007399228492706244608712040644604712725 
34000 0.02269445866134239500468779051484125020010651496704668 0.02461888701554957626187994552957594152076126192696393 0.06440766943306697745450818681778315522024058736860752 0.2089253458192014050934367727641038925412431126460433 0.1530701820368469770754400738344003229940426535904408 0.248235703993456993849981567779039437482424546033144 
35000 0.02263123709637029751794731844555252919803933764342219 0.02438234131412333045469688873330138534356592572294176 0.06345535812243523115990526464735843603648390853777528 0.2062172554941307920544409787444450898874492850154638 0.150704960482930993526345768429575144864429603330791 0.2451746009299789858074418089084467453631077660247684 
36000 0.0223966447420092221163749135817711000129293097415939 0.02400264171342403567861441358172180926544569956604391 0.06253448359402610566375440431796661755470267962664366 0.2026956339918478415453723107120254098845180124044418 0.1471993954258701512859304483260558527035755105316639 0.2415646455297337022037791609552215277290088124573231 
37000 0.02204429356183013055839423500331664129703312937635928 0.02386581431852200100189934344613318373262700333725661 0.0618261135229201848238441991539859898807662830222398 0.19881645995623466569468974080026058004477818030864 0.1446285047807245596957533700921416652818152215331793 0.2412673204536231358509476216389622038605011766776443 
38000 0.02180454633490868697281127308595927161150029860436916 0.02360304649592363484892612503912578958420454000588506 0.06081816431654743866283812508966022392087324988096952 0.1973341227008968067714372515708554089997051050886512 0.1412993959582443065592588862799949822601774940267205 0.2402742176008661510944663594613324164583900710567832 
39000 0.02150709083369809970880386518904403558849480759818107 0.02335247637076762110226518451283617139324633171781898 0.05974416847565637559404013758046492199582644389010966 0.1939729198476349555175981403953855419786123093217611 0.1389466093988693668999714891931773763644741848111153 0.2364640749265718171385781271043313722657330799847841 
40000 0.02143672897851576415761444549534786574440659023821354 0.02314438709353001853111665014894882119733665604144335 0.05889467290921398373424898095573887246700905961915851 0.1893350734889190827768502486949664387338998494669795 0.1375607757267986069372751184447523087328590918332338 0.2313292493955046485380570853163106903593870811164379 
41000 0.0210789499108308445452642084991246029801459371810779 0.02290559131542060818685689702750574170408981444779783 0.05824263868177158738468528545451086131379270227625966 0.1880013801692619619773845507371134999630157835781574 0.1376379373944290152400639348773125902880565263330936 0.2286045959307177746701496279246867970869061537086964 
42000 0.02071013644394155914274827882254337296785706712398678 0.02249007690534714100310902367557686076793288521002978 0.05778085660051574721940577904211178150717387325130403 0.1850010392492560732773934292771933485255431151017547 0.1358407053438585984688142041520997338466258952394128 0.2267736983805044834915575976963530990815343102440238 
43000 0.02034125296445552409519276319815883624642083304934204 0.02205746670202514019629299549946077618756135052535683 0.05776416108978629616681720049253812021561316214501858 0.1827952767487494561277072691041212237905710935592651 0.1336528962241312055335895267460522006786050042137504 0.2255621030576614115102261279299789009655796689912677 
44000 0.02000142784117942369446802204635549315980824758298695 0.02169401494029204516391989496226777589527046075090766 0.05668839833152921795934712535791621945691076689399779 0.1809442796461617928237795849266689174328348599374294 0.1321982361017192851359658770094007707029959419742227 0.2225016363967382530960562730948382181850320193916559 
45000 0.01967077323046307145173159942191931648380887054372579 0.02153305492230477677750139463286327412561149685643613 0.05594595367555882303850218854879283725267669069580734 0.1793379504236502988570936545364986614004010334610939 0.1308568759820840479756245966491690069233300164341927 0.2227968185994622935116541567746040186648315284401178 
46000 0.01956491684451671653674205246520312329039370524697006 0.02130737772982624818588653133749621915171701402869076 0.05554938482427082807246971653258871270963936694897711 0.1772468400005500047437404648187353473076655063778162 0.1302839245267095304251772289183541886359307682141662 0.2210348004401970216950502542974099640105123398825526 
47000 0.01936973908834342655900669603885599912018733448348939 0.02107349786687526069821005132026714434800851449836046 0.05473272064870130071520711034782635806550388224422932 0.175617418958054551220127580124508170911212801001966 0.1279017627378081503136892163596805005454370984807611 0.2193633494027108553299293056126906265035358956083655 
48000 0.01886074368692694952892835013463779247899765323381871 0.02080393626165297979683924730481825449146526807453483 0.05413462945039636963848335947380174815179998404346406 0.1736071446274124559152208374657178069355722982436419 0.1268062519534921095236412735829389930586330592632294 0.2172495791545210338206869579713576001722685759887099 
49000 0.0187910667016125805118528574108593964808733289828524 0.02068960593002855566297285266202932163537298038136214 0.05404233649237715993691815417887536199259557179175317 0.1727675512150627919156576153825177755152253666892648 0.1252612078955322597387245231459473870927467942237854 0.2130250348805352010481085553439406510278786299750209 
50000 0.01857657996903754305595749245910708324913684919010848 0.02060864260091847520641871339269757257284254592377692 0.05359269072612022648117286426072691796207436709664762 0.1706684251915214390747828343553038621394080109894276 0.1243183396748772793138568260040699442470213398337364 0.2112125812071072598538872683304745692112192045897245 
