1000 0.1292526480426660087056246056791408705066714901477098 0.1400420430722814830630041163517240931923879543319345 0.3790106397072181108485935258078924903202278073877096 1.243461237912542722205619383224473040172597393393517 0.8773947357545624559159273825326152973502757959067822 1.514041255994975035512224714739915043537621386349201 
2000 0.09163305589378831078481912539301923459333920618519187 0.09620911499821747216523466078585968830338970292359591 0.2802448148245418051323352148784806558978743851184845 0.7760018695877271538820577068129580311506288126111031 0.5959215048407979725773181423065238959679845720529556 1.039259519264245200040330807667032786412164568901062 
3000 0.07471857061342834136180145881978020838687370996922255 0.08027450701336971121971830198105202214264863869175315 0.2244869413080411217576923266214805607887683436274529 0.650349046893104196036781983192298639551154337823391 0.4781976903594225290815636353336515185219468548893929 0.789934437123041882221775172867594960735004860907793 
4000 0.06377998520006009663973513268420134636471630074083805 0.06919933952356348802502968714511766279429139103740454 0.1898259955921225258421679293885375727768405340611935 0.5608422702334969792386902553982253039066563360393047 0.4192163316373486858389032366778437221910280641168356 0.7411920459353376938369493964753331738393171690404415 
5000 0.05821015926098644562974035801539152146233391249552369 0.06232270881040928290462528257864782688102422980591655 0.1687706203919773169835937334792852482223679544404149 0.4936562530028660443124320644781022338065668009221554 0.364545776488317973786567813276882077389018377289176 0.6464893440641019771030102714082232751025003381073475 
6000 0.05255413090444083268652167989509749190801812801510096 0.05638390010461594582029886367491311460753422579728067 0.1527933371643412117582431011819643629223719472065568 0.454824797557052667301702442159694328438490629196167 0.3382983420946318976274894141376137213228503242135048 0.6026185133448744221120428610216634979224181734025478 
7000 0.04879840677783446745835720798067924874885648023337126 0.05317424559342393866240880466456086850257634068839252 0.1383581488232942974009494208065262910167803056538105 0.4274590269581590742085670103778127781879447866231203 0.3091383750514137597486825220771677891207218635827303 0.55100106832073539488278321463177178429759806022048 
8000 0.045122785506366470363186259653898169119656813563779 0.04930389873993498647830342057618580042799294460564852 0.1297127028543551295939294243364514613858773373067379 0.4034675976328227693136485587643846884020604193210602 0.2928637639706803041310216595416449081312748603522778 0.5458039490864486050001984362989304599977913312613964 
9000 0.04263585930661197183344501837609641370363533496856689 0.04673199783158735448590883135300266815193026559427381 0.1237061320585547701366292520919198949513884144835174 0.3799992734669395408125206620164604487399628851562738 0.2806721360264681208176399535014766684071219060570002 0.5027300096280774898489969448878156299542752094566822 
10000 0.04008583361234952960561140830608728435890952823683619 0.04484098511754680213637681319982508654220509924925864 0.1171941548913881269203783597188106568864895962178707 0.3708474678429421606256233961973478585605334956198931 0.2680153546610701240408228956946246057668759021908045 0.4684124458271661953039349118865786181231669615954161 
11000 0.0382583462746112785929180049454556566956853203009814 0.04249077337914231281310950896767941742382390657439828 0.1102715811245525878684530830808885326632662327028811 0.35459045549192717811754979595484371657221345230937 0.2610882243064123719154291658472999415607773698866367 0.4434348971192450849024280223886762541951611638069153 
12000 0.03678309996476906997383204619977981053580151638016105 0.04026981622481887834635633401092480454508404363878071 0.1064871812353239199919262107651984905487552168779075 0.3341671718517628599941400591166740241533261723816395 0.2457994945266716293671982462853975448524579405784607 0.4184136976250893148168621266114186596496438141912222 
13000 0.03533332349645131509921188242562273273961181985214353 0.03870606096762419688427732042401707701628765789791942 0.1025761160212463777517124738358766933288279687985778 0.3211485984222284057387417077755742411682149395346642 0.2382344558054348462714953568730713584500335855409503 0.3962032042900008643509981304253741996035387273877859 
14000 0.03397472599115675809998632708741617136638524243608117 0.03757530183844154401124194701810932173202672856859863 0.09782410345750586545436134136566330710138572612777352 0.3153590441907149674030316766071280198957538232207298 0.2269000783009117501470451247480575318604678614065051 0.3849679806552683885504783506403825299457821529358625 
15000 0.03265339948677919645488010834399883464129743515513837 0.03629069072519613314947955866329731833275218377821147 0.0949021867562799160215870029888574066490036784671247 0.3035008122055229816838722856076060452323872596025467 0.2219830765375665182200046882110555657163786236196756 0.3693389941340539050725934322461085912436828948557377 
16000 0.03163478481493401982336654415517429583815101068466902 0.03499002860239646178880357739460205124260028242133558 0.0925171475967154206850712704068850911198751418851316 0.2908295207460523289970475563359642023897322360426188 0.2179452735624874311088500222766128899820614606142044 0.3596154093076806980801892604793223995329753961414099 
17000 0.03087960747541396853879224621008958706624980550259352 0.03369303242747459398864643201343405110037565464153886 0.09055046599526264498191850324526619431253493530675769 0.2827878887956729841014584525549224736096221022307873 0.208757772835879652550744242645031079064210643991828 0.3488526040910461958693099260297998398527852259576321 
18000 0.03003064774264241834977949389962059711933761718682945 0.03253173519725930928892226184911962150181352626532316 0.08840744561220131540063300185083861038037866819649935 0.2728732891997841790454083776840121799978078342974186 0.2022612306642712017733980525702186525904835434630513 0.3388447157823410517722088203251828986140026245266199 
19000 0.02907273831281065931918239624714983548869895457755774 0.03140015576871860785039872708546138113661072566173971 0.08613256150857731421546402070243964033124939305707812 0.2654939369564346252745000442896383674451499246060848 0.1952412320058586813690659073072808382676157634705305 0.3300952677764342765387526462683709382872621063143015 
20000 0.02830496023382887969278007885692849399106307828333229 0.03018807568562168401340658780568348973361025855410844 0.08359674988447615812093248466307926491936086677014828 0.2581889726804219460643257527676652784975885879248381 0.1910111398258694860471896756481946511030400870367885 0.32594261877576222841785755224286447173653868958354 
21000 0.02765421408688626946103562842527168186279595829546452 0.02933414498030526274686806149222251249852888577152044 0.08111425340006644383092750463792874882074102060869336 0.2507267427662268361593378429574840993154793977737427 0.18862245596593481375587153525685835120384581387043 0.3193304891841448081796304286905652247696707490831614 
22000 0.02741128355744892864183273172712373977333299990277737 0.02883237402066881741971343840191810414808060158975422 0.07896780609785499394515789761683777214784640818834305 0.2454583012673141504490564521190343327816663077101111 0.1844306481665493057146235772458808810370101127773523 0.3095412899710988167934714448970012767858861479908228 
23000 0.02704871222900527863805151748688437862710998160764575 0.02844354591038852836040609975420956345715239876881242 0.07652837231666855010488864641260420285107102245092392 0.2410926583039498471657847977756006230265484191477299 0.1807768055538076612629317524438832265332166571170092 0.2993756985671767489637536130420158997367252595722675 
24000 0.02654273013689863778641429142846064337390998844057322 0.02753939560616391059820733805407755312444351147860289 0.07449965860745414077543876188447491415445256279781461 0.235344323387322530509967177803076765485457144677639 0.1783895146706695433285730020833703690641414141282439 0.29340464942026204340900542855141708287192159332335 
25000 0.02599386474269795272637451327008006884966562211047858 0.0271451795749210187664023649981026586885946016991511 0.07403905865861126291192859799616954319390060845762491 0.2318871025479495031024028406374526412037084810435772 0.1742968426777643689389030168257477271254174411296844 0.2880410710116151877123371466415946429151517804712057 
26000 0.02548180096832454385346504802112299614691437454894185 0.026759822830699875719626308102905287711337223299779 0.07239027589612492270116066855889513931288092862814665 0.2270845934596929941638688774108167933718505082651973 0.1707767355835121167695030489075413981936435448005795 0.2794065802730944774053510604172601006212062202394009 
27000 0.02483762039674577908423581951158354286235407926142216 0.02631913174173424633674298230012755794859913294203579 0.07109836306639281974339809877516671576813678257167339 0.2210544036954934678099789907568251123848313000053167 0.1669814067428730858016951849043252309456875082105398 0.2748432881198196723509033501109399821871193125844002 
28000 0.02454837555354839148459057413670381109227491833735257 0.02579857580840318682154511248372230625136580783873796 0.06895174440378450631211702109846228836431691888719797 0.2194215718541744717387997551383271854774648090824485 0.1644899912624907928993889597024669058100698748603463 0.2687914322085371913702636637033549504849361255764961 
29000 0.02413256352364116144712438000174969943145697470754385 0.02532295077771017750068490836240497898756984795909375 0.06802509555047837422358560088841983315433026291429996 0.2157045209381639156267281703938110126728133764117956 0.1628243196530732107623826165898606177506735548377037 0.2647736709627187440025015974232047710756887681782246 
30000 0.02365500135242467568189288912305912049305334221571684 0.02490245867662964180479006834345589993517933180555701 0.06696380206065015450596052473675179328438389347866178 0.2134342942678964743065742060146305902890162542462349 0.1589730665609299305760047232860543431343103293329477 0.2587850899577657302723376897546359032276086509227753 
31000 0.02335891396172481150946161326115158018978945619892329 0.02454855019727619209409820704576032923682760156225413 0.06606526154052424639026748487413698285308782942593098 0.2093362301735489375211114737584949807569500990211964 0.1563322335730424201665758263124494931162189459428191 0.2525853164181378233488564633013595539523521438241005 
32000 0.02290581303755605872650566098847058071896753972396255 0.02409328287294509943782026915176652792638378741685301 0.06462730633215885052569133970012948964267707196995616 0.2061469964084792559730775068915775705136184114962816 0.1535869467458016813453088381113964544510963605716825 0.2482919292304686603121153046225266791680041933432221 
33000 0.02274106004281326595342247950948255663661257131025195 0.02358303625635300923670315247776541056623500480782241 0.06385189117935736998279711712500628095767751801759005 0.2016096851944942080630011546626967344764125300571322 0.1507245882432741018052855738740269941899896366521716 0.2421947062212448116541975776105921625003247754648328 
34000 0.02243618684141145938528566494696292465960141271352768 0.0233167391538134746459281663663598571645252377493307 0.06316967429601806555464465348093128227446868550032377 0.1977373370951446496994290125126525481391581706702709 0.1469712869328286791563171337360316215381317306309938 0.2387057795331275809956172312409350411144259851425886 
35000 0.02222836612204245024151504778187060651362116914242506 0.02308503851576091872210198894382893186616456659976393 0.06272997345785473536890555767975286016735481098294258 0.1938553332321893960709302193179404127931775292381644 0.1438149446017376154689434986089224821625975891947746 0.2344928550978703196255295213012992405765544390305877 
36000 0.02188585767261393721610346872752383973192991106770933 0.02284692516895506458643959855903116107356254360638559 0.06178805279979311007549714132580653824788896599784493 0.1896505028969582616838124647373753361989656696096063 0.1417493019283388818769934061614357290181942516937852 0.2323368221631249382937026495832277817044086987152696 
37000 0.02181212023515101797661354127849664408245189406443387 0.02260120869899956178944661414065286919594655046239495 0.06054985472701009560796462337373124995565376593731344 0.1867445604589919963702373054137417796027875738218427 0.1397577160208093930278362357344512645340728340670466 0.2304460562951400268014634162283549301264429232105613 
38000 0.02146009355516774163532189769604263673841160198207945 0.02219876439485585246410963029123353251748085313010961 0.05910576620844722227701706351865595934214070439338684 0.1851276833150099176928879418646545218507526442408562 0.1382769068461697469088001258286091399440920213237405 0.2280925683606355095346760603058910987783747259527445 
39000 0.02120019289730205548698228554260758471627923427149653 0.02197596530563835617101990302368896834650513483211398 0.05848822769712948872942418106213313677699261461384594 0.1831331091123185977447831648823317607366334414109588 0.1372070388113015870529699108404386720394541043788195 0.2260464320461370704354450364426121211636200314387679 
40000 0.02093799822090210126618824420380304829336637340020388 0.02161070455307384539682597542759046049809512624051422 0.05805862038216396867244622169434986602709614089690149 0.1792268256170326083947120371364647439804684836417437 0.1348370784059267544851114586923479521374247269704938 0.2223385321294812850048943503322718129311397206038237 
41000 0.02072176198649024259720744043505868958732207829598337 0.02137504722036680787119859465522653252378404431510717 0.05744828356424578954804276154089137662595021538436413 0.1794850839279738585524317379116254755899717565625906 0.1332278454829900959721167633120764151044568279758096 0.2202048416448108188463346490681971090452861972153187 
42000 0.02059111129295822853322488546479185345106088789179921 0.02117726274519044409871417443402830116383483982644975 0.05644478745536461983031543444833122435966288321651518 0.1774703428986707993725725068800969097537745255976915 0.1307958384649980937560701660382633804147189948707819 0.2169675519866430770434808858460051794736500596627593 
43000 0.0203397083929572636679772952225664361947110592154786 0.0209530040932028189145091157802314185687464487273246 0.05572046195494647856090528886818802334346401039510965 0.173815550016481663072719782148212175343360286206007 0.1300756905807460836802229992015256243576004635542631 0.2134013797587951379654573266786421470442292047664523 
44000 0.02007210139341477655659763072032442110526062606368214 0.02071418487799861221385707039932544404337022569961846 0.05524310355595012855396924549011838934120532940141857 0.1726265704386268747189733113733822733593115117400885 0.1280434589227226288793513170327642569645831827074289 0.2113409698663325790482080818177834657944913487881422 
45000 0.0199428596901415370131914125972905083017394645139575 0.02037880618532881214450614478644885352309756854083389 0.05495134506990075678201112564791319670121083618141711 0.171276720149454909076342477847187950601437478326261 0.1267943654428172412581155709121460972710337955504656 0.2069383343806126710433647766795850486687413649633527 
46000 0.01966374613818697328446617050845546259552065748721361 0.02001497997187571570800357530217628010404951055534184 0.0543993307491560318460118231276290146070095943287015 0.1699633289164861846569278686081005957930756267160177 0.1252730842779599998009507424989728008313250029459596 0.2042670705890131830023779407889961134969780687242746 
47000 0.01929532656961953144449518730840775759816096979193389 0.01988373522991670995070060280057733237413231108803302 0.05362596375359825505974953156751450222827770630829036 0.1680213995274930443652111958230399579861114034429193 0.1238320732723114317718219809516533302939933491870761 0.2019167448720311083338240995543877431828150292858481 
48000 0.01905437918743208003391487181943375617265701293945312 0.01966949501319681965122757819758314568048263026867062 0.05309136084712452088225941894406023635610836208797991 0.1654748938376404625131849829289265585430257488042116 0.1242008531441588811239200296210327678636531345546246 0.1993768348032671857040934795812781032964267069473863 
49000 0.01895204561701708320896320441456550653924750804435462 0.01944209944483847037977400362684932133561233058571815 0.05250235881037097800255199729624333571109673357568681 0.1648424343780759254696720306210266926427721045911312 0.1234731713972003463501117721812239125256382976658642 0.1966591715412398648791993810425182687140477355569601 
50000 0.01886559849593339972475712282284909804275230271741748 0.01930519108941403895929236206319146162968536373227835 0.05170118364126939973650950825578842540153345908038318 0.163959263077445499177074716978808055500849150121212 0.1223655687204859940052912616048619298680932843126357 0.1945442874855257549103352068819994258319638902321458 
