1000 0.05800840776153407194457890805328048600131296552717686 0.1322779343417148999428574820957926760911504970863461 0.3828331281349538437743743740648838524975872132927179 1.243336468451073306522303152377162405173294246196747 0.9239940521062951681550978744184021707042120397090912 1.51538033661411244013960536447527260861534159630537 
2000 0.04150386269791997213461035715065250428779108915477991 0.09422361920154774650297026250544973891010158695280552 0.2840502357456636192418585745711467893670487683266401 0.7818978058290856929441782485756817777655669488012791 0.612899638879616840596645244154672127478988841176033 1.053969415943737490031287262759462919348152354359627 
3000 0.03436141276635478432059287411115544585982206626795232 0.07825466277156084427403352765661992407331126742064953 0.2286493974850373791634630324387522648521553492173553 0.6576990489865639904218733158280940642725909128785133 0.491345851156906294023626186051600939208583440631628 0.7925260669355852647592446114099828946564230136573315 
4000 0.03005756800731692352527052794486372988558287033811212 0.06829986302751968470329006419272666050801490200683475 0.1930964566245978646319642405004834984083572635427117 0.5664453726250286516065435282740736511186696588993073 0.4281284743550857809781754609312898196549213025718927 0.7446492066029248021270456336928589280432788655161858 
5000 0.02723812468010698320933281411232451674209187331143767 0.06172742762247884507629050454546870696503901854157448 0.1714903509465379930875716246729822955785493832081556 0.498926172763674957927673703217408274213084951043129 0.3694737815598892137470242447161439258707105182111263 0.651502810676450515303681498835430829785764217376709 
6000 0.02465095212349142684448615250869529802457691403105855 0.05620879774889716703483604799684858477348825545050204 0.154713613772701111178384594802004414759721839800477 0.4570883188071353128126457499025292463556979782879353 0.3421004795709344896697135657293031840708863455802202 0.6026503611299107253233310610429640519214444793760777 
7000 0.02312807283251945076955316451389199627897141908761114 0.05270352994346897465883258586394344291647939826361835 0.1410864439472270521862273806590337699162773787975311 0.4281524435001513893893181073035947292737546376883984 0.3122192082929432946987631514179639680151012726128101 0.5510119460092217800388329773664253252718481235206127 
8000 0.02152584920449984400608509603480822391929905279539526 0.04906726033185271225445494430728032853039621841162443 0.1318089751925700929844958650405395417237741639837623 0.4042001436996513692484662982895571303743054158985615 0.2955370816412135737518210309993094142555491998791695 0.5521671883849197518586565669451715621107723563909531 
9000 0.02026413436444471423644752595960571994737620116211474 0.04616137218468488720015210392821902729565408662892878 0.1256733131789332193656337846587867090875079156830907 0.3813774446787745329079041822772921932482859119772911 0.284719841976009425336523878113936802947137039154768 0.5068568897998929971256479309893450135859893634915352 
10000 0.01924970034696839522845332286216102346543266321532428 0.04396799415107321084588060979003731887360117980279028 0.118658123798300751238616029120676031993752985727042 0.3716058031645207544127907511866126810673449654132128 0.2724006300289271311594000574141105630587844643741846 0.472013599194982964591662741304922690233070170506835 
11000 0.01839911777536468369894403877828903404179072822444141 0.0420430891544802536898516043262219454845762811601162 0.1117233281534045596822030295414140965704064001329243 0.3559453506594883670304755446389677331353595945984125 0.2659101120444694205406568204841377678349090274423361 0.4465322985837510054256665331662290441272489260882139 
12000 0.01753509170326630613005736147869129126775078475475311 0.04012918120889082708175731734057123389902699273079634 0.1083543723103795144684503674870068579139115172438323 0.3358374544583003428420680397392672489331744145601988 0.2493173271348269888329513693792094386481039691716433 0.4215017330496890444753010224188116694676864426583052 
13000 0.01673376388520942677699376421179833229757605295162648 0.03823741736107392823898281329630943758957073441706598 0.1043177142830121447499448078533035300097253639250994 0.3232118111047273794212818937010567310608166735619307 0.241614422935479923555462597462017981797544052824378 0.3994282787618060517192963843058350903447717428207397 
14000 0.01611517380090418515133034085134999813249123690184206 0.03685257111948661040525042180415749015764959040097892 0.09973557171086338557372758320540562237965787062421441 0.3175301966470623929678172153723281212478468660265207 0.2300833106286949030671240210010886073632718762382865 0.3875236983360456115494437762114543488678464200347662 
15000 0.01561564948176520347186143440262884318769920355407521 0.0356927948647889413184266984430115243753789400216192 0.09709926596459197777028811079946812867547123460099101 0.3057011902999311512109988780983016454229073133319616 0.2239644176465266733568786408636874796229676576331258 0.3717833115462343070742150252794289144731010310351849 
16000 0.0149638764406598470057161115280564001039920185576193 0.03423902934909835264347443065102716275305283488705754 0.094987935198442474568581925242760632954741595312953 0.2933351937797433633167264871444146479007031302899122 0.2197706919607042925563682514433772041684278519824147 0.3616080890890372526733434477286266428563976660370827 
17000 0.01448231625970349260358762235115226424397860682802275 0.03306715427779639523872242182211955707771267043426633 0.0925748226825302789215802433397950466087422682903707 0.2843819740503111418241950075769253203361586201936007 0.2111947311960226170878462612079395910313905915245414 0.3506329422864658083164052931879339780607551801949739 
18000 0.01383083076725291604206738611815286077444397960789502 0.03157289613186836262073904114944244980733856209553778 0.0903235647687281118507047171506396665563443093560636 0.2743819540679472636813141656064729545505542773753405 0.2046056966816895833765222595390653737013053614646196 0.3403728334118818570335623929778989804617594927549362 
19000 0.01336491748730172580869298218364527031098987208679318 0.03054686157301936632024177628585981381093006348237395 0.0877777482221585995302232455217428253035905072465539 0.2668595749894851386558366351797744187024363782256842 0.1976621417596155882680708168464001062147872289642692 0.3316875465673195944992651673643990761775057762861252 
20000 0.01289363061033634758306264805893803782055329065769911 0.02944753164192230777832307020425162136234575882554054 0.08565609998909582483111839479317239920419524423778057 0.2595298021319643239134076356799951668108406011015177 0.193207411523228107802377731538889804596692556515336 0.3273384609751325262253039000137633252052182797342539 
21000 0.01255795708405935478347908648699693401340482523664832 0.02863468904541270836293885820172944178807483694981784 0.08336116901485383767344151256795115045861166436225176 0.2520997095032333969611554325140900800761301070451736 0.1905013213732675883381332063160051859540544683113694 0.3204404257364990211726530483504760127289046067744493 
22000 0.01247050814977028280525461192626557327400860231136903 0.02843560665400346783818371059621155083618759817909449 0.08145943317942131062269536107001144387140811886638403 0.2465832217129848607703977714233900542240007780492306 0.1863571493884890260925475680142682222140138037502766 0.3106072981908512280918056858158848854145617224276066 
23000 0.01229665486183497980767972967974799303192412480711937 0.02800396099968590448082332924895077042037883074954152 0.07915226615969547000969692290839319070983037818223238 0.2417755964014846229803799154689514239180425647646189 0.1830836325181334053510944642750857269675179850310087 0.2998364616101451095428118143182416588388150557875633 
24000 0.01194657503656851296772948688856841314986922952812165 0.02722860905448152853380568497176916764601628528907895 0.07688423120952148203391873435008641024523967644199729 0.2360546368501934285608631972075421856516186380758882 0.1800980536581241221049829934197639147441805107519031 0.293898119275483241211481197363575290637527359649539 
25000 0.01169776550345306985663631051466926358273212827043608 0.02659629453586451413637581960708322625919208803679794 0.07683075359963391712795526336532425659697764785960317 0.2325085501281069862475987461425397384573443559929729 0.1754970365594904394246052528605339659861783729866147 0.2886980816419571092205746676295774477694067172706127 
26000 0.01139220533549898995927636890720946460930917965015396 0.02599436179742003467823857794372077734124104608781636 0.07486161583986849299497245285861524166648450773209333 0.2276096994956795259895708863351337924996187211945653 0.1716119425997197630662585710048517739778617396950722 0.2800993386450321181091113742489540072710951790213585 
27000 0.01115805893643582272228034725156109452370856160996482 0.02550222437491361788336420492878664489921902713831514 0.0734041040015112500829075510566656959099418600089848 0.2218340861236381627392619253491545805445639416575432 0.1676500137887258510210148829133736114727071253582835 0.2755040674912046868997098081344176989659899845719337 
28000 0.01091682169468984873005040900015294447200631111627445 0.02490510661875620141258026556119187233662159997038543 0.07168697645987949841232334327600916878964198986068368 0.2199106477417234801639486785340693586476845666766167 0.1650983903101445739403053611371596787193993804976344 0.269607409910339041575998153543736179926781915128231 
29000 0.01077117844946649790056593864670531068838954524835572 0.02458471888160478239277633490805774485465917678084224 0.07067534889062865758138122507237000036184326745569706 0.2164768389263422403021508086395918724065268179401755 0.1637440914803514006164997240944103396032005548477173 0.2658101663659859438440091067290538262568588834255934 
30000 0.01058534291304802072249184553484613324769725295482203 0.02413434450374450177639309902261066653750276600476354 0.06956343775961324826464680579074517652315989835187793 0.2140195318452640067195249726217376462500396883115172 0.1599242651784288339004286294553480729518923908472061 0.2599350623081532017243262810968218445850652642548084 
31000 0.01029090116242315571633351685768009708965564641403034 0.02350682357036944278583245632879838993289922655094415 0.06845816621371868898967725722282118283601448638364673 0.2099326748189622144047080179452002823836664902046323 0.1573372413854039311752533447652524500881554558873177 0.2540529999980910077377917188901079725837917067110538 
32000 0.01012667523270760336241561646447584266184094303753227 0.02307786477438724942327138295317112692828231956809759 0.06686455234738431887192349964421644870071759214624763 0.2065312438952171514815192576719482531188987195491791 0.154512447969129385481521464507093099882695241831243 0.2499028088398608138831925168377168233746488112956285 
33000 0.01004854350413684779855070941870232026360554300481454 0.02284487272838130844209835607072633933967154007405043 0.06607559479413123098250201423176086734656564658507705 0.2017338912890603711328390418300315900523855816572905 0.151544097491237358209096620920153242195738130249083 0.2440258468944627941762774703260419073558296076953411 
34000 0.009902534508834890974252062895849535451020528853405267 0.02251565321926910049600502241456956298293334839399904 0.0652528854878909327731422926333060274828312685713172 0.1979137662828433479592820168346811726678424747660756 0.1477853870862817221279363749664170768483018036931753 0.2406666995966033554936198274321057510860555339604616 
35000 0.009813430509069197792906423440800756097246448916848749 0.02234959726659945820720582030510792392874463985208422 0.06456727086446967323941394101272095440435805357992649 0.1938684199365833834535809490628999185446446062996984 0.1447097723852101814842087412760207598694250918924809 0.2364634016411724170230292466077237634181074099615216 
36000 0.00970686672006162073147490657390457080566648073727265 0.02210079285679699699537206422639279423947300529107451 0.06371429890885241914647322755693714668723259819671512 0.1896796402302170178214924325943435690078331390395761 0.1423903663543850744787428938553652812970540253445506 0.234053241589807854635156211808855175604549003764987 
37000 0.009657627076741811709532329211641554778111640189308673 0.02200626101416866876146088451149385178950979025103152 0.06234354955661413110531033493488806129789736587554216 0.1868690097189753788900837272457522431068355217576027 0.1403066903963584651529551347581836751032824395224452 0.232097724433984783364861258225797513432553387247026 
38000 0.009533853267263833810610219269415788190258354006800801 0.02169860308050193414343995244181195758415015006903559 0.06087772679922742470717865817531055938616191269829869 0.1854179676094478174146933449617513645080180140212178 0.1388605432222679141469326088986768752420175587758422 0.2297728281925935162668126268692425639983412111178041 
39000 0.009379863327081826284332976857022190486645740747917444 0.02132511866315900461176543849439735112127891625277698 0.06022319339198788279752345628526022380810900358483195 0.1834519821849083104223698467705183645648503443226218 0.1378593432713360424687193406256824346201028674840927 0.2278358138641615891946141242430101669924624729901552 
40000 0.009276655995398207190328276287166753277801944932434708 0.02108934316309575722806456121727336494586779735982418 0.05990802242210833565005403088254976040616384125314653 0.1793993083496470402894403320392946454830962466076016 0.1356267512021648759804786157912026567373686702921987 0.2241683086723419180910513506810310957462206715717912 
41000 0.009166382267168351773518528407408423319679968699347228 0.02081200886989780120561483334890029439634417940396816 0.05938424861791946829858365730636649004736682400107384 0.1799606645035482970152373657923838834449270507320762 0.1341399646411990121406317827412735255165898706763983 0.222053297729771028425635806535787253324087942019105 
42000 0.009160437500228183747422508725194445489137251570355147 0.02076527003519495491599326873061182041624306293670088 0.05846789442211332706408237827599982949777768226340413 0.1780294194944662857090725976982881206822639796882868 0.131630175090732950727049829775516798235912574455142 0.2185859563229552061534768231387815262678486760705709 
43000 0.009035834031903024429098958067441138553022028645500541 0.02048090435944909539692085961165579632847766333725303 0.0578286069077165530474804976124314492835765122435987 0.1741328116903867489524563097469389560956187779083848 0.1307753665736565043775608760401318875210563419386744 0.2149931183357540144589171646205549848218652186915278 
44000 0.008909142382427479477647572388143704102958508883602917 0.02020666683296733252223694073113069435976285603828728 0.05741127396485951393898406608373718995608214754611254 0.1731082475920008830806186284068104441757895983755589 0.1285737411396890160264526795086403865298052551224828 0.2129030074264449578960289172213649067089136224240065 
45000 0.008849884615611646624056202750652211364013055572286248 0.02002986645511249201906845036902371504083930631168187 0.05706774407602720321100540218361985012052173260599375 0.1716522214399628298912804311160407166880759177729487 0.1274072410134073685182651974878709211225213948637247 0.2083892269768744952323146976680412478799553355202079 
46000 0.008694453079911811103979931997925989506370569870341569 0.01965990633416371260674699456005853903661773074418306 0.05646451217883874527974285770226536840254993876442313 0.1702627408651574359094507671308349472383270040154457 0.1257960899272963932774786061097316292034520301967859 0.205647384981385491771292695073469758426654152572155 
47000 0.008554245139221785688994203079166256387111388903576881 0.0193842757180713212695582743985700524547155509935692 0.05547404269516783492996589086110326149992033606395125 0.1680963171246409829394157994797431854294700315222144 0.1244587273987198327855250266915643209131303592585027 0.2033425571316548651688805790516134663903358159586787 
48000 0.008473495397070396973197609243044770011010768939740956 0.01921998545749769262223482103185689950919368129689246 0.05491929708531327619189395770893380444022113806568086 0.1657067597224248313208996158385488683961739297956228 0.1249765501750532882636250502084163116478521260432899 0.2006791476043466520922352314126868577659479342401028 
49000 0.00836284813573460443638052331724597188156167248962447 0.01897469129316587610142603309570930036898062098771334 0.05440881811406020676229492935571663281280052615329623 0.1649930681339637599783134319642030618524586316198111 0.1241808026703126332271039447552318790712888585403562 0.1980614805727137072040560522578900304324633907526731 
50000 0.008306278350086178911944269267347840113302481768187135 0.01888651663685523247438824510219257390986058453563601 0.0534271511079943503964417156337773917584854643791914 0.1639535005860139509813394945170195171613158890977502 0.1231302459470466880496843965764330874890220002271235 0.1960642569167229357519205423798780429933685809373856 
