1000 0.1657623186186052424099385271816231579578015953302383 0.1419037512546121531742480265103623082723061088472605 0.3979653149423332991383404910745724691878422163426876 1.179844482398837332364459340450224544838420115411282 0.8888372429152227334058118668469461454151314683258533 1.697802199818292836976281467986638062939164228737354 
2000 0.1228368845653808258061383783255049451099694124422967 0.1062083612361376194175048223722335194452170981094241 0.2800542155915958762463918718665922824584413319826126 0.7896475828255552519875648531666456619859673082828522 0.6727584523294995692420557287238835897369426675140858 1.134219684318694735983105992271902096035773865878582 
3000 0.1045858510529326844827233654322551359427961870096624 0.08724868402465909402257199928287789703063026536256075 0.2280096665860524682338745031118243389300914714112878 0.6454702648074491514373560163697618463629623875021935 0.5405569216360813657564279854916833301103906705975533 0.9094937855165636652211152979319308542471844702959061 
4000 0.09058809245438928725379463743894170590920111862942576 0.07581480582709225523788511627576447438059403793886304 0.1917641717919371970849009428894405004939471837133169 0.5495188153276408216888621049989183120487723499536514 0.477522785110811172207875147099898072156065609306097 0.789604199829639585362425074910319722221174743026495 
5000 0.08053344338735504894254179156232176239882392110303044 0.06661881458169767453912852098185659599494101712480187 0.173444150748460796572720035713111030872823903337121 0.4796330928997584159656324132026128381767193786799908 0.4150754329072909748509813410155544488588930107653141 0.6978420201366180384964545135861868629945092834532261 
6000 0.07402678352512939760062893670977679505540436366572976 0.0598337432469019003239267019689240356683512800373137 0.1567908995657598392994749175732849266751145478338003 0.4432300492903862025497862403566884381689305882900953 0.3735067259497181904397914570248318000267317984253168 0.6296657358805573865114316167712615879281656816601753 
7000 0.06844629362192709999258800543375791392008977709338069 0.05496775250555675145034545403532888485642615705728531 0.1445551099480779823081835408493667216589528834447265 0.4121065862024005138262126857195966067592962644994259 0.3474372506619266597679019509259390474653628189116716 0.5700651507815593021719080546461100311717018485069275 
8000 0.06290134036614077608717083764378052990196010796353221 0.0512118230834115661324196233650241083523724228143692 0.1336371233040598397069772737544290919231571024283767 0.3852400802486834597399781993098955013010709080845118 0.318673342043920871264348418372414073473919415846467 0.5574311316219723364917375263427601339571992866694927 
9000 0.05835015326321506789659129647851454336660026456229389 0.04783296619632316172332281087320460244427522411569953 0.1253112748325377048878815841592704316553863463923335 0.3556411505485573311944637320269890778945409692823887 0.2933374470218120715146303129072791193721059244126081 0.5221430623391265094575958150002747970575001090764999 
10000 0.05551489094749360521288249897819966349743481259793043 0.04576845440438610683518780991585472861515881959348917 0.1201014129948490094756908749817903014900366542860866 0.3374328304908694849888022015971245082255336456000805 0.2794259718225111032113665288090231797468732111155987 0.4909336363093176728601956665398731161076284479349852 
11000 0.0532905287115515067986775462477444520459357590880245 0.04354023473927383840003085130332394214747182559221983 0.1158547792886071259820229134573921214723668526858091 0.3228013259339997037067684915179199833801249042153358 0.2709570362762202204833308916143153055600123479962349 0.4613435632895093969159296815041315653616038616746664 
12000 0.05098871953671087803354683778978007069326849887147546 0.04141522440327314003401986200469941934443340869620442 0.1093382369440202058692474147705286924292522598989308 0.3162083019689094017141972603468502711621113121509552 0.2542477344315359582248032427331807525661133695393801 0.4390591715462187310365337056250467639983980916440487 
13000 0.04869733979487722448891828114225788226576696615666151 0.03933409061469904778005372489313451467296545160934329 0.1065325776448355104186662550835862361964245792478323 0.3046448268110642106066242307260694133219658397138119 0.2451153900735054282208815606969309897067432757467031 0.4112265780679887357642373485466791294129507150501013 
14000 0.04699085203363555691302060404734852738783956738188863 0.03807062384207395674322414041990114697000535670667887 0.1007524687408255915194946888968630105409829411655664 0.2972480458398970894760057065431269052169227506965399 0.2374445819644903316812363860965895412391546415165067 0.3922260044320503031146495781511518430306750815361738 
15000 0.04579162731761350487323029671837826271030280622653663 0.03664422566768651277465600017702040958056386443786323 0.09644199616159850933457854671448927774690673686563969 0.2884970010108320874367242303559777383270557038486004 0.2264254854657075836872658428089444271336105884984136 0.3850925844147916286006397279528812305215978994965553 
16000 0.04442948423664104013489041175577476394664699910208583 0.0356339146994109874178133928745992875519732479006052 0.09372257532979370361480176560009525132954877335578203 0.2803239982288526713357593861397631940235442016273737 0.2211285398483283510916034067528279649650357896462083 0.371600818185181765163083156267020967788994312286377 
17000 0.04267495478405719275968540661614358810993508086539805 0.03486151404514002507449782833348628230396570870652795 0.09115660384816131039248388034934578172396868467330933 0.2744490196078437263917711858018932957747892942279577 0.2149077340352185422236823419961382342080469243228436 0.362877780620732526701546424852118377657461678609252 
18000 0.04174481245146009728241810396442978969844261882826686 0.03401976292889545022774737230430996959285039338283241 0.08822521418259381589241146723323616640755062690004706 0.2679657947271376921985572977513712089603359345346689 0.2076540703809456016727501281859957771303015761077404 0.355594419673954775931246433118282368468499043956399 
19000 0.04051909850549508902969116259928927803457554546184838 0.03297405977867508137233755471928731139996671117842197 0.08609015636307291628547379638836112292210600571706891 0.2627777973907137798242547588323247964581241831183434 0.2004680414191701622603561383506587390002096071839333 0.3424560916014649005205579268551474569903803057968616 
20000 0.03969012230256452180632894405354349487424769904464483 0.03233023591785479235416423879345693137565831420943141 0.08472976763653908560951655976056784425054502207785845 0.2578940064437165676544238407386089306783105712383986 0.1969927846751528583855907900135306931588274892419577 0.3346523224953133721114913873284635315030755009502172 
21000 0.03880283678403224702392745534829110454211331671103835 0.03182318427540334027602258321065775703573308419436216 0.08302301751800430164345478631360286669860215624794364 0.2529742287902244421817291031295837910874979570508003 0.1960666990965542739690967780075148141349927755072713 0.327530254171930327369019822492113291900750482454896 
22000 0.03795424770463677075036258018458923402249638456851244 0.03075355473752682083990190719385848794331650424282998 0.07997630715392561515358210710857633785053621977567673 0.2477526764168027216159954223551054042218311224132776 0.1905635397431516726569466352314563550862658303231001 0.3185560544209089012712872446275724769293447025120258 
23000 0.03713216047740840052460587622507048877196211833506823 0.03016937456777120876044197272936031595236272551119328 0.07768463407875179135825662382619505308412044541910291 0.2454987829473181937923282822100468081316648749634624 0.1839842053114663869578136387583633393205673201009631 0.3101902459517172280778745524498773988852917682379484 
24000 0.03609591814434462716902878715030666967322758864611387 0.02945809630255718298186187048548489997301658149808645 0.07714401436048244959276139198767197058259625919163227 0.2414248292327739346186440266839312585034349467605352 0.1776191803825369884979037612970920179122913395985961 0.3016004177840634866477470543699723748432006686925888 
25000 0.03539338213402289772872258595548533577357375179417431 0.02883484669556485450583123604506585735407497850246727 0.07582637434546768855677788961910934517618443351238966 0.2347230931708630195906169213504455228758160956203938 0.1760815267855444428988023752857827730622375383973122 0.2973467222435748079411091393531307858211221173405647 
26000 0.03483152761505640045914720080710846872307229205034673 0.02841553868773112418885347981584166277002623246517032 0.07433201538676464931984554443400448064949159743264318 0.2323208618609228467467592987860669495603360701352358 0.1715701971508046780285705948387864339110819855704904 0.2903911325119674860658573051219732974459475371986628 
27000 0.03402295375653387516945999960449320553834695601835847 0.02803889931430376519896950984755967795081232907250524 0.07324979311656949192024888134477933476773614529520273 0.2261474729277305423198523789962699481748131802305579 0.1690692396333323396567446805782708452170481905341148 0.2886951174091344835730479911894974520691903308033943 
28000 0.03359565607414460853996532145593345575207422371022403 0.02736388848581927457069313137233423915972707618493587 0.07144998856329797165185240687135248549566313158720732 0.2235650186410150387351881626218919052462297258898616 0.1673030212046768580949097915411272197161451913416386 0.2853160292612041852914044753886102512296929489821196 
29000 0.0328833424352825626820612248124575671681668609380722 0.02700708000992812106560709943525733223168572294525802 0.06956670881829027262767840139590092007892963010817766 0.2205583572225669320403121723139783227907173568382859 0.165274737323625374790987165030120564779281266964972 0.2817309822139581375810210572829817010642727836966515 
30000 0.03236872473172423421745196904508734547789572388865054 0.02660721387027406500382033151946847837621135113295168 0.06882670290566523351577770534204248065179854165762663 0.2159445988316678002888080942223147928871185285970569 0.1630550773857492622917215313593786163437471259385347 0.2772059328634872039389368258976986680863774381577969 
31000 0.03134735534647056294198772842529709947712035500444472 0.02587468770597823118477260467829026424624316859990358 0.06817578006511491740517178286595800784652965376153588 0.2113069278021093167906508530906606324606400448828936 0.1591019411287212558984245289184222826861514477059245 0.271772102527399877152725418683054670054843882098794 
32000 0.03112861964762863065960506181450995200066245160996914 0.02521127126555554154314746102133470984085761301685125 0.06709961590981444376073942678639916437077772570773959 0.2089566694313330872669835086563594472863769624382257 0.1553892069898982583760465442379583578258461784571409 0.2659152233394877499670326537195563787463470362126827 
33000 0.03085689360455860437797950997229623482098759268410504 0.02475346957800893253653137099368208851046802010387182 0.0665823754048429967982878838195226478546828730031848 0.2085961682504685516285295593386095447385741863399744 0.1528290462924644538695575710085527987303066765889525 0.2598597085699302880359810863364344868386979214847088 
34000 0.03019656956459327776334008574393719115391832019668072 0.0245270928427912841109711106907242950114778068382293 0.06514881748301246900344739498844859326709411107003689 0.2051734031773728499331403696270825776082347147166729 0.1495926879509341614218984745088292243053729180246592 0.2546219859844073235370914137787323738848499488085508 
35000 0.02956908530340773186195139736465176127921949955634773 0.02414060575419381336150675184532010675297897250857204 0.06404339679137295120576979165494257983937131939455867 0.2026533952882477680529013652765968345192959532141685 0.1480561759813445645169414921493711290167993865907192 0.2515926112912792693291144652256718927674228325486183 
36000 0.02923869332787185839692546511503490336281174677424133 0.02377415745968440176378721085531653400835239153821021 0.06327623629471787870901661188227649290638510137796402 0.1989596361914242842746465209091688564058131305500865 0.1454714022066385132328980231419812696458393475040793 0.2480831307450245936784688494114448076288681477308273 
37000 0.02852353060178917120783567782510425914210827613715082 0.0234192641608371349232030475193133689515434525674209 0.06203476664261619474930462350692472739410732174292207 0.1964386408011925882279068503177832383244094671681523 0.142576043690801442174174475108205939477556967176497 0.2450410467729052524718654990087962630695983534678817 
38000 0.02830235381287333925268698883032092439293592178728431 0.02319721611836131823527443369947764750804708455689251 0.06137761954807950957923104451374740619939984753727913 0.1964416063452075026122753409474341879104031249880791 0.1419279956263614842339269156434866658855753485113382 0.2388479641964900858483369233686843813302402850240469 
39000 0.02800960311879862071200687160393849595152460096869618 0.0231144918908774891478410647496777308163018460618332 0.06069565777980667158726050397499207633700279984623194 0.1920031577178083056697821540126369654899463057518005 0.1390046705010039797181103926604350817797239869832993 0.234910025491883722468318580756108104878876474685967 
40000 0.02738628812207112450654168233493690465252257126849145 0.02280503685300124023466812779592505222581166890449822 0.05981103141164457232030688196844359083570452639833093 0.1900815240139139029737968752953314321985089918598533 0.1391634692697982947855823640526118367688468424603343 0.2317798952862194056224413168942888319179473910480738 
41000 0.02736381409068075384996608992449473873875831486657262 0.02260444655189740842987275969144800313870291574858129 0.05960473621707111907525424368547994902201025979593396 0.1884790308676123306628026957132426844054862158372998 0.1368359287481870825828236121202152730802481528371572 0.230878937716982363055661167661192223476973595097661 
42000 0.02717837455022817774784402861110166327307524625211954 0.02230344285857450353237926669869306550708643044345081 0.05920717785272183962869585634181124333963452954776585 0.1863061027356217379084835084057658605161122977733612 0.1350069616495517260538247045209558905298763420432806 0.2280276048418444176808230969277779820458817994222045 
43000 0.02682008703335874245274837984059912443512985191773623 0.02216112160261330483586816007812725359826799831353128 0.05834280449247208604076318783082655272664851509034634 0.1847212436127356175081821315631103175292082596570253 0.1336677739393081126362868710222286949829140212386847 0.2265317418453250209516448149260625655188050586730242 
44000 0.02657910460714734709021869751843780704803066328167915 0.0220304569804178043349588604973843253276299947174266 0.05797545661735894248812214595012459739109544898383319 0.182934712417463309742189300766135318099259166046977 0.131730892169237706786077968246218006242997944355011 0.2238515470446506423052692238973016003455995814874768 
45000 0.02618974655405678870760568903441889432315292651765049 0.02178162304170064876367943901280810337084403727203608 0.05795224284829460290245054139568470219501250539906323 0.1802201842992187554969973212193323774954478722065687 0.1305950369744698479491495229920516862875956576317549 0.2224962289363440273715077921679039718583226203918457 
46000 0.02581552587259058610221948946994441342894788249395788 0.0214166481653862479886965769840245776833853597054258 0.05694509630342005738559978296475794223852062714286149 0.1771784768630591098986402573411957916960091097280383 0.128231213135128309425986650738060745879920432344079 0.2196172083282898381125739645236549790752178523689508 
47000 0.02546390878719298254438739396998681030481748166494071 0.0211357273085259279773442595007360012004937743768096 0.05628395211306538248400557419848233564607653534039855 0.1738963489390802024623381219492479488053504610434175 0.127190308949516645698049263635276417971908813342452 0.2196311228712708070047497990739948647842538775876164 
48000 0.0249298863378953216761934556094937320835924765560776 0.02099728620148685701650545683272230945703995530493557 0.05594071876270154067498367907174117164004201185889542 0.1729100814861715901336446793434831192826095502823591 0.1262750530195290273662326804848810013481852365657687 0.21652501552323340164448676331554466401030367705971 
49000 0.02458285444712287012947551402552992527716924087144434 0.02084670796406192783022028481437759594996350642759353 0.05511779429007140893690568951568398148310734541155398 0.1710404254511788272246708766943790180903306463733315 0.1251685853833265812511945855312056607999693369492888 0.2134239387237250737882829354497005169832846149802208 
50000 0.02418667691253701337019625227514607601619900378864259 0.02059933865429940094301760385858690582949748204555362 0.05463254764594899793033085100280032975206268019974232 0.1697683414491589419894647383646457683425978757441044 0.1244251476957468372720370074213658284634220763109624 0.2102442822363814873794837095877241495145426597446203 
