1000 0.1505048907385281965423283120908415355643228394910693 0.1511572810381601173726658082774321201213751919567585 0.4007505399041787902945400967613664988675736822187901 1.221073076076645642180570905388492519705323502421379 0.8432094800070839857330552702396886388669372536242008 1.667783846579302077929411740608856007384019903838634 
2000 0.1072316963202279772496934226455600480676366714760661 0.1051514153678139213999318327119603111441392684355378 0.258819451169394860404887603877455148904118686914444 0.8512593774988367028157092153417551116945105604827404 0.5983266330407975755857966082551513409271137788891792 1.243695452506083040612391843460216023231623694300652 
3000 0.09081409421618325189458657484276038474035885883495212 0.08406000252239191944169998879643479483547707786783576 0.2093261905564788332752149471738256636399455601349473 0.6861134933790402905978179914914250048241228796541691 0.4967328017574335995826771694705570325822918675839901 0.97521779830822531432961766673095382884639548137784 
4000 0.07705658800770051224316619167820086033771076472476125 0.07245097518617314628181728247691140154529421124607325 0.182047067967651978153808406402092145981441717594862 0.6285378257979720610171617267702970366372028365731239 0.4231773143989921640148108017420724991097813472151756 0.8019828368510585046326222258272764520370401442050934 
5000 0.06954581619937412914443783037987678596891782945021987 0.06534519592439039315168647012455060973934450885280967 0.1635113031802965463678851271156489133318245876580477 0.5477882273226189766349158993818946328246966004371643 0.3846418648575942849374750126534294736302399542182684 0.7030291711988574867176621241426914821204263716936111 
6000 0.06234009959418741593181224891484504269101307727396488 0.05996083633712183809418559167492279726729975664056838 0.1510003914807832125068252221433695581254141870886087 0.5006320436220126914549088947836708030081354081630707 0.3569339467163452637771172554215226568885555025190115 0.639120357275140457990400544296960561041487380862236 
7000 0.05896683670203722771029097339534619237610968411900103 0.05514866150942435911618184386784324857444516965188086 0.1380995245483912772305667635008852300870785256847739 0.4573003647018194996090156151380412552498455625027418 0.3241868786667643168996223029809655713506799656897783 0.5874208875746833227043941505485236120875924825668335 
8000 0.05405127945850322991445621213790762027429082081653178 0.05193781470590856435423448254906642063133404008112848 0.1297914615801897909917825973957761220844986382871866 0.4202703738070634014703432640436275846695934887975454 0.3078899992766444388921955044313705229797051288187504 0.5444160817170487546255708277698204256012104451656342 
9000 0.05045665704299461390414365674628172087068378459662199 0.04909408393294430932116828580902279099973384290933609 0.1227450223603001682018453014078041007905994774773717 0.403422262775127958513068232582199357239005621522665 0.2967154491336074966032886751632346999940637033432722 0.5132448576595719294795444609391665835573803633451462 
10000 0.04763178418244973560396614449541363711659869295544922 0.04622154340059195852898933642993739567828015424311161 0.1161630867170689905020267672364209232682696892879903 0.3833540560997134734029598984728082200490462128072977 0.2835147196564320938745856065521522282324440311640501 0.4873714098020952897719927643382931137239211238920689 
11000 0.04544741256520551674112987083908876684290589764714241 0.04385667959674433620209069335793561350556046818383038 0.1126430753413584069262394320165565630986748146824539 0.3604817908724399896024884887291150903365632984787226 0.2691760311156011544202366903011380827592802233994007 0.4666112320433867350028076664836262921198795083910227 
12000 0.04311991866335329411891543784085545354400892392732203 0.04193166413451449361509152866100968992668640566989779 0.1076731266822661532318330078472623512197969830594957 0.3412761674092791924436680189858250855650112498551607 0.2583891718230059829797956583163909272116143256425858 0.4420334506789185668854981481334931459059589542448521 
13000 0.04135939535848225794372715231894677145874084089882672 0.04085380740988837635510144523365294588757024030201137 0.1025892472249396458421999249466249892748237471096218 0.3282778095470713548853242819136610819441557396203279 0.2488464723207550773466465582339779416543024126440287 0.4237331275051904235645627849748962034936994314193726 
14000 0.03964225552716919071099817110936935904419442522339523 0.03962867920497244418742287426493664526105931145139039 0.09920112462246375931710544796016115753900521667674184 0.3159911185460536751272789257605211332702310755848885 0.2381625455225193958516422682025748258638486731797457 0.4005101065134123975331349037931616408059198874980211 
15000 0.0377778092575613207148037177990351764833576453384012 0.03817879547868516925478274588734439731751990620978177 0.0947261499497428532520141956918546810584302875213325 0.3095765410184315616728446818317621591631905175745487 0.229088614375081320697138953512705938919680193066597 0.385537687495046019133275103096814007130888057872653 
16000 0.03687654741295747943280610402216890264526227838359773 0.03664635295136403530920029582296226777771153138019145 0.09243475528447983133886961884528865596166724571958184 0.3044424294238506433049780419697327715766732580959797 0.2215294323555496492809480449381887012805236736312509 0.3695880889947107492024373776029477767224307172000408 
17000 0.03552062411617359040578480178229625607855268754065037 0.03563055167849499164716645799311223186123243067413568 0.08990678108382313252401217204545780248281516833230853 0.2900556182041786710418002775968560058572620619088411 0.212287227570121483214197165290126889658495201729238 0.3583057087448869304502352406416321173310279846191406 
18000 0.03453335878491507459836572062339410393860816839151084 0.03413402073701657875900820904302435110366786830127239 0.08673491011137837621160868659120346535473800031468272 0.2814950913558969044917564689134437116990739013999701 0.2040791607094454034238874273743391540847369469702244 0.3478537663056871798443643595266649981567752547562122 
19000 0.03366330756020503612728532807918391256407630862668157 0.03339536707088304370426995459908425800676923245191574 0.08417114401736071141333023551411862683835352072492242 0.2752221351810715041638286115777134455129271373152733 0.197827229059971478343483118622625482885268866084516 0.3369371666240545486713242606668927692226134240627289 
20000 0.0328531499155195075004200645080176812484751280862838 0.03266731968333883176860716474054768809764937032014132 0.0814076391657060740829755622616215049447419005446136 0.2699604341897570695301203369531606313103111460804939 0.1937942329316589520806900920346649286329920869320631 0.3274084252439646148646456430553186578435997944325209 
21000 0.03225281658534615793936569522193380521457584109157324 0.03149475565069011657529638760488754911648356937803328 0.07893709628621623702936314220801605756605567876249552 0.2653290096823476452319624796505337371854693628847599 0.1897035160215590923835776715478118603641632944345474 0.3184331180797710060190186531769995781360194087028503 
22000 0.03155465606845384825688877357408035351227226783521473 0.03064005739197641423664860045594782178568493691273034 0.07593903686202619988785842905509859690482699079439044 0.2578249543033745672885453936729049928544554859399796 0.1864885827131179530497494256646717758485465310513973 0.311175548580866306988459285554071698243205901235342 
23000 0.03131284572601794386596005086154104191109581734053791 0.03023888674634389648574221351462476548022095812484622 0.07475268126326978584896172652651813450574991293251514 0.2526580854459215492243025213969787046153214760124683 0.1851073032097573079325994460653248552262084558606148 0.3077611672867427947434745827415270014171255752444267 
24000 0.03043800295902882974176926512976937289067791425623 0.0296114651622727186303758121349583021242324321065098 0.07335062353688393465086679465225749652290687663480639 0.2438976705163154509031775418748111405875533819198608 0.1811243196578527037897106757857734748995426343753934 0.3017324835733515310249967800171333465186762623488903 
25000 0.02989506411643192538355178356629382463438560080248863 0.02882885381603081337272356538675710524444184557069093 0.07245123831136745326411772311070436103364045266062021 0.2403233156806158869045605616654448510871588950976729 0.1795732855085559794293447247182093917672318639233708 0.2971502592986032198160185890944973152727470733225346 
26000 0.02894575305911583739622891086468170485090922738891095 0.02817708087179307894552349016137338111320786993019283 0.07139191910617575239446277318711153725416806992143393 0.23492881781351627616715241342326692119968356564641 0.1772429329445181309940016492476821952095633605495095 0.2894016310163976091304922910740771158089046366512775 
27000 0.02874647881372766706186956762320017233491853403393179 0.02800388759405974062581133523369691928905922395642847 0.06973547217852953944016054788068714742621523328125477 0.2281189961861105839209225634722777442675578640773892 0.1725662453966737222977971544235487044716137461364269 0.2849553141288972407251141316653075818976503796875477 
28000 0.02808952595177858729708097497435037581681172014214098 0.02740106701197602967038670623151075389500874734949321 0.0692327345819417428729176770818565245235731708817184 0.2234721201140358691060883861156938223757606465369463 0.1677405458404973465384377173670316096831811591982841 0.2754261842099851142877126736197013201490335632115602 
29000 0.02749964304227947220847082677314121568201699119526893 0.02712006097195216769637365634287862192763896018732339 0.06848107997343535356313520140458805940397724043577909 0.2191773552850165065070944456215862317094433819875121 0.162704551571974932811849058611475271618473925627768 0.2723522956425212743561403705427892418811097741127014 
30000 0.02713767402998641378146645834062988811297145730350167 0.02641672512452702481338935678462087608409092354122549 0.06749329383656165312128276737024812348408886464312673 0.2130081387473534182034435799368843333922995952889323 0.161409203384765268361896416171585855181547231040895 0.2687482319684343969870207735617384514625882729887962 
31000 0.0265805473017180633863479040715493972868443961488083 0.02572026011225873338187860889930691499216663942206651 0.06657376177686358914001221037670674718356167431920767 0.2085950829756561687559641288247647139542095828801394 0.1578574163680280558727563391951953519765083910897374 0.2649597195006361617967364369130578438671363983303308 
32000 0.02624293337229602235166799062415776688794721849262714 0.02544891287383617843777120284820547624349273974075913 0.06567610156242138951172317151705470905653783120214939 0.207356571719934357691671363010943451854473096318543 0.154941632097138194223799601001445580550353042781353 0.2593547763576720513770904746886358793744875583797693 
33000 0.0256000727835329753014987014606007598160886118421331 0.02497978401838904480121374314383064785261012730188668 0.06462282330483300848598341575845793727239652071148157 0.2049438177590960804386839219648486221103667048737407 0.1524770463743194568248398926280096077334746951237321 0.2565452446863014703546442690784701312622928526252508 
34000 0.02512194436081868484849982312012706131554296007379889 0.02496507299788921764031239623055080656399695726577193 0.06425813274094151141842658561675882822328276233747602 0.2007509476324107499690951872395316968322731554508209 0.1503277141282257212926169384625829650303785456344485 0.2505763625339452152127571460393795632626279257237911 
35000 0.02488023943825200923847182354897711320518283173441887 0.02458065459945288857360461576978538644766558718401939 0.06310226492952536516556219861606713550372660392895341 0.1999783744323352302415001610635947315586236072704196 0.1480585873141571656859925842919523120144731365144253 0.2470627089467080901786155341937067930757621070370078 
36000 0.02431199426734807858438381852894671908416057704016566 0.0240981226214808190287273645391330489928805036470294 0.06173967359417141175187502405430350904680381063371897 0.1958655780844274387061595965597859958506887778639793 0.1472977840444627246305501697132278593471710337325931 0.2439480926371705697837909132541511780800647102296352 
37000 0.02414024061952772738144255490477796399773069424554706 0.02366718758444051741504502491680872466872642689850181 0.0611193501587553673929850955176545923563935502897948 0.196016735021522356239740900174517435061716241762042 0.1455906029871232523916456391699369987691170535981655 0.2385935694511893679064379325538425291597377508878708 
38000 0.02342946840984793744814109264784640629386558430269361 0.02348020249506159955070526499515404239559757115785033 0.06024964472632224023244907826213356827338429866358638 0.1927311836288332917477327324573543876340409042313695 0.1434798065188488253425764043513801482276903698220849 0.2361341347289629140457530021013354826209251768887043 
39000 0.02294319996078840205168771805566141352983322576619685 0.02318100999685548963448607998755202075358283764217049 0.05963173075564831888029267148443324231266160495579243 0.1910054436050114209537159268292860758720053127035499 0.1427216979925065863980208208383615442471636924892664 0.2318422824893490207854608586846012485693790949881077 
40000 0.02276675408594939655633449752253349984698616026435047 0.0226855688219469985315770305112081928200495894998312 0.05860513352250074561454636079549374017005902715027332 0.1879087922227850974298988748212302368756354553624988 0.140386869533452489605500346225852581483195535838604 0.2296926908665189710854331872624811694549862295389175 
41000 0.02256830087140709562700338370461183856718889728654176 0.02247283286105323323023595649683414876562892459332943 0.0578933853965099743119147434472493429780115548055619 0.1857681595567948052804933822823585387595812790095806 0.1384259310412268070817178380882417343400447862222791 0.2261237183923492236655578002668676163011696189641953 
42000 0.02247452914641095220482137646139664255429124750662595 0.02214990596243142980531493080320615263190120458602905 0.05715256263332614894488552248486001872151973657310009 0.1840093587643013324105147748843691601905447896569967 0.1379432585770737344397444262833474226681573782116175 0.2264195374974534949886334489477235365484375506639481 
43000 0.02228963635759378945604548653836030069896878558211029 0.02181828037836359570575970115435815444016043329611421 0.05662273323597451016444626406554085917832708219066262 0.181211423027669447447375421222925950814897078089416 0.1360508651249224333667272451853236248098255600780249 0.224168609570538750764005959947855473046729457564652 
44000 0.02226180907486361835689284323358538841830522869713604 0.021601646648008581516229534985606974828442616853863 0.05605793530248245706113668397618798877601875574328005 0.1799662962156900717112595691760112970314366975799203 0.1343429137679431911874504412818254195371991954743862 0.2217713163179654797840020113985914917975605931133032 
45000 0.0220528397670593053121225468604649222470470704138279 0.02130054360381125882932323249013828458942043653223664 0.055605539905365959005279202082006051455209671985358 0.1778088930930244667311416681410030093957175267860293 0.1330523204273062166599645578246580157610878814011812 0.2198211583885273462201205910138135379838786320760846 
46000 0.02188338147892674874812218334396707319911001832224429 0.02104961060484529274857150478450495967308597755618393 0.05455439343206413908680561461461699934716307325288653 0.1771849625043416369011900143859428169434977462515235 0.130983804035758336230840619129889290661594714038074 0.2156887394960601754773186350400138167060504201799631 
47000 0.02166698186445172316347588473833818412117580010090023 0.02080399093678361403719008666801659757084053126163781 0.05420651733717109377674934871105261180446177604608238 0.1751948101210647584352044989208785352730046724900603 0.1312666363940518828826338471049695044712279923260212 0.211496227021495543659077194498241425435480778105557 
48000 0.0214262100552479493212294303985943066948038904229179 0.02082136510637836773393843231572120089367672335356474 0.05372887655142469376983653354951098179981272551231086 0.1728952584265791399199992117718949202753719873726368 0.1304421921083171641774726273732554204798361752182245 0.2106709894481548089883744118155917135482013691216707 
49000 0.02144408763973522129831742084882240106935569201596081 0.02067083567003101389377957633475269005884911166504025 0.05322864299060105922878067923054157262185981380753219 0.1703267723560976275505064736481841691784211434423923 0.1289376820574623292537741817143093214781401911750436 0.2073268281272779641095926894678314056363888084888458 
50000 0.02133576581012211004903717827263509576596334227360785 0.02032752214208506254064935236253175432352691132109612 0.0529826558681674991278971742492132079860311932861805 0.1698550513308041262834115203705920293941744603216648 0.1280595378972933489475621166020502528226643335074186 0.206636577639725899552302149086990823434462072327733 
